66.38 -7.46 202 -52 147 -19.10 -48.90 -744 28 567 -10.38 -55.22 139 16 75
66.29 -7.41 229 -87 195 -19.28 -47.69 -355 -134 589 -10.52 -55.34 127 12 76
66.15 -7.33 378 -95 269 -19.67 -45.99 -357 -300 563 -10.67 -55.45 96 11 76
65.88 -7.24 599 -199 492 -20.17 -43.62 142 -330 501 -10.82 -55.56 -4 59 82
65.36 -7.05 723 -356 710 -20.91 -40.78 511 -62 -385 -10.92 -55.68 -24 81 90
64.67 -6.73 484 -200 452 -21.76 -38.03 704 84 -1240 -11.00 -55.83 4 82 143
63.87 -6.46 28 56 146 -22.38 -36.20 641 -108 -1619 -11.11 -56.00 42 138 233
63.21 -6.19 -60 127 60 -22.74 -35.05 644 -261 -1568 -11.24 -56.23 36 195 359
62.56 -5.98 -66 30 30 -22.95 -34.55 889 -57 -1511 -11.34 -56.55 57 282 524
61.73 -5.88 -177 118 -183 -23.14 -34.56 908 150 -1336 -11.38 -56.97 90 218 539
60.80 -5.94 -127 24 -250 -23.34 -34.90 644 177 -1077 -11.33 -57.50 230 33 602
60.03 -5.97 30 -84 -306 -23.48 -35.34 412 -60 -479 -10.96 -57.95 915 -192 860
59.49 -5.86 493 -256 -308 -23.66 -35.44 -28 -260 -60 -10.92 -58.21 532 -160 644
58.98 -5.60 750 -438 -267 -23.84 -35.22 -107 -83 9 -11.10 -58.47 205 127 96
58.40 -5.29 550 -461 -276 -24.00 -34.83 268 610 -469 -11.27 -59.03 -5 169 -340
57.87 -5.02 385 -431 -241 -24.20 -34.85 1511 2194 -2107 -11.57 -59.51 -333 -139 -443
57.42 -4.70 180 -248 -371 -24.35 -35.89 -218 496 -205 -11.74 -59.84 -470 -324 -405
57.08 -4.45 133 -147 -393 -24.34 -37.01 -1300 -1392 1530 -11.78 -59.99 -461 -52 -450
56.73 -4.23 216 -48 -348 -24.11 -37.36 -389 -1241 891 -11.75 -60.11 -331 95 -416
56.36 -4.09 282 19 -229 -24.02 -37.65 -157 -857 353 -11.69 -60.20 -31 -12 -363
