66.67 -5.73 -94 21 42 -26.92 -36.83 118 -698 24 -11.24 -50.02 -109 -156 242
66.57 -5.92 -166 90 17 -27.21 -35.58 186 -272 -323 -11.19 -49.24 -115 -65 212
66.45 -6.15 299 -64 238 -27.47 -34.39 354 332 -747 -11.17 -48.14 -90 236 51
66.12 -6.25 531 -162 223 -27.66 -33.28 614 789 -864 -11.05 -46.89 33 555 -297
65.57 -6.32 627 -163 155 -27.86 -32.31 1190 1409 -1018 -10.89 -45.78 87 480 -546
64.72 -6.40 384 -81 -22 -28.16 -31.86 1967 2328 -1490 -10.86 -44.86 18 224 -593
63.78 -6.58 1 102 -264 -28.53 -32.31 2910 2477 -1734 -10.96 -44.10 -83 4 -536
62.93 -6.88 -25 260 -410 -28.58 -34.32 480 -85 -224 -11.02 -43.40 -191 -569 -163
62.19 -7.29 238 81 -163 -28.63 -35.79 -1965 -1164 10 -11.04 -42.43 -216 -678 -80
61.43 -7.68 393 -113 45 -28.44 -36.64 -1615 -861 -171 -11.07 -41.20 -140 -959 134
60.73 -7.90 600 -150 69 -28.11 -37.29 -682 -787 12 -10.97 -39.78 108 -1156 252
60.14 -7.96 625 -193 141 -27.97 -37.38 -224 -932 169 -10.96 -38.27 274 -813 -115
59.56 -7.95 604 -152 126 -27.99 -37.09 367 -503 -62 -11.10 -36.92 218 -370 -376
59.15 -7.87 653 -88 87 -28.01 -36.81 795 -151 47 -11.20 -35.62 100 17 -554
58.78 -7.81 684 -202 165 -28.14 -36.61 -104 -570 441 -11.22 -34.26 69 483 -872
58.32 -7.73 389 -213 36 -28.07 -36.16 -516 -928 608 -11.56 -33.20 595 2280 -3194
57.77 -7.71 -51 -20 -212 -27.87 -35.46 -90 -307 257 -12.44 -34.52 1757 4175 -5425
57.20 -7.87 -390 172 -358 -27.74 -34.97 765 641 -702 -12.55 -37.08 -795 -600 -111
56.53 -8.30 -469 480 -503 -27.59 -35.35 1175 879 -867 -12.68 -37.45 -867 -980 98
55.81 -9.04 -266 798 -627 -27.41 -36.40 853 653 -747 -12.38 -38.09 -552 -1030 86
