61.50 -2.69 123 -12 105 -27.90 -44.11 -140 20 358 -15.74 -48.34 1 31 -18
61.49 -2.71 122 -12 105 -28.20 -43.55 -367 -161 406 -15.73 -48.32 -13 26 -8
61.47 -2.73 153 -10 103 -28.57 -42.78 -387 -130 259 -15.71 -48.31 -26 49 -15
61.47 -2.74 175 3 93 -28.97 -41.83 -201 34 71 -15.69 -48.30 9 25 7
61.47 -2.74 175 3 93 -28.97 -41.83 -201 34 71 -15.69 -48.30 9 25 7
61.47 -2.74 175 3 93 -28.97 -41.83 -201 34 71 -15.69 -48.30 9 25 7
61.45 -2.77 135 -27 116 -31.28 -37.39 303 849 -1019 -15.63 -48.10 24 -14 58
61.45 -2.78 174 -13 86 -31.91 -36.03 553 687 -1130 -15.63 -47.86 -54 -80 262
61.42 -2.80 194 -27 99 -32.27 -35.42 888 399 -1151 -15.57 -47.36 -25 29 214
61.36 -2.84 201 -61 123 -32.22 -35.72 591 -681 -444 -15.45 -46.67 -57 -50 355
61.27 -2.88 218 -84 130 -32.17 -36.04 -437 -1322 194 -15.23 -45.42 20 -233 435
61.13 -2.93 140 -71 130 -32.12 -35.90 63 -871 -27 -14.99 -43.53 -39 -128 204
60.91 -3.06 167 -86 165 -32.11 -35.83 653 -390 -314 -15.03 -41.05 -124 422 -422
60.52 -3.28 180 -102 232 -32.15 -35.75 608 -381 -354 -15.18 -38.06 -117 1056 -1287
60.00 -3.54 243 -96 226 -32.21 -35.63 270 -453 -286 -15.41 -34.97 33 1670 -2637
59.37 -3.89 165 -114 213 -32.30 -35.46 -229 -350 -313 -15.91 -33.48 774 2315 -4241
58.52 -4.36 -158 -18 1 -32.26 -35.35 -163 -130 -412 -16.27 -34.65 350 427 -1937
57.46 -5.10 -528 143 -230 -32.04 -35.46 35 -69 -297 -15.48 -35.69 -753 -2184 1458
57.46 -5.10 -528 143 -230 -32.04 -35.46 35 -69 -297 -15.48 -35.69 -753 -2184 1458
60.12 -3.14 100 -45 116 -31.59 -35.91 710 547 -501 -15.10 -36.03 173 -1316 455
