61.26 -3.03 123 4 82 -29.39 -41.53 89 139 -129 -16.12 -47.57 -17 95 12
61.26 -3.03 123 4 82 -29.39 -41.53 89 139 -129 -16.12 -47.57 -17 95 12
61.23 -3.11 67 4 99 -29.37 -41.55 92 137 -123 -16.00 -47.45 -25 44 -11
61.22 -3.18 92 -10 115 -29.37 -41.55 83 129 -120 -15.96 -47.37 13 -2 -5
61.18 -3.27 71 9 83 -29.36 -41.55 78 130 -114 -15.96 -47.19 -31 -94 143
61.12 -3.39 7 29 44 -29.32 -41.59 83 143 -110 -15.88 -46.71 -72 -185 239
61.08 -3.54 76 13 95 -29.30 -41.61 67 141 -113 -15.82 -46.01 -79 4 -11
61.05 -3.70 262 -58 178 -29.26 -41.65 65 142 -107 -15.82 -45.18 23 121 -183
60.99 -3.78 289 -54 143 -29.24 -41.68 89 124 -60 -15.87 -44.19 38 73 -217
60.87 -3.87 104 -24 109 -29.24 -41.73 79 139 -92 -15.98 -42.98 42 -83 -159
60.75 -4.03 77 -34 164 -29.23 -41.78 68 140 -122 -16.06 -41.64 -57 -320 -3
60.65 -4.19 103 -62 229 -29.20 -41.82 45 133 -103 -16.16 -40.05 -176 -434 -24
60.48 -4.31 153 -24 115 -29.17 -41.87 59 147 -78 -16.32 -38.35 -269 -253 -302
60.24 -4.48 310 -135 209 -29.15 -41.93 61 191 -33 -16.46 -36.62 -218 110 -630
59.91 -4.63 416 -205 250 -29.16 -41.99 76 193 -19 -16.46 -34.93 47 464 -904
59.50 -4.75 415 -222 245 -29.17 -42.06 92 147 -16 -16.40 -33.24 468 1066 -1585
59.05 -4.83 305 -101 121 -29.21 -42.13 118 133 -40 -16.52 -32.12 1311 2076 -3087
58.57 -5.00 161 -51 72 -29.28 -42.23 159 113 -21 -17.33 -32.92 1026 2195 -2936
57.97 -5.28 -98 46 -26 -29.40 -42.34 170 168 32 -17.30 -34.13 -897 -1077 882
57.26 -5.70 -438 269 -221 -29.55 -42.42 90 140 25 -17.20 -34.10 -444 -1511 649
