62.10 -4.22 111 5 109 -29.92 -42.32 34 352 319 -17.45 -47.64 20 28 -25
62.13 -4.23 174 -35 134 -30.05 -42.64 82 249 257 -17.41 -47.63 38 13 -3
62.13 -4.23 160 -32 106 -30.23 -42.95 59 147 142 -17.38 -47.61 16 12 22
62.14 -4.25 126 -26 96 -30.44 -43.27 -47 -120 246 -17.33 -47.54 -14 41 24
62.15 -4.27 142 -19 105 -30.99 -42.98 -734 -583 396 -17.27 -47.47 -63 65 -3
62.16 -4.28 168 -24 122 -31.74 -42.05 -767 -224 -174 -17.18 -47.38 -16 29 21
62.17 -4.28 180 -18 116 -32.44 -40.90 -77 403 -762 -17.12 -47.24 51 46 80
62.15 -4.31 131 -11 95 -32.80 -40.02 836 445 -799 -17.04 -46.64 55 68 397
62.12 -4.38 152 -27 96 -32.88 -39.51 571 -163 -217 -16.99 -45.27 192 477 -86
62.07 -4.47 164 -13 79 -32.95 -38.96 524 -382 -286 -17.05 -43.77 109 463 -309
62.00 -4.55 196 3 79 -33.12 -38.33 65 -436 -431 -17.09 -42.16 -162 129 -236
61.89 -4.69 133 -10 99 -33.31 -37.50 284 -212 -712 -17.08 -40.48 -185 -17 -363
61.89 -4.69 133 -10 99 -33.31 -37.50 284 -212 -712 -17.08 -40.48 -185 -17 -363
61.29 -5.35 -81 -1 121 -33.76 -35.98 466 71 -884 -17.35 -36.83 -182 268 -854
60.81 -5.81 -59 22 127 -33.93 -35.47 349 186 -914 -17.68 -34.86 -122 695 -1476
60.23 -6.35 210 -78 286 -33.89 -35.30 321 266 -782 -18.09 -33.68 257 746 -1725
59.60 -6.82 508 -141 374 -33.67 -35.37 574 474 -844 -17.52 -33.83 588 -121 -1103
58.79 -7.21 580 -170 259 -33.28 -35.88 481 598 -577 -17.59 -34.88 -909 -1665 609
57.78 -7.67 472 -160 117 -32.91 -36.35 862 666 -303 -17.08 -35.00 49 -1353 390
56.56 -8.32 234 -11 -35 -32.62 -37.01 720 615 -291 -17.21 -34.90 106 -952 127
