62.86 -3.80 -821 543 -442 -29.85 -40.52 -61 -312 237 -16.33 -47.25 16 33 -36
62.40 -4.72 -378 683 -457 -29.81 -40.36 -145 -358 228 -16.33 -47.25 4 31 -28
62.82 -5.35 1911 -175 859 -29.80 -40.06 -135 -332 156 -16.33 -47.25 -2 40 -41
62.76 -5.22 1901 -683 1166 -29.82 -39.72 -20 -87 -86 -16.33 -47.25 -5 30 -39
62.76 -5.22 1901 -683 1166 -29.82 -39.72 -20 -87 -86 -16.33 -47.25 -5 30 -39
62.04 -4.38 -155 -367 -180 -29.84 -39.15 55 528 -374 -16.26 -47.23 14 -160 61
62.04 -4.38 -155 -367 -180 -29.84 -39.15 55 528 -374 -16.26 -47.23 14 -160 61
61.88 -4.22 -869 -149 -491 -29.77 -38.25 552 1460 -515 -16.24 -47.07 -49 -258 107
61.94 -4.29 -448 -205 -129 -29.89 -37.71 1156 1912 -674 -16.19 -46.87 -56 -543 354
62.07 -4.20 -21 -216 243 -29.89 -37.71 2031 886 -1004 -16.09 -46.52 -39 -562 260
62.32 -3.93 245 -193 475 -29.81 -38.88 115 -687 -117 -16.04 -46.19 -37 -606 255
62.47 -3.65 -108 143 98 -29.90 -39.37 -1673 -1529 698 -16.00 -45.79 -106 -520 184
62.63 -3.59 -192 303 -101 -29.90 -39.03 -1230 -1133 490 -15.96 -45.36 -110 -224 -41
62.78 -3.70 -141 360 -143 -29.86 -38.64 149 -202 -402 -15.94 -45.09 -101 239 -328
62.84 -3.94 7 305 -123 -29.94 -38.54 722 299 -647 -15.87 -45.09 41 837 -614
62.83 -4.23 220 172 -43 -30.12 -38.47 484 312 -541 -15.93 -45.56 391 2422 -1861
62.79 -4.46 494 -36 186 -30.29 -38.37 150 85 -377 -16.50 -47.32 1399 4982 -3716
62.82 -4.54 654 -196 342 -30.41 -38.26 -121 -163 -310 -17.20 -50.58 1169 3082 -2187
62.79 -4.48 488 -243 349 -30.39 -38.17 -529 -23 -154 -16.85 -52.39 -1355 -239 301
62.80 -4.37 121 -137 180 -30.32 -37.87 58 474 -274 -15.97 -53.63 -912 -395 -83
