63.30 -4.21 179 -21 92 -29.50 -40.88 84 138 -129 -15.88 -49.01 32 -56 -3
63.30 -4.20 173 -19 101 -29.51 -40.88 88 138 -119 -15.87 -48.98 14 -58 -5
63.29 -4.20 159 -19 114 -29.50 -40.88 86 146 -111 -15.86 -48.94 9 -57 -3
63.29 -4.19 168 -5 94 -29.50 -40.87 84 144 -103 -15.88 -48.90 -24 -47 4
63.30 -4.18 191 -16 96 -29.49 -40.88 80 142 -116 -15.89 -48.83 -21 -115 58
63.30 -4.16 204 -25 85 -29.49 -40.88 86 136 -136 -15.81 -48.68 -94 -526 290
63.31 -4.13 228 -47 94 -29.48 -40.88 85 125 -139 -15.81 -48.36 -107 -720 299
63.31 -4.10 265 -66 113 -29.49 -40.88 91 129 -142 -15.83 -47.94 -90 -875 354
63.30 -4.04 242 -63 107 -29.48 -40.88 95 132 -143 -15.90 -47.32 -104 -781 299
63.30 -3.97 210 -37 91 -29.48 -40.88 94 127 -132 -15.93 -46.62 -20 -383 -2
63.31 -3.90 251 -31 98 -29.48 -40.88 84 136 -131 -15.98 -45.97 -7 -38 -192
63.36 -3.80 482 -102 193 -29.48 -40.88 77 112 -129 -16.00 -45.38 -9 157 -254
63.43 -3.58 764 -192 298 -29.47 -40.88 98 116 -128 -15.99 -44.84 -26 361 -340
63.45 -3.22 745 -247 272 -29.47 -40.88 101 78 -113 -15.94 -44.43 -40 682 -527
63.44 -2.81 403 -194 133 -29.48 -40.88 143 64 -126 -15.89 -44.24 140 1346 -1029
63.43 -2.45 101 -137 47 -29.49 -40.95 96 79 -131 -16.22 -44.64 808 3234 -2606
63.44 -2.18 -52 -115 52 -29.48 -41.06 53 85 -101 -17.24 -46.67 1700 5222 -4250
63.42 -1.98 -125 -104 78 -29.48 -41.12 55 66 -72 -18.27 -50.53 1149 2995 -1928
63.40 -1.81 -225 -42 47 -29.47 -41.14 -125 -235 120 -17.67 -52.09 -1525 -175 353
63.37 -1.71 -349 66 -23 -29.47 -40.97 -325 -582 343 -16.74 -52.67 -902 -407 -257
