63.29 -3.96 181 -41 91 -29.45 -40.56 -10 -177 -46 -15.92 -49.43 15 15 -12
63.28 -3.95 148 -29 83 -29.53 -40.20 -40 -83 -70 -15.94 -49.40 -13 -72 43
63.28 -3.95 136 -22 87 -29.60 -39.79 -40 -5 -96 -15.95 -49.36 5 -60 25
63.29 -3.95 152 -29 105 -29.68 -39.30 -94 5 -49 -15.96 -49.30 -29 -20 9
63.29 -3.94 191 -29 95 -29.81 -38.62 -190 160 -86 -15.95 -49.25 -17 -2 2
63.29 -3.93 203 -44 89 -29.95 -37.78 -83 534 -301 -15.93 -49.18 -27 -226 137
63.29 -3.92 187 -35 76 -29.99 -37.05 423 1030 -702 -15.80 -48.96 -21 -695 371
63.29 -3.89 206 -46 106 -29.97 -36.79 1076 1561 -918 -15.82 -48.56 -114 -771 277
63.28 -3.86 195 -56 124 -30.03 -36.87 1571 2116 -1079 -15.92 -48.08 -50 -747 270
63.27 -3.82 152 -47 106 -30.05 -37.34 2235 1556 -1596 -16.05 -47.43 -75 -533 145
63.28 -3.79 174 -37 104 -29.79 -39.28 643 -288 -587 -16.11 -46.75 -85 -371 58
63.30 -3.74 301 -47 118 -29.79 -40.49 -1847 -1526 619 -16.09 -46.05 -116 -360 88
63.32 -3.65 499 -65 151 -29.66 -40.49 -1370 -1560 1222 -15.97 -45.21 -202 -445 180
63.38 -3.45 711 -157 233 -29.65 -39.99 -139 -485 208 -15.83 -44.20 -204 -14 -119
63.41 -3.15 649 -189 229 -29.80 -39.70 509 416 -576 -15.67 -43.32 -42 892 -798
63.37 -2.81 401 -194 180 -29.91 -39.59 388 530 -680 -15.74 -43.05 530 2693 -2487
63.36 -2.48 159 -155 119 -29.96 -39.52 -104 124 -533 -16.68 -44.69 1578 5436 -4993
63.36 -2.19 127 -114 111 -29.92 -39.48 -427 -400 -308 -18.06 -49.01 1819 5927 -5225
63.35 -1.92 81 -109 111 -29.77 -39.34 -627 -282 182 -18.35 -53.17 -1660 336 1576
63.29 -1.72 -19 -108 124 -29.67 -38.94 31 185 -5 -17.21 -53.91 -1295 -24 650
