63.56 1.74 -1695 569 -549 -26.41 -43.96 -531 -1945 735 -15.59 -52.08 73 111 51
63.65 0.97 -1572 654 -556 -26.67 -42.82 -381 -1584 464 -15.59 -52.58 82 38 53
63.55 -0.16 -1984 800 -828 -27.06 -41.79 -110 -470 -206 -15.60 -53.28 99 35 49
63.90 -1.50 -254 594 -10 -27.26 -41.01 388 813 -855 -15.65 -54.07 6 152 78
64.74 -2.24 2923 -706 1688 -27.29 -40.39 630 1751 -1270 -15.67 -54.79 -77 255 103
64.55 -1.91 2667 -895 1382 -27.21 -39.76 560 2016 -1193 -15.59 -55.48 -20 143 122
64.02 -1.28 1251 -642 291 -27.09 -38.96 774 2230 -1184 -15.52 -56.30 53 -140 76
63.69 -0.85 -187 -378 -452 -26.85 -38.40 1106 2671 -1366 -15.51 -57.25 -33 -809 391
63.63 -0.83 -530 -246 -483 -26.84 -38.17 1615 3144 -1664 -15.41 -57.85 -291 -1963 861
63.70 -0.97 -203 -333 -26 -26.83 -38.94 2181 1051 -1630 -15.41 -58.02 -237 -2296 690
63.61 -0.96 -141 -265 213 -26.70 -40.52 -640 -1697 587 -15.68 -57.91 -188 -1825 309
63.57 -0.81 -194 -85 264 -26.82 -40.71 -2700 -2782 1617 -16.13 -57.67 -205 -482 -97
63.66 -0.67 -373 236 -42 -26.61 -40.11 -899 -1857 964 -16.38 -57.65 -27 994 -322
63.79 -0.75 -449 476 -298 -26.57 -39.84 517 -412 -239 -16.34 -57.84 -111 2208 -440
63.98 -1.05 -355 435 -258 -26.69 -39.80 558 -58 -434 -15.99 -58.28 23 3374 -747
64.07 -1.44 -216 278 -146 -26.92 -39.66 33 -106 -267 -15.48 -59.35 185 4257 -1124
64.05 -1.91 -177 143 -44 -27.11 -39.37 -285 -33 -160 -14.90 -61.53 937 5697 -1927
64.02 -2.42 -85 38 85 -27.23 -38.97 -428 -16 -89 -14.66 -65.08 1908 6409 -2199
64.03 -2.90 185 -21 212 -27.22 -38.39 -292 429 -54 -14.05 -68.29 -1802 903 2274
64.07 -3.25 517 -76 324 -27.18 -37.93 469 959 -432 -12.63 -69.10 -652 260 740
