64.01 -3.50 235 -16 82 -27.42 -41.88 78 142 -120 -15.04 -53.03 -17 38 -24
64.02 -3.45 282 -25 104 -27.41 -41.88 85 150 -119 -15.14 -54.10 -46 137 38
64.01 -3.40 187 10 49 -27.40 -41.89 84 134 -122 -15.15 -55.19 -46 204 89
64.00 -3.38 144 14 61 -27.39 -41.90 76 108 -121 -15.13 -56.23 -48 236 150
64.01 -3.35 238 -62 155 -27.39 -41.90 74 101 -130 -15.10 -57.21 -18 221 163
64.01 -3.28 279 -85 166 -27.38 -41.91 89 93 -134 -15.11 -58.17 28 218 142
64.03 -3.16 300 -84 127 -27.36 -41.95 145 101 -152 -15.19 -59.16 6 237 183
64.05 -3.03 313 -79 107 -27.37 -42.03 94 135 -118 -15.28 -60.16 58 216 244
64.06 -2.89 261 -75 97 -27.37 -42.08 69 159 -101 -15.28 -60.94 -21 -524 481
64.04 -2.75 127 -50 67 -27.35 -42.14 68 111 -116 -15.30 -61.66 24 -812 324
64.04 -2.65 50 -52 73 -27.33 -42.23 105 56 -146 -15.45 -62.29 -144 -1048 333
64.06 -2.56 46 -55 102 -27.31 -42.37 71 72 -123 -15.63 -62.81 -152 -596 242
64.08 -2.48 130 -84 149 -27.23 -42.65 128 91 -128 -15.79 -63.25 -6 182 196
64.12 -2.36 235 -88 154 -27.20 -42.87 90 80 -116 -15.86 -63.62 14 968 156
64.14 -2.20 346 -73 119 -27.12 -43.17 44 135 -93 -15.74 -64.14 116 1967 -181
64.15 -1.98 496 -58 98 -27.01 -43.49 -22 164 -89 -15.56 -65.29 638 3553 -912
64.26 -1.68 886 -201 256 -26.88 -43.74 -95 118 -16 -15.47 -67.20 687 3998 -759
64.32 -1.18 1067 -340 388 -26.76 -43.86 -169 22 35 -15.03 -68.96 362 1742 169
64.23 -0.54 763 -358 303 -26.67 -43.86 -164 21 -10 -14.52 -70.53 -686 -832 1301
64.03 0.09 62 -229 49 -26.61 -43.78 -110 4 -34 -13.95 -71.22 -148 -774 531
