63.75 -3.88 104 13 100 -26.04 -42.66 -427 -717 387 -14.33 -51.42 13 -1 -1
63.75 -3.88 104 13 100 -26.04 -42.66 -427 -717 387 -14.33 -51.42 13 -1 -1
63.82 -3.87 247 -6 101 -25.74 -42.01 53 -105 -21 -14.39 -51.66 35 49 26
63.84 -3.85 285 -9 82 -25.61 -41.70 196 513 -312 -14.45 -51.78 9 38 13
63.84 -3.82 242 -9 85 -25.55 -41.29 391 1425 -548 -14.51 -52.14 104 -4 -85
63.84 -3.78 192 -16 98 -25.53 -40.78 916 2309 -899 -14.63 -52.74 130 -157 -51
63.86 -3.74 166 -18 99 -25.67 -40.32 1321 2696 -1331 -14.82 -53.69 232 -272 -127
63.90 -3.69 202 -20 96 -25.75 -40.48 1330 1796 -1449 -15.09 -55.15 297 -465 62
63.93 -3.63 253 -17 87 -25.75 -41.35 -564 -707 -96 -15.39 -56.67 104 -805 429
63.96 -3.57 205 -16 79 -25.80 -41.39 -2123 -1792 698 -15.67 -57.93 -223 -566 364
63.98 -3.52 155 -2 72 -25.55 -40.87 -831 -1074 210 -15.92 -59.14 -85 -197 163
64.02 -3.47 231 -9 115 -25.30 -40.57 385 -343 -310 -16.11 -60.52 8 5 127
64.06 -3.37 373 -82 189 -25.30 -40.41 420 -384 -157 -16.21 -62.02 -123 688 71
64.10 -3.17 531 -108 194 -25.44 -40.19 115 -607 96 -16.09 -63.48 -90 1755 71
64.10 -3.17 531 -108 194 -25.44 -40.19 115 -607 96 -16.09 -63.48 -90 1755 71
64.21 -2.54 576 -211 200 -25.83 -39.48 -324 -180 -157 -15.02 -67.25 723 4662 -290
64.25 -2.13 703 -253 238 -25.88 -39.09 -486 186 -183 -14.52 -69.72 76 2309 376
64.24 -1.63 809 -282 275 -25.93 -38.54 176 726 -410 -13.82 -71.13 -1418 -795 1552
64.16 -1.03 601 -272 226 -25.97 -38.34 579 1105 -654 -12.91 -71.97 -778 -1213 458
64.07 -0.41 389 -209 140 -26.00 -38.49 654 1186 -737 -12.38 -72.48 -482 -854 126
