64.10 -2.08 -39 -59 139 -23.98 -48.28 5 312 26 -14.69 -56.34 229 4 72
63.51 -2.55 -71 27 18 -24.17 -47.57 -136 73 178 -14.97 -56.27 151 -4 31
62.75 -3.02 154 85 -75 -24.49 -46.59 -393 -257 253 -15.24 -56.26 50 -5 34
62.03 -3.39 630 -21 129 -24.84 -45.32 -384 -398 237 -15.49 -56.24 -1 18 26
61.28 -3.60 877 -116 322 -25.24 -43.80 135 -128 -39 -15.71 -56.23 -33 63 55
60.41 -3.75 724 56 159 -25.75 -42.11 359 362 -529 -15.85 -56.24 17 90 97
59.49 -3.96 656 298 -82 -26.32 -40.29 459 651 -1049 -15.99 -56.27 -5 81 118
58.53 -4.20 651 348 -139 -26.84 -38.77 614 486 -1219 -16.11 -56.27 -42 79 99
57.53 -4.51 379 440 -278 -27.21 -37.70 464 283 -1165 -16.20 -56.29 -72 93 112
56.73 -4.91 351 524 -327 -27.43 -36.90 -9 200 -851 -16.21 -56.34 -139 120 97
56.01 -5.35 259 513 -372 -27.62 -35.97 90 171 -347 -16.10 -56.44 -184 186 126
55.23 -5.77 -234 661 -700 -27.82 -35.06 -127 -200 65 -15.85 -56.61 -159 170 116
54.61 -6.43 -675 681 -966 -28.01 -33.45 -428 -640 526 -15.58 -56.81 -84 40 108
54.11 -7.43 -640 329 -291 -28.28 -31.36 -382 -656 238 -15.34 -57.02 180 -152 245
53.94 -8.38 410 -326 484 -28.50 -29.22 360 35 -814 -15.21 -57.13 286 -142 307
53.85 -8.96 1148 -918 1094 -28.46 -27.94 1697 889 -1797 -14.80 -57.10 262 -83 421
53.92 -8.93 1187 -803 838 -28.29 -28.39 2782 1876 -2854 -14.63 -57.02 50 -46 251
54.08 -8.73 1078 -632 486 -28.27 -29.86 -903 -481 71 -14.45 -57.14 -9 -467 99
54.29 -8.40 691 -454 11 -28.33 -31.02 -28 -1042 407 -14.41 -57.37 -182 -561 38
54.70 -8.00 186 -489 -137 -28.13 -31.40 91 -1473 531 -14.31 -57.46 -240 -327 180
