64.89 -5.97 162 -15 83 -24.87 -44.32 79 114 -104 -12.07 -49.90 25 -59 79
64.89 -5.97 202 -30 111 -24.86 -44.34 63 119 -103 -12.03 -49.69 -38 -218 276
64.88 -5.95 173 -37 105 -24.81 -44.41 71 138 -106 -11.92 -49.20 31 -106 116
64.85 -5.94 133 -44 107 -24.78 -44.47 65 128 -87 -11.93 -48.68 70 -13 103
64.81 -5.95 98 -50 93 -24.75 -44.54 76 106 -88 -11.95 -47.97 165 -146 168
64.74 -6.02 96 -31 96 -24.73 -44.68 51 73 -78 -12.06 -46.94 46 -275 209
64.66 -6.10 193 -84 166 -24.69 -44.85 71 106 -50 -12.08 -45.64 -22 -283 145
64.55 -6.15 179 -40 68 -24.68 -44.93 56 124 -63 -12.06 -44.08 -220 -350 74
64.39 -6.22 220 -45 59 -24.65 -45.04 60 141 -74 -11.98 -42.34 -284 -377 -79
64.17 -6.30 135 -21 14 -24.63 -45.13 88 134 -69 -11.89 -40.57 -295 -374 -290
63.91 -6.45 24 -21 10 -24.63 -45.19 81 146 -66 -11.78 -39.00 -271 -280 -525
63.62 -6.63 19 -38 47 -24.64 -45.19 73 126 -17 -11.66 -37.72 -138 -180 -611
63.29 -6.84 88 -65 112 -24.67 -45.13 29 80 95 -11.47 -36.47 -17 -354 -327
62.96 -7.00 238 -69 124 -24.76 -44.86 13 -79 263 -11.24 -34.89 -103 -426 -110
62.64 -7.10 357 -83 121 -25.00 -44.30 -68 -253 460 -11.07 -32.75 -4 106 -583
62.29 -7.15 322 -59 58 -25.34 -43.49 121 -275 392 -11.07 -30.20 734 1543 -2620
61.93 -7.27 295 -98 62 -25.81 -42.61 198 -232 212 -12.13 -29.20 2105 4108 -6603
61.45 -7.50 169 -141 99 -26.41 -41.55 44 -153 -4 -13.67 -32.27 3198 4911 -8716
60.77 -7.85 -85 47 -98 -26.98 -40.37 -43 -119 -216 -14.32 -35.82 -660 -358 -1921
59.83 -8.46 -236 558 -496 -27.51 -39.12 -6 -195 -273 -15.33 -35.85 -891 -838 -1291
