66.45 -1.85 148 -46 174 -26.66 -46.99 22 213 -21 -16.71 -55.75 -212 -1601 1320
66.33 -1.89 311 17 134 -26.64 -47.05 -23 226 -93 -16.50 -54.66 -185 -1340 837
65.97 -1.95 188 79 120 -26.57 -47.16 50 156 -88 -16.49 -53.23 -218 -453 146
65.52 -2.07 354 72 234 -26.51 -47.28 19 176 -127 -16.42 -51.66 -486 999 -734
64.96 -2.13 333 128 142 -26.45 -47.36 -28 313 -103 -16.01 -50.41 -47 2144 -1542
64.35 -2.22 282 149 84 -26.51 -47.00 -254 235 289 -15.20 -49.81 647 2930 -2070
63.70 -2.41 196 85 118 -26.70 -46.00 -52 215 201 -14.28 -49.81 1024 2808 -2288
62.92 -2.76 316 -38 303 -27.02 -44.90 88 224 32 -14.26 -50.37 -202 -486 -1075
61.92 -3.09 453 -113 458 -27.38 -43.74 83 88 -28 -14.54 -50.56 -929 -2460 72
60.82 -3.31 546 -104 394 -27.77 -42.55 -65 -9 -135 -14.68 -50.39 -1105 -2720 406
60.82 -3.31 546 -104 394 -27.77 -42.55 -65 -9 -135 -14.68 -50.39 -1105 -2720 406
58.75 -3.64 -270 359 -482 -28.61 -39.75 -217 159 -289 -14.83 -49.73 211 -727 -582
58.00 -3.94 -660 687 -991 -29.00 -38.12 -611 -30 -248 -15.20 -49.51 583 -26 -1049
57.38 -4.43 -1055 970 -1452 -29.25 -36.49 -874 -214 -183 -15.70 -49.36 509 297 -1156
56.82 -5.26 -1381 1026 -1824 -29.25 -34.75 -1084 -29 -558 -16.25 -49.22 110 189 -912
56.21 -6.57 -488 281 -619 -28.96 -33.10 -169 556 -1357 -16.46 -49.22 131 -69 -564
56.33 -7.67 1856 -1053 1292 -28.48 -32.27 2571 1992 -2910 -16.61 -49.27 135 -227 -420
56.30 -7.82 2420 -1443 1838 -27.88 -33.99 4948 3476 -4233 -16.79 -49.46 16 -87 -364
56.07 -7.38 1986 -1267 1346 -27.52 -36.88 814 -282 98 -16.95 -49.71 25 102 -295
55.84 -6.70 929 -813 335 -27.57 -37.11 -50 -2157 1084 -16.91 -50.08 68 434 -255
