51.89 -6.37 1092 -435 626 -31.71 -31.57 2017 816 -1442 -18.63 -53.88 96 235 313
51.86 -6.00 743 -305 142 -31.52 -31.86 -380 -1473 831 -18.44 -54.35 24 98 231
51.94 -5.63 135 -207 -405 -31.37 -32.07 -226 -1138 388 -18.18 -54.64 127 -380 316
52.15 -5.36 -306 -197 -654 -31.18 -32.44 -85 -801 165 -17.93 -54.44 -86 -1419 735
52.43 -5.19 -281 -265 -321 -31.07 -32.81 94 -555 140 -17.86 -53.48 -303 -1638 614
52.86 -4.91 268 -339 263 -31.21 -32.99 230 -474 58 -17.91 -52.06 -366 -633 -48
53.43 -4.39 616 -375 678 -31.55 -32.93 334 -461 42 -17.82 -50.72 -172 330 -628
54.23 -3.68 884 -354 429 -32.07 -32.51 108 -461 -78 -17.51 -49.52 413 905 -990
54.23 -3.68 884 -354 429 -32.07 -32.51 108 -461 -78 -17.51 -49.52 413 905 -990
55.68 -2.36 347 2 -80 -32.79 -31.15 -797 -1197 481 -16.38 -47.51 768 1716 -1363
56.37 -1.90 -163 92 -177 -32.71 -31.37 276 -516 -38 -15.96 -46.94 140 1259 -1335
56.93 -1.63 -455 79 -99 -32.85 -31.16 -1006 -1084 647 -15.88 -46.85 -714 -188 -609
57.50 -1.41 -427 64 -43 -32.86 -30.65 284 -346 83 -16.02 -46.87 -1181 -1897 439
57.85 -1.13 -208 119 -20 -32.83 -30.69 744 540 -784 -16.11 -46.43 -746 -1543 299
58.01 -0.80 114 193 7 -32.72 -31.23 828 1245 -1376 -16.14 -46.11 -208 -665 -231
58.19 -0.46 163 216 107 -32.50 -32.36 1091 1804 -1842 -16.34 -46.01 322 31 -737
58.61 -0.05 362 295 64 -32.06 -34.24 1309 1962 -1783 -16.69 -46.09 442 65 -780
59.15 0.32 150 116 82 -31.45 -36.68 1011 1469 -952 -17.11 -46.02 109 -78 -556
59.34 0.52 -334 -37 98 -31.07 -38.01 -1698 -480 1801 -17.48 -45.78 -410 -310 -215
59.47 0.57 -656 -7 -5 -30.71 -38.54 -205 -26 629 -17.77 -45.48 -611 -721 -31
