63.85 -0.88 63 167 -109 -25.98 -47.18 196 2 -121 -16.89 -52.54 -18 -588 266
63.72 -0.22 -1 110 -76 -26.03 -47.14 235 -10 -63 -16.85 -52.41 -77 -378 167
63.53 0.41 280 13 21 -26.17 -47.07 223 96 -11 -16.81 -52.33 -21 94 -59
63.29 1.19 525 -65 46 -26.37 -46.95 81 133 -33 -16.77 -52.34 -6 607 -244
63.07 2.03 471 -87 -73 -26.49 -46.81 25 170 -66 -16.63 -52.40 41 1082 -350
62.84 2.67 98 -78 -182 -26.55 -46.68 28 92 -72 -16.26 -52.56 307 1568 -424
62.72 2.99 -91 -12 -208 -26.59 -46.61 124 11 -39 -15.92 -52.87 495 1836 -675
62.72 3.14 93 40 -139 -26.68 -46.56 161 55 -66 -15.79 -53.43 210 1190 -258
62.72 3.25 233 50 -6 -26.79 -46.50 75 126 -93 -15.35 -53.88 -900 -928 558
62.71 3.30 296 58 46 -26.84 -46.41 24 5 -7 -14.95 -53.88 -500 -914 203
62.74 3.25 145 10 86 -26.89 -46.21 -197 -323 284 -14.78 -53.98 -394 -834 102
62.80 3.11 2 -74 151 -26.94 -45.73 -143 -473 341 -14.68 -53.97 -178 -407 -66
62.77 2.96 -225 -75 71 -27.01 -45.30 32 -205 2 -14.75 -53.88 154 -254 -151
62.68 2.73 -562 33 -111 -27.04 -45.04 30 9 -157 -14.90 -53.74 276 -152 -178
62.58 2.30 -687 201 -343 -27.07 -44.83 72 359 -354 -15.10 -53.55 242 -403 -48
62.38 1.61 -1059 344 -652 -27.06 -44.76 452 880 -602 -15.33 -53.28 -29 -697 137
62.37 0.71 -609 466 -635 -26.95 -45.19 1222 1907 -1271 -15.44 -52.97 -168 -800 192
62.54 -0.19 -94 399 -198 -26.64 -46.78 1513 2878 -2002 -15.66 -52.69 -275 -669 65
62.95 -0.71 1479 -112 881 -26.36 -47.60 -186 188 687 -15.82 -52.44 130 153 -35
62.75 -0.82 1550 -499 1254 -26.27 -48.44 -769 136 460 -15.91 -52.31 323 1014 -398
