64.30 -1.35 -13 36 -4 -28.09 -44.75 247 -16 -91 -17.43 -52.56 -8 -76 39
64.30 -1.44 -64 67 -57 -28.33 -44.36 209 182 -314 -17.44 -52.37 65 172 -74
64.31 -1.57 146 51 22 -28.55 -44.08 349 473 -558 -17.43 -52.25 55 241 -64
64.40 -1.62 568 -82 279 -28.65 -44.16 343 688 -736 -17.32 -52.15 71 390 -55
64.38 -1.52 407 -111 210 -28.68 -44.09 -282 -126 51 -17.11 -52.06 262 905 -180
64.34 -1.43 74 -35 42 -28.71 -43.97 -36 -210 -105 -16.99 -52.09 120 968 -367
64.39 -1.44 145 -35 100 -28.79 -43.86 19 -110 -76 -16.80 -52.22 244 725 13
64.39 -1.44 145 -35 100 -28.79 -43.86 19 -110 -76 -16.80 -52.22 244 725 13
64.37 -1.35 320 -88 161 -28.91 -43.60 -16 35 -18 -16.61 -52.28 -280 -715 77
64.39 -1.21 230 -65 103 -28.96 -43.42 -66 -55 26 -16.58 -52.19 -181 -725 102
64.35 -1.16 -5 24 -18 -29.02 -43.21 -41 -96 -14 -16.64 -51.78 -110 -694 46
64.37 -1.16 56 47 -3 -29.07 -42.95 -177 -120 34 -16.73 -51.39 -20 -632 -21
64.38 -1.17 -61 90 -33 -29.07 -42.08 -555 -389 485 -16.84 -51.04 34 -402 -186
64.37 -1.28 -307 232 -187 -29.25 -41.09 -179 47 -190 -17.01 -50.86 -38 -362 -407
64.29 -1.68 -624 340 -302 -29.21 -40.76 1222 786 -890 -17.31 -50.74 22 -155 -118
64.29 -2.22 -96 211 -4 -29.12 -41.62 2003 2020 -2142 -17.40 -50.60 77 646 -548
64.18 -2.71 -197 232 -75 -28.93 -42.62 -338 382 420 -17.56 -50.72 64 806 -356
64.28 -3.01 1124 -164 557 -28.90 -43.08 1309 1569 -1240 -17.55 -50.89 1 810 -252
64.19 -3.01 919 -375 612 -28.82 -43.93 -869 -519 1009 -17.43 -51.10 43 763 -161
63.99 -2.84 648 -272 254 -28.65 -44.22 -467 -715 465 -17.24 -51.31 34 466 -74
