64.57 -1.29 181 -8 89 -28.16 -45.82 60 128 -125 -19.02 -51.49 -41 43 -28
64.56 -1.30 101 -7 89 -28.15 -45.83 67 107 -122 -18.99 -51.51 6 -7 -9
64.55 -1.34 77 -7 79 -28.14 -45.83 97 79 -99 -18.97 -51.52 30 1 -18
64.56 -1.38 120 1 92 -28.17 -45.78 153 109 -120 -18.97 -51.54 33 26 -20
64.57 -1.40 213 3 117 -28.20 -45.75 88 102 -99 -18.95 -51.56 -16 48 -15
64.57 -1.40 213 3 117 -28.20 -45.75 88 102 -99 -18.95 -51.56 -16 48 -15
64.50 -1.54 468 -75 184 -28.29 -45.55 -110 -166 154 -18.88 -51.59 -50 59 -27
64.50 -1.54 468 -75 184 -28.29 -45.55 -110 -166 154 -18.88 -51.59 -50 59 -27
64.50 -1.54 468 -75 184 -28.29 -45.55 -110 -166 154 -18.88 -51.59 -50 59 -27
64.50 -1.54 468 -75 184 -28.29 -45.55 -110 -166 154 -18.88 -51.59 -50 59 -27
64.44 -1.19 210 -65 161 -28.85 -43.57 168 -57 -56 -18.79 -51.67 -1 53 -22
64.35 -1.18 246 -180 344 -28.99 -43.08 30 -134 40 -18.76 -51.68 -10 34 -21
64.21 -1.11 24 -136 264 -29.20 -42.35 -261 -318 176 -18.74 -51.69 3 2 -19
64.00 -1.12 -384 66 -60 -29.47 -41.38 -190 -119 -89 -18.72 -51.69 20 -4 -18
63.78 -1.32 -883 387 -445 -29.76 -40.46 362 630 -717 -18.73 -51.68 25 -6 -13
63.70 -1.83 -1333 624 -742 -30.06 -39.90 1561 1834 -1803 -18.73 -51.67 16 2 -16
63.49 -2.75 -1561 688 -884 -30.21 -40.80 3167 3934 -4073 -18.75 -51.64 -16 -77 33
63.56 -3.66 1013 441 -16 -29.41 -44.55 1548 3023 -3250 -18.75 -51.56 -19 -231 140
63.98 -4.05 2364 -492 1300 -28.73 -45.73 -1721 -1288 1946 -18.76 -51.37 -66 -358 193
63.51 -3.90 1452 -515 750 -28.72 -45.90 -1071 -1547 838 -18.82 -51.13 30 -381 166
