64.52 -2.60 30 -42 129 -30.12 -45.74 63 131 -131 -21.11 -49.95 -27 75 -31
64.58 -2.59 116 -76 160 -30.06 -45.73 18 143 -183 -21.07 -49.98 16 63 -23
64.60 -2.60 274 -115 193 -29.96 -45.72 27 122 -183 -21.07 -49.99 44 41 -11
64.58 -2.55 369 -138 223 -29.86 -45.72 66 74 -134 -21.08 -50.00 47 45 -14
64.54 -2.41 334 -163 267 -29.81 -45.74 83 31 -96 -21.09 -50.01 -4 55 -24
64.50 -2.22 343 -222 389 -29.75 -45.72 79 42 -95 -21.08 -50.03 -40 53 -37
64.41 -1.99 560 -349 606 -29.57 -45.82 224 74 -140 -21.06 -50.04 -42 64 -27
64.26 -1.67 880 -366 610 -29.30 -46.13 5 -16 -114 -21.03 -50.05 -2 67 -16
64.11 -1.19 1177 -284 462 -28.93 -46.76 -75 -151 -56 -21.02 -50.07 37 52 13
63.94 -0.63 1344 -254 295 -28.43 -47.81 78 -280 49 -21.03 -50.08 37 46 -3
63.70 -0.05 1175 -284 172 -27.72 -49.29 558 -372 405 -21.00 -50.10 -6 31 -14
63.34 0.47 758 -274 51 -26.90 -51.46 667 -13 338 -20.96 -50.12 -69 16 -29
62.87 0.92 426 -222 -101 -26.00 -53.90 380 53 571 -20.88 -50.14 -103 46 -68
62.19 1.22 -252 -47 -321 -24.90 -56.82 202 703 356 -20.76 -50.17 -118 36 -70
61.38 1.22 -1036 207 -552 -23.88 -59.27 -114 1369 315 -20.61 -50.19 -29 -43 -29
60.60 0.88 -1646 494 -761 -23.21 -60.69 -684 1920 406 -20.52 -50.20 -9 -77 -25
60.10 0.36 -1509 575 -768 -22.76 -61.24 -631 1866 255 -20.42 -50.20 -50 -76 -27
60.03 -0.18 -557 391 -188 -21.43 -63.43 -370 2533 996 -20.26 -50.22 -157 -154 -19
60.05 -0.52 356 -5 353 -20.82 -63.93 23 1409 425 -20.07 -50.22 -259 -282 68
59.90 -0.55 552 -178 347 -20.30 -64.64 -18 650 -27 -19.83 -50.15 -222 -564 148
