63.17 -1.66 -798 229 -10 -22.64 -63.73 -1505 1387 1358 -19.24 -50.07 -75 1157 -574
63.36 -1.99 274 -75 556 -22.25 -64.05 -570 1128 482 -19.21 -50.09 -19 1065 -412
63.38 -2.10 466 -307 763 -21.82 -64.54 -400 571 171 -19.08 -50.08 -64 643 -105
63.26 -2.07 420 -384 609 -21.39 -64.99 -224 500 -98 -18.74 -50.05 38 425 -29
63.13 -1.98 506 -436 419 -20.97 -65.37 -84 311 -130 -18.39 -50.05 92 305 -73
62.94 -1.87 680 -457 276 -20.69 -65.55 42 -64 -127 -18.08 -50.12 22 264 -185
62.70 -1.76 697 -474 166 -20.63 -65.48 82 -270 -156 -17.85 -50.35 153 175 -210
62.44 -1.58 436 -410 60 -20.77 -65.10 -39 -428 -144 -17.54 -50.65 248 -480 180
62.16 -1.41 -92 -235 -45 -21.28 -64.02 -494 -917 264 -17.30 -50.81 284 -844 173
62.05 -1.24 -300 -76 -31 -22.09 -62.09 -653 -1212 454 -17.30 -50.88 468 -520 67
61.89 -1.14 -817 237 -239 -22.91 -59.84 445 674 -623 -17.47 -50.85 412 -369 47
61.97 -1.27 -806 361 -205 -23.73 -57.54 -314 -37 -267 -17.71 -50.82 229 -278 31
62.16 -1.50 -493 389 -84 -24.63 -54.52 -304 2 -592 -17.88 -50.80 84 -126 46
62.16 -1.50 -493 389 -84 -24.63 -54.52 -304 2 -592 -17.88 -50.80 84 -126 46
62.46 -1.98 -215 393 -180 -25.98 -48.86 862 695 -1508 -18.03 -50.76 -137 76 4
62.66 -2.28 -12 211 -53 -26.30 -47.38 1009 790 -1571 -17.98 -50.76 -146 148 -3
62.86 -2.56 276 101 55 -26.53 -46.64 1095 794 -1526 -17.92 -50.77 -16 41 73
62.91 -2.80 408 94 37 -26.63 -46.63 1089 714 -1263 -17.84 -50.82 55 11 51
62.99 -2.99 627 99 -37 -26.58 -47.15 686 -20 -502 -17.83 -50.87 135 -1 -10
63.24 -3.11 1035 -13 57 -26.53 -47.18 -63 -1199 711 -17.88 -50.89 90 -18 -78
