66.88 -0.76 228 70 90 -25.63 -43.63 91 139 -18 -14.16 -51.17 -79 -40 -104
66.84 -0.72 239 25 105 -25.62 -43.75 93 100 -30 -14.20 -51.23 1 34 -103
66.79 -0.69 224 -22 110 -25.61 -43.89 83 117 -75 -14.26 -51.24 113 40 -82
66.74 -0.67 153 -79 115 -25.56 -44.08 33 133 -118 -14.38 -51.23 111 -28 -28
66.69 -0.67 78 -115 101 -25.49 -44.30 21 113 -136 -14.54 -51.16 132 -61 -20
66.69 -0.66 184 -157 142 -25.36 -44.58 52 -23 -62 -14.69 -51.12 68 -80 -7
66.68 -0.62 341 -218 214 -25.21 -45.07 84 -95 45 -14.83 -51.04 -88 1 -55
66.65 -0.53 391 -207 183 -24.99 -45.95 33 -110 120 -14.92 -50.97 -143 27 -41
66.66 -0.36 420 -139 91 -24.70 -47.11 121 -5 136 -14.95 -50.91 -104 42 -23
66.65 -0.19 440 -126 136 -24.36 -48.39 268 23 147 -14.96 -50.86 -34 59 2
66.58 0.00 600 -186 265 -23.94 -50.01 355 28 175 -14.99 -50.82 10 66 29
66.48 0.29 757 -245 284 -23.51 -51.65 254 -216 293 -15.03 -50.81 52 41 33
66.34 0.66 848 -343 360 -23.11 -53.28 -32 -237 285 -15.11 -50.78 31 10 4
66.07 1.11 794 -461 451 -22.73 -54.70 -147 64 139 -15.20 -50.76 37 -3 -22
65.65 1.57 501 -488 406 -22.28 -55.97 -83 969 -229 -15.29 -50.72 14 28 -78
65.07 1.90 -63 -283 192 -21.52 -57.67 715 3381 -1167 -15.38 -50.70 -19 23 -67
64.37 1.92 -742 89 -237 -20.17 -60.46 -58 2495 425 -15.44 -50.65 -26 -133 -63
63.62 1.47 -1523 625 -771 -18.98 -62.56 -698 1748 1182 -15.53 -50.57 -19 -153 -64
63.14 0.70 -1099 690 -552 -18.78 -63.26 -1010 193 1002 -15.64 -50.47 17 -150 -73
63.04 -0.13 426 -30 611 -18.53 -63.95 -737 -1 239 -15.79 -50.38 69 -181 -32
