66.43 -0.61 171 -20 42 -26.14 -44.92 46 123 -135 -14.47 -49.52 -59 60 25
66.42 -0.60 88 -41 100 -26.14 -44.93 29 127 -140 -14.46 -49.45 -55 82 61
66.40 -0.60 102 -62 151 -26.15 -44.95 44 129 -133 -14.42 -49.35 3 69 100
66.40 -0.59 176 -52 124 -26.15 -44.97 68 121 -117 -14.38 -49.18 111 -58 264
66.39 -0.58 232 -36 94 -26.17 -45.01 98 124 -102 -14.12 -48.52 160 -370 690
66.38 -0.56 236 -30 72 -26.21 -45.03 86 129 -87 -13.95 -47.31 24 36 221
66.34 -0.56 176 -27 75 -26.25 -45.05 60 143 -103 -13.95 -45.80 45 535 -351
66.30 -0.56 119 -8 70 -26.28 -45.06 41 155 -109 -13.96 -44.34 -37 827 -898
66.28 -0.58 127 -6 95 -26.28 -45.07 45 153 -97 -14.01 -43.18 10 701 -1079
66.25 -0.59 177 -1 119 -26.29 -45.10 40 152 -93 -14.04 -42.22 -35 -12 -633
66.19 -0.61 182 -37 160 -26.31 -45.11 41 167 -107 -14.00 -41.32 -11 -519 -228
66.10 -0.64 207 -78 191 -26.30 -45.16 -1 192 -91 -14.22 -40.18 -160 -421 -263
65.97 -0.64 114 -76 135 -26.24 -45.24 16 207 -17 -14.36 -38.74 65 -302 -381
65.82 -0.70 149 -36 69 -26.19 -45.34 85 157 137 -14.41 -37.30 135 -234 -408
65.63 -0.79 230 49 8 -26.23 -45.41 127 214 258 -14.49 -35.82 92 -36 -543
65.33 -0.94 176 56 67 -26.36 -45.48 139 212 325 -14.62 -34.62 297 372 -1189
64.87 -1.28 191 -68 273 -26.51 -45.65 -6 327 209 -14.74 -34.76 785 1069 -2173
64.24 -1.69 246 -259 456 -26.59 -45.84 14 352 167 -15.04 -35.76 -1092 -907 -30
63.29 -2.18 258 -299 425 -26.76 -45.94 76 86 227 -14.76 -35.80 -601 -802 -58
62.24 -2.60 360 -140 185 -27.15 -45.85 386 -330 481 -14.55 -35.91 -193 -680 -72
