62.07 -4.02 548 -316 370 -29.15 -42.44 -241 -470 -17 -16.06 -48.03 20 34 -18
61.34 -4.17 644 -167 186 -29.50 -41.30 25 -349 -110 -16.09 -48.00 -7 33 -15
60.67 -4.25 435 35 -86 -29.93 -40.03 86 -7 -410 -16.09 -47.94 -46 35 37
60.05 -4.37 132 177 -301 -30.33 -38.76 281 597 -726 -16.02 -47.74 -134 25 212
59.47 -4.66 -94 147 -299 -30.69 -37.61 985 1307 -938 -15.74 -47.19 -142 65 124
58.77 -5.15 -386 310 -447 -30.94 -37.04 1952 1728 -1230 -15.56 -46.38 -110 300 -315
57.95 -5.88 -520 669 -709 -30.81 -37.58 1687 548 -796 -15.53 -45.49 -135 380 -572
57.36 -6.75 88 838 -672 -30.79 -38.26 -367 -851 160 -15.51 -44.67 96 136 -494
57.45 -7.44 1461 250 273 -30.79 -38.32 -981 -923 197 -15.51 -43.90 -7 -106 -271
57.40 -7.63 1559 -108 590 -30.69 -38.28 -47 -280 -295 -15.54 -42.99 -15 11 -244
57.09 -7.51 898 -86 200 -30.71 -38.32 612 -18 -540 -15.58 -41.94 -55 -110 -141
56.71 -7.31 -27 -26 -266 -30.90 -38.29 684 108 -652 -15.63 -40.74 -221 -356 -48
56.52 -7.13 -659 -13 -517 -31.19 -38.19 494 243 -766 -15.54 -39.24 -130 -441 -45
56.51 -7.08 -808 -99 -287 -31.46 -38.19 -44 227 -875 -15.41 -37.65 78 -494 -45
56.73 -7.00 -299 -239 209 -31.50 -38.32 -237 132 -571 -15.41 -35.88 312 17 -600
57.09 -6.69 139 -336 487 -31.36 -38.50 -104 -61 -218 -15.69 -34.40 816 1435 -2432
57.47 -6.16 -33 -140 261 -31.15 -38.81 -390 92 92 -16.65 -34.58 900 2004 -2835
58.00 -5.65 -274 124 16 -30.95 -38.87 343 430 51 -16.74 -35.60 -844 -1103 314
58.78 -5.26 -268 247 -112 -30.81 -39.31 579 610 12 -16.72 -35.44 -573 -1286 337
59.40 -5.03 -357 363 -200 -30.87 -39.51 -436 -32 466 -16.68 -35.47 -181 -1064 309
