64.54 -6.30 168 -53 106 -26.25 -42.81 86 124 -117 -12.16 -48.55 71 -195 257
64.50 -6.32 149 -62 100 -26.25 -42.82 88 118 -119 -12.15 -48.17 145 -15 102
64.47 -6.36 110 -48 75 -26.24 -42.82 91 113 -119 -12.20 -47.68 208 -26 401
64.45 -6.39 166 -36 86 -26.24 -42.82 92 117 -118 -12.15 -46.65 149 83 614
64.40 -6.43 175 -12 68 -26.23 -42.85 58 99 -101 -11.98 -44.78 169 253 356
64.31 -6.51 169 -3 71 -26.19 -42.91 85 135 -106 -11.75 -42.27 -5 188 -125
64.12 -6.71 16 -65 96 -26.18 -42.92 84 119 -87 -11.60 -39.39 -193 -414 -270
63.69 -7.10 -421 -69 145 -26.17 -42.95 89 126 -86 -11.58 -36.53 -489 -1109 -184
63.02 -7.64 -604 -58 97 -26.18 -42.96 73 152 -109 -11.52 -33.96 -511 -1296 -312
62.21 -8.37 -326 -29 144 -26.16 -42.98 59 136 -91 -11.49 -31.80 -435 -1178 -402
61.45 -8.94 285 80 51 -26.16 -42.98 89 124 -50 -11.34 -29.81 -373 -1040 -343
60.85 -9.33 767 41 49 -26.18 -42.92 70 81 76 -11.20 -27.73 -281 -669 -624
60.37 -9.57 924 -163 203 -26.27 -42.78 -20 69 238 -11.10 -25.75 -14 -12 -1208
59.93 -9.69 780 -276 255 -26.60 -42.28 -838 -146 640 -11.17 -24.09 381 923 -2307
59.93 -9.69 780 -276 255 -26.60 -42.28 -838 -146 640 -11.17 -24.09 381 923 -2307
58.99 -9.84 176 -20 -82 -32.08 -31.60 448 722 -672 -12.69 -25.79 2255 3353 -6220
58.52 -10.07 -91 176 -264 -31.76 -32.54 66 901 -886 -14.09 -30.40 -25 1306 -3957
57.90 -10.53 -82 391 -392 -31.27 -33.68 252 1137 -921 -13.75 -32.20 -685 -2604 587
57.26 -11.14 -9 663 -484 -30.72 -35.10 482 1423 -1024 -14.31 -31.99 -1266 -1848 49
56.69 -11.88 316 691 -409 -30.02 -36.94 603 1487 -882 -13.66 -32.22 -559 -1450 -97
