60.32 -5.13 784 -4 -7 -30.89 -43.36 182 -266 -160 -17.84 -47.07 6 317 -4
59.89 -5.10 662 88 -141 -31.26 -42.22 19 -203 -216 -17.89 -45.98 176 763 -429
59.57 -5.06 553 108 -168 -31.71 -40.77 100 326 -581 -18.03 -44.70 217 694 -556
59.27 -5.11 488 -20 -13 -32.11 -39.39 734 1100 -918 -18.17 -43.44 64 123 -335
58.78 -5.22 127 -26 -29 -32.37 -38.60 1654 1939 -1215 -18.27 -42.05 -166 -121 -352
58.12 -5.45 -460 267 -281 -32.37 -38.76 1959 1995 -1486 -18.33 -40.51 2 -51 -500
57.54 -5.96 -817 554 -552 -32.02 -39.98 728 738 -1038 -18.46 -39.00 10 -160 -536
57.06 -6.73 -897 812 -703 -31.73 -41.06 -919 -407 -431 -18.58 -37.61 70 -353 -474
57.10 -7.57 36 409 28 -31.44 -41.48 -1398 -873 -127 -18.67 -36.12 72 -518 -354
57.31 -8.10 979 -262 833 -31.07 -41.41 -498 -810 28 -18.74 -34.68 125 -654 -211
57.25 -8.12 820 -428 703 -30.83 -41.03 239 -514 -69 -18.79 -33.40 114 -751 92
57.11 -7.88 139 -334 195 -30.77 -40.56 248 -306 -229 -18.59 -32.09 140 -910 442
57.22 -7.53 -448 -11 -331 -30.70 -40.12 -4 -474 -174 -18.59 -30.77 21 -775 290
57.71 -7.32 -434 179 -388 -30.55 -39.80 -310 -653 120 -18.63 -29.44 50 -385 -172
58.55 -7.11 122 168 -87 -30.42 -39.40 -34 -245 6 -18.83 -28.11 388 403 -1379
59.53 -6.75 841 -74 337 -30.31 -39.14 577 531 -491 -19.68 -27.94 1465 2099 -4355
60.34 -6.13 1035 -262 405 -30.12 -39.41 1003 1051 -740 -20.06 -29.41 423 901 -1313
60.67 -5.56 453 -198 206 -29.97 -40.04 910 1159 -672 -20.12 -29.84 -968 -774 1128
60.92 -5.11 47 -1 -43 -29.86 -40.78 639 825 -212 -19.93 -29.83 -816 -976 854
61.21 -4.85 -231 195 -212 -30.01 -40.79 -868 -409 745 -19.64 -30.05 -525 -758 513
