66.63 -3.15 280 -13 77 -26.99 -41.87 84 150 -116 -15.32 -48.83 -23 -14 -48
66.68 -3.06 562 -54 166 -27.00 -41.87 86 127 -109 -15.33 -48.80 -17 75 -67
66.78 -2.83 858 -131 251 -27.02 -41.86 83 117 -131 -15.32 -48.78 13 57 -37
66.78 -2.83 858 -131 251 -27.02 -41.86 83 117 -131 -15.32 -48.78 13 57 -37
66.79 -2.15 129 -122 10 -27.04 -41.82 81 128 -128 -15.32 -48.72 34 -93 33
66.70 -1.96 -505 10 -192 -27.05 -41.80 77 137 -112 -15.31 -48.64 -8 -266 117
66.62 -2.06 -813 226 -305 -27.06 -41.79 78 144 -113 -15.27 -48.47 -135 -389 237
66.48 -2.51 -752 372 -267 -27.06 -41.79 74 135 -111 -15.18 -48.20 -126 -136 -41
66.05 -3.36 -896 411 -391 -27.05 -41.80 68 117 -109 -15.16 -48.12 -37 96 -141
65.45 -4.43 -927 761 -649 -27.05 -41.79 80 95 -125 -15.01 -47.99 -76 -628 446
65.99 -5.10 1847 211 475 -27.04 -41.79 86 113 -133 -14.75 -47.46 -186 -1301 736
66.22 -5.07 2604 -504 1254 -27.05 -41.77 89 146 -130 -14.58 -46.63 -246 -1178 410
65.76 -4.63 1645 -495 744 -27.07 -41.75 95 146 -124 -14.58 -45.82 -140 -393 -193
65.28 -4.11 359 -415 51 -27.06 -41.74 80 114 -106 -14.58 -45.25 68 478 -613
65.03 -3.74 -904 -212 -467 -27.07 -41.75 108 67 -78 -14.51 -44.91 209 1226 -910
64.95 -3.76 -1214 -119 -435 -27.08 -41.76 119 16 -89 -14.52 -44.87 559 2652 -1974
64.99 -3.95 -771 -243 13 -27.09 -41.79 53 13 -115 -15.04 -46.03 1535 4969 -3751
65.04 -4.03 -356 -278 349 -27.10 -41.79 19 59 -136 -16.06 -49.31 1417 4885 -2514
65.18 -3.92 69 -242 506 -27.12 -41.79 -38 73 -80 -15.81 -52.02 -1992 -405 992
65.37 -3.67 110 -53 305 -27.12 -41.66 -145 -263 206 -14.87 -52.17 -1105 -347 306
