67.86 -3.01 191 -47 128 -27.30 -38.60 -83 -461 56 -14.65 -49.03 24 5 -13
67.85 -2.94 274 -31 123 -27.38 -37.98 138 -30 -264 -14.66 -49.03 73 1 2
67.88 -2.82 366 -67 162 -27.44 -37.40 297 584 -604 -14.70 -49.01 51 -4 8
67.91 -2.64 441 -127 229 -27.44 -36.98 681 1358 -971 -14.75 -48.99 -5 38 -20
67.94 -2.39 470 -119 167 -27.41 -36.94 1418 1958 -1055 -14.79 -48.99 -44 10 -29
67.95 -2.12 176 -48 -1 -27.47 -37.32 2089 2532 -1273 -14.81 -49.01 57 54 -19
67.90 -2.02 -280 52 -125 -27.34 -38.84 2407 1011 -1517 -14.89 -49.02 110 -43 67
67.82 -2.21 -573 234 -244 -27.52 -40.72 -2156 -2034 1046 -15.00 -48.98 152 -194 151
67.61 -2.74 -649 385 -327 -27.06 -40.93 -1325 -1818 1113 -15.14 -48.92 -33 -319 215
67.12 -3.62 -844 489 -478 -26.76 -40.88 -421 -905 417 -15.11 -48.62 -198 -453 305
67.06 -4.43 486 527 -187 -26.86 -40.83 10 -170 -232 -15.12 -48.23 -257 -345 106
67.66 -4.60 2196 -251 875 -26.98 -40.91 492 378 -574 -15.01 -47.84 -234 -667 208
67.52 -4.30 1833 -563 1023 -27.14 -40.98 272 495 -713 -14.99 -47.33 -184 -708 140
67.16 -3.85 799 -511 454 -27.22 -40.97 -279 223 -585 -14.93 -46.80 -166 -364 -68
66.83 -3.44 -224 -330 -199 -27.23 -40.72 -467 -81 -355 -14.79 -46.28 -185 347 -419
66.61 -3.24 -1013 -116 -593 -27.16 -40.43 -345 -169 -324 -14.59 -45.96 30 1718 -1358
66.61 -3.32 -1013 -88 -460 -26.99 -40.23 -329 -6 -147 -14.61 -46.66 1197 4309 -3366
66.68 -3.53 -487 -280 67 -26.83 -39.94 375 448 -209 -15.18 -49.56 1494 4437 -2576
66.68 -3.61 70 -397 489 -26.68 -40.05 560 599 -249 -14.90 -52.45 -1563 -92 125
66.70 -3.45 268 -309 504 -26.55 -40.39 391 414 -29 -14.08 -53.20 -839 5 -258
