67.73 -3.77 148 -26 65 -27.27 -41.33 81 134 -133 -15.05 -49.13 -7 22 -16
67.73 -3.77 148 -26 65 -27.27 -41.33 81 134 -133 -15.05 -49.13 -7 22 -16
67.76 -3.76 188 -12 88 -27.28 -41.35 69 136 -134 -15.03 -49.12 -1 11 -16
67.76 -3.76 188 -12 88 -27.28 -41.35 69 136 -134 -15.03 -49.12 -1 11 -16
67.74 -3.77 224 -29 101 -27.27 -41.36 68 141 -131 -15.01 -49.10 6 -8 4
67.73 -3.75 181 -18 69 -27.27 -41.37 70 139 -138 -15.04 -49.06 -34 -53 23
67.73 -3.75 165 -18 78 -27.27 -41.37 76 138 -136 -15.04 -49.02 -17 -105 23
67.72 -3.75 176 -10 97 -27.26 -41.38 64 119 -134 -15.04 -48.96 -39 -75 2
67.72 -3.75 176 -10 97 -27.26 -41.38 64 119 -134 -15.04 -48.96 -39 -75 2
67.72 -3.72 167 7 76 -27.26 -41.37 56 117 -111 -14.97 -48.72 -93 -548 479
67.72 -3.73 165 -3 74 -27.26 -41.36 59 115 -114 -14.81 -48.21 -196 -1034 604
67.72 -3.74 172 -30 82 -27.25 -41.35 61 112 -118 -14.73 -47.49 -349 -1106 481
67.72 -3.75 185 -46 115 -27.24 -41.33 73 110 -109 -14.74 -46.58 -341 -709 143
67.70 -3.74 197 -47 116 -27.24 -41.32 81 102 -110 -14.73 -45.66 -175 -66 -231
67.68 -3.73 186 -40 112 -27.26 -41.28 108 76 -134 -14.60 -44.87 173 1019 -895
67.68 -3.70 199 -16 91 -27.27 -41.26 27 17 -89 -14.62 -44.48 665 2905 -2310
67.67 -3.68 182 -2 63 -27.29 -41.20 57 -1 -73 -15.29 -45.55 1710 5164 -4239
67.68 -3.66 165 8 56 -27.33 -41.12 24 -22 -53 -16.18 -48.67 1047 3001 -2452
67.68 -3.65 211 -31 113 -27.36 -41.00 13 -88 18 -15.60 -50.26 -1237 -476 294
67.66 -3.64 288 -76 152 -27.41 -40.75 -153 -377 196 -14.88 -50.67 -754 -551 -213
