67.56 -3.44 1072 -124 223 -27.85 -40.83 90 140 -118 -16.11 -48.43 -9 45 -28
67.66 -2.91 1185 -245 289 -27.86 -40.83 83 125 -121 -16.12 -48.44 -9 11 -18
67.70 -2.30 1105 -391 317 -27.87 -40.83 85 127 -131 -16.12 -48.46 -4 -4 -14
67.70 -2.30 1105 -391 317 -27.87 -40.83 85 127 -131 -16.12 -48.46 -4 -4 -14
67.53 -0.99 175 -259 5 -27.90 -40.81 77 127 -123 -16.10 -48.45 9 -29 -14
67.51 -0.40 114 -214 23 -27.90 -40.81 82 123 -125 -16.11 -48.46 13 -64 -12
67.51 -0.40 114 -214 23 -27.90 -40.81 82 123 -125 -16.11 -48.46 13 -64 -12
67.07 0.17 -933 99 -147 -27.09 -40.09 -2247 -2013 966 -16.21 -48.67 189 -478 -198
66.51 -0.28 -1663 357 -405 -26.84 -39.51 -313 -997 139 -16.47 -50.07 127 -918 49
66.02 -1.14 -2053 669 -779 -26.79 -39.34 465 -171 -390 -16.72 -51.59 -289 -1176 380
65.98 -2.15 -1128 765 -547 -26.91 -39.21 263 -84 -249 -16.82 -53.11 -113 -590 247
66.76 -2.71 1487 -209 885 -27.04 -38.93 -20 -213 31 -16.92 -54.65 -33 -428 311
66.75 -2.56 1836 -712 1165 -27.21 -38.45 -148 -187 -12 -16.99 -56.07 -98 16 193
66.44 -2.06 1135 -645 484 -27.37 -37.99 -351 -40 -116 -16.96 -57.48 -250 1136 -73
66.13 -1.61 94 -371 -248 -27.50 -37.39 -63 406 -401 -16.68 -59.06 19 2792 -303
66.05 -1.49 -333 -96 -469 -27.51 -37.05 340 782 -694 -16.08 -61.08 841 4650 -517
66.16 -1.62 24 -156 -75 -27.50 -37.00 378 941 -870 -15.41 -63.65 1464 5337 -737
66.08 -1.63 128 -189 175 -27.49 -37.05 446 967 -755 -14.82 -65.99 230 787 2366
65.99 -1.49 101 -190 321 -27.51 -37.21 479 946 -715 -14.20 -66.59 -914 -775 1009
65.97 -1.29 -240 18 107 -27.45 -37.64 523 758 -570 -13.63 -67.18 -580 -962 275
