66.90 -4.01 243 -61 99 -27.25 -41.31 -260 -426 109 -15.31 -49.39 -26 8 -27
67.00 -3.68 573 -190 214 -27.32 -40.25 -43 -103 -110 -15.26 -49.59 177 9 -77
66.98 -3.40 594 -182 182 -27.34 -39.57 -75 -76 -178 -15.26 -49.79 37 -45 24
66.99 -3.07 631 -269 262 -27.35 -38.89 93 434 -397 -15.33 -49.90 14 -41 -18
66.98 -2.68 705 -331 290 -27.36 -38.14 565 1350 -692 -15.43 -50.01 -27 -77 2
66.93 -2.23 420 -329 223 -27.43 -37.45 1412 2220 -924 -15.52 -50.12 -89 -93 -31
66.80 -1.81 33 -222 37 -27.58 -37.19 1861 2577 -1424 -15.47 -50.41 164 -107 -167
66.70 -1.44 2 -130 -15 -27.70 -37.74 1099 1189 -1110 -15.47 -51.29 84 -174 -164
66.68 -1.10 154 -104 57 -27.72 -38.56 -992 -889 285 -15.69 -52.51 164 -202 -59
66.59 -0.80 -37 -9 14 -27.72 -38.45 -2030 -1638 751 -15.94 -54.03 293 -354 70
66.27 -0.79 -659 232 -234 -27.47 -37.96 -686 -1033 261 -16.27 -55.49 -11 -747 420
65.83 -1.20 -1416 579 -639 -27.29 -37.68 368 -406 -259 -16.60 -56.68 -253 -320 192
65.47 -2.06 -1683 822 -889 -27.33 -37.52 414 -293 -209 -16.95 -57.88 -212 304 86
65.60 -3.04 -572 691 -356 -27.48 -37.27 158 -398 -42 -17.12 -59.00 -110 462 263
66.16 -3.62 1407 -260 1001 -27.65 -36.95 -138 -425 9 -17.13 -59.86 -132 272 344
66.12 -3.52 1608 -679 1134 -27.77 -36.61 -237 -158 -108 -17.13 -60.50 -275 325 270
65.83 -3.11 804 -567 415 -27.85 -36.22 -152 32 -312 -17.02 -61.10 -287 1374 -52
65.83 -3.11 804 -567 415 -27.85 -36.22 -152 32 -312 -17.02 -61.10 -287 1374 -52
65.79 -2.62 -38 -119 -384 -27.85 -35.58 868 1296 -791 -14.56 -56.47 -58 -11 -460
65.87 -2.63 317 -211 -35 -27.86 -35.95 920 1527 -1072 -14.46 -55.29 -264 -111 -473
