67.40 -3.43 165 -59 92 -27.03 -41.17 78 108 -129 -15.85 -51.33 7 -27 -6
67.41 -3.42 180 -49 87 -27.02 -41.16 76 107 -133 -15.90 -51.44 65 -73 -31
67.43 -3.41 143 -28 73 -27.02 -41.15 77 116 -137 -16.04 -51.85 153 -174 -68
67.45 -3.41 150 -15 74 -27.03 -41.13 84 141 -128 -16.27 -52.62 112 -104 -53
67.47 -3.42 193 -20 97 -27.03 -41.12 77 129 -125 -16.49 -53.57 111 -49 1
67.47 -3.42 193 -20 97 -27.03 -41.12 77 129 -125 -16.49 -53.57 111 -49 1
67.03 -1.35 240 52 8 -27.01 -41.15 82 122 -120 -16.78 -56.08 175 -49 43
67.00 -1.16 182 130 -42 -27.01 -41.16 70 123 -137 -17.05 -57.55 -30 -87 67
66.79 -1.19 -351 266 -188 -27.01 -41.15 75 114 -138 -17.36 -58.94 -255 139 113
66.31 -1.76 -1138 464 -405 -27.01 -41.16 69 87 -125 -17.57 -60.21 -262 392 268
65.95 -2.65 -1421 710 -620 -27.01 -41.18 115 37 -120 -17.63 -61.19 -179 271 502
66.12 -3.54 -131 371 159 -27.05 -41.27 142 30 -128 -17.60 -61.90 -57 143 511
66.28 -4.07 1011 -294 945 -27.09 -41.40 142 39 -133 -17.55 -62.48 15 240 290
66.13 -4.04 1085 -573 846 -27.06 -41.69 100 42 -53 -17.52 -63.21 25 635 25
65.90 -3.79 726 -529 278 -26.99 -41.97 85 49 -34 -17.33 -64.35 -83 1763 -170
65.85 -3.52 484 -264 -281 -26.88 -42.31 37 -130 7 -16.82 -65.98 400 3241 48
65.90 -3.33 473 -186 -309 -26.76 -42.61 -289 -302 102 -15.97 -67.67 659 3067 15
65.96 -3.13 624 -221 -55 -26.69 -42.63 -402 -401 262 -15.44 -69.08 -763 145 1314
65.92 -2.78 519 -288 176 -26.71 -42.24 -248 -229 184 -14.91 -69.45 -498 -299 616
65.83 -2.40 53 -228 202 -26.78 -41.74 -53 15 -59 -14.45 -69.91 -529 -480 91
