68.02 -2.63 112 27 22 -24.94 -44.86 25 187 -24 -16.04 -52.61 -63 31 -12
68.05 -2.60 48 -22 96 -24.87 -45.09 19 210 -25 -16.00 -52.72 -57 45 -46
68.09 -2.57 108 -74 179 -24.81 -45.30 -30 262 30 -16.00 -52.81 -4 27 -27
68.13 -2.47 249 -25 204 -24.82 -45.41 48 371 101 -16.00 -52.90 53 57 -8
68.12 -2.34 242 43 136 -25.04 -45.03 -81 273 208 -15.99 -52.98 126 80 9
68.10 -2.24 228 110 53 -25.39 -44.09 -323 -14 360 -16.02 -53.05 112 82 29
68.08 -2.15 171 115 19 -25.73 -43.14 -217 54 174 -16.04 -53.13 33 58 7
68.06 -2.07 102 70 56 -26.05 -42.03 119 267 -118 -16.06 -53.23 -53 41 -7
68.01 -2.02 105 -17 156 -26.39 -40.87 446 301 -176 -16.05 -53.35 -118 36 -24
67.88 -2.02 123 -104 278 -26.85 -39.62 512 142 -168 -16.05 -53.45 -70 48 20
67.63 -2.08 217 -126 387 -27.37 -38.33 608 99 -178 -16.06 -53.55 55 151 81
67.28 -2.13 202 -14 335 -27.99 -37.15 651 196 -466 -16.08 -53.67 71 128 122
66.85 -2.17 72 106 157 -28.47 -36.03 567 291 -888 -16.09 -53.80 68 39 152
66.46 -2.20 29 150 -5 -28.77 -35.01 415 272 -1037 -16.10 -53.92 52 15 120
66.08 -2.27 5 89 -31 -28.93 -34.06 -4 592 -1469 -16.14 -54.03 37 42 70
65.59 -2.42 71 -4 25 -28.77 -33.57 705 1050 -1878 -16.19 -54.12 37 2 135
64.90 -2.69 365 -166 186 -28.39 -33.42 -252 -508 85 -16.26 -54.25 68 37 177
63.93 -2.92 355 -165 22 -28.36 -33.65 2200 1132 -2014 -16.36 -54.51 54 103 310
62.81 -3.30 121 -186 -114 -28.20 -34.18 810 -1065 158 -16.48 -54.84 -3 116 348
61.74 -3.81 73 -118 -295 -28.31 -34.26 174 -924 -249 -16.69 -55.45 46 378 51
