60.78 -2.38 181 -58 -545 -26.52 -43.51 100 172 -31 -17.10 -53.38 -83 351 651
60.78 -2.38 181 -58 -545 -26.52 -43.51 100 172 -31 -17.10 -53.38 -83 351 651
59.14 -3.62 303 -138 -981 -26.50 -43.49 -4 139 -74 -16.81 -54.72 156 -83 568
58.04 -4.24 -541 73 -1501 -26.45 -43.54 -76 190 -103 -16.43 -55.57 244 -1458 1198
56.98 -5.22 -1643 260 -1589 -26.32 -43.65 -58 241 -73 -16.16 -55.51 530 -1849 1057
56.67 -6.52 -599 -143 -102 -26.17 -43.75 -31 278 40 -15.97 -54.86 543 -547 272
56.84 -7.19 1109 -502 1260 -26.16 -43.38 -202 165 456 -15.73 -54.13 173 659 -504
57.05 -7.24 1883 -429 1605 -26.48 -42.28 -453 195 366 -15.23 -53.54 364 857 -964
57.09 -6.95 1880 -348 1317 -26.76 -41.24 -120 541 198 -14.69 -52.87 721 1348 -1505
57.02 -6.58 1074 -291 569 -27.09 -40.15 12 553 109 -14.19 -52.39 710 2266 -2052
56.99 -6.31 388 -303 -28 -27.52 -38.93 -217 233 211 -14.10 -52.50 -316 729 -1555
57.18 -5.87 -54 -331 -308 -27.91 -37.41 45 -153 303 -14.37 -52.68 -1372 -1474 -142
57.68 -5.33 -109 -351 -393 -28.35 -35.51 544 -350 307 -14.41 -52.48 -1556 -1893 513
58.22 -4.88 -344 -299 -254 -28.87 -33.36 498 -245 -162 -14.27 -52.16 -1083 -1426 505
58.78 -4.55 130 -367 214 -29.30 -31.23 435 -5 -979 -14.26 -51.73 -338 -697 90
59.23 -4.04 82 -347 359 -29.43 -29.64 1265 358 -1964 -14.49 -51.20 70 -228 -448
59.58 -3.46 79 -295 401 -29.33 -29.52 2980 1568 -3717 -14.90 -50.56 244 -288 -733
59.99 -2.85 -39 -207 271 -28.73 -32.08 3037 1482 -3523 -15.46 -49.87 132 -443 -856
60.37 -2.27 -223 -129 72 -28.83 -33.30 -925 -1373 924 -16.01 -49.30 -136 -141 -840
60.75 -1.76 -309 -115 8 -28.93 -33.15 -610 -1689 864 -16.46 -48.87 -505 43 -584
