59.60 -0.61 95 -229 285 -27.74 -32.03 1104 102 -631 -16.11 -55.85 204 -2 278
58.73 -1.04 87 -66 222 -27.34 -32.52 783 -374 -34 -15.96 -56.37 293 -9 345
57.96 -1.42 362 106 81 -27.03 -32.88 377 -610 71 -15.80 -56.70 360 47 111
57.33 -1.68 489 250 -159 -26.82 -33.20 153 -521 -135 -15.77 -57.05 203 5 44
56.69 -1.92 342 341 -367 -26.61 -33.51 117 -416 -187 -15.66 -57.26 -141 -500 329
56.11 -2.21 280 386 -375 -26.55 -33.70 246 -345 -208 -15.52 -56.90 -360 -634 466
55.57 -2.60 223 320 -239 -26.74 -33.58 436 -321 -160 -15.33 -56.00 -202 -414 206
55.00 -3.11 27 213 -177 -27.23 -33.17 541 -520 -81 -15.08 -55.01 -39 -269 -108
54.49 -3.64 -85 241 -170 -27.89 -32.63 518 -849 42 -14.77 -54.00 2 -327 -175
54.18 -4.12 42 266 -303 -28.59 -32.33 370 -1032 -10 -14.47 -52.72 107 -221 -270
53.87 -4.64 225 173 215 -29.25 -31.34 -1220 -1495 662 -14.11 -51.36 209 -146 -382
53.84 -5.00 1000 -193 743 -29.47 -31.06 539 -129 -776 -13.86 -49.89 32 313 -631
53.80 -5.05 1157 -420 917 -29.75 -30.92 -807 -639 325 -13.71 -48.53 -311 882 -977
53.69 -4.84 1007 -507 733 -30.02 -30.48 -573 -302 149 -13.53 -47.62 -361 788 -1072
53.60 -4.54 676 -515 355 -30.10 -30.53 408 377 -632 -13.28 -47.03 -292 969 -1082
53.53 -4.21 348 -388 -228 -30.04 -31.46 1028 931 -1140 -13.06 -46.97 -517 -388 -362
53.49 -3.87 119 -293 -567 -29.87 -33.12 1101 1439 -1249 -12.84 -46.82 -770 -1200 87
53.66 -3.43 3 -267 -636 -29.58 -35.19 889 1660 -960 -12.59 -46.49 -866 -1263 196
54.09 -2.96 -287 -279 -701 -29.50 -35.92 -975 523 1139 -12.40 -45.96 -593 -771 -47
54.66 -2.60 -566 -284 -612 -29.48 -36.09 -152 912 336 -12.27 -45.41 -177 -329 -347
