64.40 -7.01 -501 902 -642 -26.19 -39.11 -123 61 -274 -12.21 -48.79 -24 -90 51
64.78 -7.71 2035 -246 788 -26.19 -38.34 104 424 -503 -12.19 -48.72 -39 -87 33
64.77 -7.76 1997 -769 1197 -26.16 -37.70 321 772 -704 -12.19 -48.65 2 -100 49
64.57 -7.54 1151 -665 699 -26.09 -37.18 501 1195 -741 -12.19 -48.55 4 -193 109
64.42 -7.22 434 -504 126 -26.07 -36.74 729 1727 -792 -12.19 -48.33 -38 -500 319
64.18 -6.92 -558 -192 -510 -26.09 -36.50 1396 2360 -1097 -12.14 -47.99 -52 -397 156
64.15 -6.82 -1143 41 -727 -26.02 -37.05 2709 1132 -1438 -12.10 -47.67 -41 -388 149
64.29 -6.99 -500 12 -153 -25.88 -38.95 522 -689 -171 -12.08 -47.25 -24 -374 147
64.46 -7.06 692 -257 551 -25.94 -40.07 -1461 -1497 476 -12.02 -46.73 -85 -530 308
64.58 -6.67 991 -268 627 -25.81 -40.38 -1426 -1271 590 -11.87 -45.99 -176 -700 343
64.75 -6.06 523 17 212 -25.65 -40.32 -171 -508 -6 -11.77 -45.16 -135 -409 -11
64.94 -5.72 27 195 -149 -25.69 -40.34 543 83 -439 -11.75 -44.51 -64 87 -392
65.03 -5.72 -175 232 -255 -25.86 -40.37 584 381 -604 -11.71 -44.06 64 528 -615
65.06 -5.85 -193 162 -201 -26.11 -40.52 344 303 -447 -11.65 -43.79 95 859 -723
64.99 -6.05 -170 84 -96 -26.35 -40.77 -198 -179 9 -11.61 -43.69 116 1460 -1097
64.92 -6.28 -11 -17 58 -26.44 -40.84 -529 -635 454 -11.86 -43.99 616 3257 -2651
64.96 -6.44 424 -185 316 -26.43 -40.63 -409 -98 324 -12.58 -45.88 1695 5697 -4884
64.96 -6.38 531 -244 345 -26.35 -40.44 667 730 -184 -13.44 -49.58 871 2399 -699
64.99 -6.25 301 -127 181 -26.40 -40.66 784 1061 -458 -12.67 -50.50 -680 290 244
64.99 -6.25 301 -127 181 -26.40 -40.66 784 1061 -458 -12.67 -50.50 -680 290 244
