65.63 0.66 187 -16 126 -27.27 -42.13 115 148 -94 -17.58 -50.63 -8 -358 185
65.62 0.64 185 -20 133 -27.25 -42.19 107 136 -101 -17.62 -50.47 -80 -594 278
65.60 0.63 166 -32 138 -27.24 -42.24 96 118 -95 -17.80 -50.15 -219 -795 337
65.57 0.62 112 -22 104 -27.23 -42.28 130 83 -75 -17.90 -49.73 -130 -864 335
65.56 0.60 97 15 65 -27.26 -42.31 128 81 -68 -18.03 -49.19 -86 -659 301
65.58 0.59 166 37 64 -27.32 -42.34 140 116 -71 -18.01 -48.59 47 -225 150
65.58 0.57 219 23 93 -27.38 -42.37 104 99 -51 -17.75 -47.94 -56 648 -75
65.58 0.57 232 10 98 -27.43 -42.38 117 31 2 -17.09 -47.31 255 1890 -568
65.55 0.57 217 -1 85 -27.50 -42.33 -116 -228 225 -15.99 -47.10 920 3418 -1476
65.54 0.56 177 -30 92 -27.67 -41.97 -746 -800 691 -15.27 -47.42 -49 2717 -2154
65.50 0.53 144 -59 78 -27.92 -41.08 -643 -1011 738 -15.38 -48.44 -629 -1212 234
65.48 0.51 140 -72 83 -28.25 -39.96 -379 -886 427 -15.23 -48.29 -1139 -2836 1387
65.46 0.49 210 -87 137 -28.58 -38.65 -293 -473 -85 -14.80 -47.56 -637 -2020 705
65.40 0.47 308 -91 174 -28.76 -37.44 155 287 -788 -14.58 -46.82 137 -937 -197
65.34 0.51 310 -47 124 -28.80 -36.81 1549 2079 -2354 -14.78 -46.23 668 138 -920
65.28 0.56 190 22 2 -28.43 -38.45 4669 5180 -4852 -15.18 -46.05 655 279 -837
65.26 0.58 124 82 -57 -27.51 -43.18 2574 3747 -2893 -15.60 -46.14 200 -469 -319
65.28 0.59 239 42 45 -27.20 -44.24 -40 -735 1055 -16.17 -46.21 -230 -1041 162
65.26 0.62 367 -57 180 -27.03 -44.75 -195 -1208 301 -16.16 -46.16 129 2 -186
65.24 0.70 571 -196 381 -26.86 -45.09 30 -970 -76 -16.42 -46.18 48 1087 -608
