64.75 1.15 155 -112 112 -26.96 -44.27 73 153 -48 -17.62 -50.14 -109 -524 256
64.59 1.22 285 -62 101 -26.93 -44.33 104 87 -68 -17.71 -49.86 -126 -678 382
64.33 1.27 193 -44 84 -26.93 -44.34 97 86 -102 -17.73 -49.46 -4 -662 432
64.00 1.15 -258 55 -127 -26.93 -44.34 67 78 -113 -17.74 -49.04 93 -470 290
63.45 0.68 -1176 233 -461 -26.93 -44.30 1 52 -117 -17.78 -48.55 84 -299 161
62.78 -0.21 -2089 546 -907 -26.92 -44.22 -15 28 -85 -17.79 -47.98 1 -333 110
62.30 -1.47 -2378 780 -1233 -26.94 -44.08 -72 -44 -20 -17.66 -47.40 71 -97 -15
62.38 -2.53 387 698 -7 -27.00 -43.76 -525 -527 430 -17.33 -46.76 11 580 -234
62.97 -2.82 2851 -350 1589 -27.19 -42.80 -656 -965 696 -16.66 -46.07 150 1620 -623
62.70 -2.47 2047 -432 946 -27.43 -41.58 -281 -738 390 -15.90 -45.57 390 3123 -1550
62.34 -2.02 1031 -468 281 -27.72 -40.31 -224 -535 152 -14.93 -45.79 373 3904 -2222
62.35 -1.62 315 -244 -377 -27.93 -38.99 95 -362 -11 -14.72 -46.93 -365 776 -1301
62.38 -1.38 146 -169 -391 -28.21 -37.65 206 -246 -202 -14.66 -47.79 -844 -2904 1410
62.38 -1.38 146 -169 -391 -28.21 -37.65 206 -246 -202 -14.66 -47.79 -844 -2904 1410
62.80 -0.77 794 -341 302 -28.81 -35.11 577 545 -989 -14.14 -46.74 -157 -1542 274
63.17 -0.20 634 -478 412 -29.01 -34.34 1385 1955 -2199 -14.19 -46.32 296 -564 -466
63.24 0.23 -735 -277 26 -28.90 -35.12 3444 4556 -4527 -14.45 -46.14 422 -24 -739
63.35 0.39 -954 -72 -140 -28.18 -39.15 4829 5917 -5803 -14.85 -46.24 139 -314 -491
63.45 0.37 -1049 93 -202 -27.52 -43.17 -1335 438 333 -15.30 -46.42 -281 -809 -220
63.55 0.22 -801 168 -103 -26.95 -43.65 70 -763 46 -15.67 -46.50 -280 -514 6
