64.88 -0.44 144 -20 116 -28.23 -42.62 163 132 -79 -17.92 -49.24 45 60 10
64.93 -0.41 300 -4 72 -28.32 -42.65 83 127 -101 -17.94 -49.26 -28 11 -33
64.90 -0.37 98 61 -21 -28.32 -42.64 34 83 -140 -17.90 -49.26 -37 2 -26
64.95 -0.40 307 37 113 -28.30 -42.63 46 60 -149 -17.86 -49.25 -43 54 -34
64.94 -0.35 314 64 106 -28.27 -42.60 35 2 -79 -17.82 -49.26 16 52 -10
64.90 -0.30 169 57 102 -28.27 -42.51 -3 -77 10 -17.81 -49.26 91 95 -35
64.88 -0.29 -7 29 90 -28.29 -42.20 -207 -417 338 -17.82 -49.26 -37 15 45
64.85 -0.35 29 -32 143 -28.41 -41.62 -249 -642 400 -17.78 -49.26 98 53 47
64.83 -0.38 215 -91 190 -28.59 -40.86 -207 -821 414 -17.82 -49.26 22 32 40
64.82 -0.34 307 -48 101 -28.84 -39.92 -235 -860 379 -17.85 -49.26 2 99 -18
64.82 -0.34 307 -48 101 -28.84 -39.92 -235 -860 379 -17.85 -49.26 2 99 -18
64.78 -0.29 118 24 -7 -29.40 -37.63 107 -94 -254 -17.85 -49.30 -67 34 -27
64.76 -0.32 75 -24 61 -29.69 -36.53 336 245 -490 -17.82 -49.31 -13 -39 -6
64.73 -0.32 91 -44 101 -29.96 -35.54 615 785 -996 -17.83 -49.30 80 -10 -8
64.74 -0.29 156 -57 137 -30.22 -34.90 1608 2230 -2303 -17.90 -49.28 81 55 -31
64.75 -0.26 268 -65 157 -30.12 -36.21 3810 4805 -4761 -17.94 -49.27 12 25 -4
64.76 -0.19 331 -75 140 -29.13 -40.88 2849 4698 -4345 -17.90 -49.25 -51 -41 9
64.76 -0.08 363 -45 89 -28.42 -42.98 -945 -342 1047 -17.81 -49.22 -105 -112 24
64.79 0.05 597 -87 189 -28.06 -43.64 -326 -857 321 -17.71 -49.17 -66 -133 19
64.78 0.27 716 -179 279 -27.88 -44.12 66 -911 100 -17.66 -49.12 5 -150 7
