64.20 1.43 435 -140 151 -29.15 -41.16 73 120 -102 -16.88 -49.71 -20 -830 258
64.13 1.85 692 -300 376 -29.10 -41.19 48 117 -77 -17.16 -49.45 -21 -593 63
63.91 2.39 480 -327 329 -29.00 -41.35 41 57 -11 -17.36 -49.32 101 -522 149
63.61 2.86 -16 -309 198 -28.83 -41.72 49 29 63 -17.48 -49.10 108 -665 299
63.27 3.15 -611 -223 33 -28.65 -42.21 76 42 84 -17.62 -48.75 -27 -664 235
62.96 3.14 -1320 -114 -13 -28.46 -42.83 101 2 86 -17.65 -48.34 -55 -493 81
62.60 2.48 -1571 -331 308 -28.24 -43.52 129 -156 195 -17.64 -47.92 90 38 -117
61.74 1.42 -1502 -270 376 -28.00 -44.50 98 -327 263 -17.54 -47.54 120 853 -372
61.11 0.74 688 27 753 -27.81 -45.42 -137 -587 550 -17.24 -47.31 215 1813 -606
60.76 0.67 2186 -457 1054 -27.56 -46.56 -45 -352 456 -16.73 -47.31 622 3040 -933
60.09 1.10 1486 -356 362 -27.16 -48.03 -67 -288 536 -16.02 -47.72 872 3837 -1516
59.30 1.50 590 -228 -253 -26.88 -49.21 -245 -682 713 -15.90 -48.70 25 1153 -705
58.76 1.77 120 -219 -510 -26.63 -49.96 -116 -254 173 -15.84 -49.37 -823 -2037 1288
58.42 2.10 99 -70 -664 -26.36 -50.89 155 584 -328 -15.52 -49.03 -1186 -2241 1179
58.14 2.41 298 -17 -576 -25.97 -52.00 504 1846 -877 -15.15 -48.55 -575 -1076 187
57.90 2.76 430 11 -405 -25.36 -53.60 1245 3651 -1481 -15.04 -48.22 -124 -323 -396
57.68 3.13 180 -13 -189 -24.33 -56.24 2407 5955 -2305 -15.11 -48.01 215 -71 -485
57.49 3.53 -89 44 -53 -22.66 -60.31 395 4698 -862 -15.28 -47.89 161 -187 -243
57.28 3.89 -631 258 -319 -21.86 -61.28 -906 1321 2039 -15.50 -47.76 -25 -343 -89
57.16 3.96 -988 487 -493 -21.52 -62.18 -849 356 776 -15.75 -47.65 -146 -205 -21
