59.77 2.33 805 -224 350 -27.84 -42.69 43 141 -47 -16.34 -49.07 54 -396 65
59.70 2.74 868 -326 445 -27.75 -42.89 52 92 -56 -16.45 -48.95 57 -594 164
59.56 3.31 643 -336 355 -27.67 -43.16 57 118 -70 -16.58 -48.70 1 -868 304
59.33 3.94 256 -271 191 -27.60 -43.40 77 130 -68 -16.73 -48.29 -24 -1104 372
59.05 4.46 -180 -128 -19 -27.53 -43.65 83 98 -71 -16.94 -47.81 -15 -1027 246
58.66 4.71 -753 183 -324 -27.45 -43.95 99 27 -34 -17.16 -47.43 111 -535 42
58.19 4.47 -1634 432 -725 -27.35 -44.39 114 -33 -5 -17.20 -47.12 239 304 -248
57.67 3.61 -2360 668 -805 -27.20 -45.05 113 -136 135 -16.96 -47.02 451 1294 -453
57.72 2.56 -496 346 297 -26.99 -45.89 39 -311 322 -16.54 -47.05 784 2480 -734
58.03 2.00 1349 -526 1260 -26.77 -46.73 -198 -689 609 -15.91 -47.41 1052 3722 -1268
57.88 2.16 1192 -660 960 -26.68 -47.16 -481 -1216 982 -15.72 -48.10 -114 3004 -1569
57.52 2.52 615 -579 314 -26.63 -47.52 -354 -1009 581 -15.86 -49.29 -682 -454 314
57.30 2.89 177 -326 -292 -26.34 -48.50 -42 -264 61 -15.71 -49.52 -1650 -2501 1459
57.27 3.10 276 -171 -418 -25.86 -50.00 319 757 -261 -15.27 -49.04 -1033 -1772 713
57.27 3.23 577 -210 -166 -25.12 -51.85 1217 2739 -1031 -15.01 -48.59 -243 -703 -142
57.16 3.50 561 -303 100 -24.05 -54.72 2637 5541 -1987 -14.98 -48.30 315 -322 -344
56.93 3.90 127 -218 215 -22.55 -58.75 1960 5885 -1771 -15.11 -48.07 415 -305 -243
56.74 4.27 -462 -83 51 -21.58 -61.06 -2795 708 1991 -15.38 -47.86 185 -420 -132
56.62 4.43 -1114 266 -218 -21.24 -61.95 -1445 161 716 -15.73 -47.72 -164 -319 -167
56.71 4.28 -1105 458 -369 -20.76 -62.94 -967 -357 -1 -16.13 -47.71 -410 -192 60
