59.09 1.00 152 -18 86 -28.12 -41.70 87 115 -93 -15.81 -49.32 19 42 -15
59.09 1.00 142 -20 93 -28.10 -41.81 67 116 -77 -15.81 -49.32 25 41 -15
59.09 1.01 128 -12 89 -28.03 -42.01 50 104 -57 -15.81 -49.32 27 31 -18
59.09 1.02 127 -4 95 -27.91 -42.34 37 59 -12 -15.82 -49.32 11 26 -23
59.09 1.01 133 -1 97 -27.77 -42.79 67 33 3 -15.82 -49.32 -11 37 -33
59.09 1.01 135 -4 95 -27.61 -43.41 100 -8 47 -15.82 -49.31 -15 36 -32
59.09 1.00 166 -17 112 -27.44 -44.25 116 -17 29 -15.82 -49.31 -8 40 -29
59.08 1.02 187 -29 116 -27.22 -45.23 157 -55 49 -15.81 -49.31 -14 41 -24
59.07 1.05 200 -41 124 -26.99 -46.32 168 -153 126 -15.80 -49.31 -8 37 -29
59.06 1.09 198 -15 84 -26.72 -47.47 23 -363 287 -15.80 -49.31 -2 29 -30
59.05 1.13 200 -30 94 -26.58 -48.11 -628 -1173 1004 -15.80 -49.31 -22 18 -28
59.05 1.13 200 -30 94 -26.58 -48.11 -628 -1173 1004 -15.80 -49.31 -22 18 -28
59.05 1.21 161 -19 109 -26.58 -48.34 51 3 29 -15.75 -49.29 -15 53 -41
59.05 1.25 160 -22 102 -26.36 -49.22 404 748 -234 -15.75 -49.29 12 13 -24
59.06 1.29 141 -19 98 -26.10 -50.12 528 1263 -378 -15.76 -49.29 -6 -6 -19
59.07 1.34 221 -36 130 -25.69 -51.36 1142 2407 -985 -15.78 -49.27 -17 5 -24
59.07 1.42 275 -53 148 -24.80 -54.03 2420 4771 -2118 -15.81 -49.26 -5 -8 -8
59.07 1.54 328 -37 139 -23.34 -58.03 397 3678 -849 -15.83 -49.24 -17 -41 16
59.11 1.68 426 -62 159 -22.47 -59.83 -1549 491 1726 -15.85 -49.20 -23 -108 39
59.14 1.85 510 -128 200 -22.14 -60.70 -1120 -683 1060 -15.88 -49.15 -57 -198 63
