57.16 0.39 14 47 29 -27.80 -43.94 201 -72 -120 -14.56 -41.50 87 168 -435
57.16 0.34 137 6 114 -27.90 -43.67 123 -281 -61 -14.61 -41.40 89 314 -457
57.16 0.31 251 -50 198 -28.04 -43.44 133 -116 -196 -14.64 -41.42 21 200 -255
57.14 0.33 274 -58 184 -28.14 -43.28 239 109 -289 -14.64 -41.42 -19 12 -85
57.10 0.34 197 -55 146 -28.21 -43.10 303 194 -311 -14.62 -41.36 -69 -133 56
57.05 0.36 146 -12 99 -28.28 -42.98 278 253 -370 -14.58 -41.22 -44 -148 85
56.99 0.34 122 -3 100 -28.32 -42.96 317 354 -422 -14.52 -41.00 1 -97 52
56.91 0.30 101 10 94 -28.33 -43.03 312 355 -310 -14.48 -40.68 8 -122 106
56.84 0.25 128 -24 140 -28.36 -43.02 193 281 -201 -14.46 -40.17 -41 -132 106
56.76 0.20 198 -101 207 -28.41 -42.96 109 208 -177 -14.43 -39.54 -66 -157 95
56.64 0.17 156 -123 188 -28.43 -42.89 48 86 -150 -14.28 -38.80 -161 -403 287
56.47 0.11 -70 -52 88 -28.46 -42.81 -19 -4 -113 -14.14 -37.79 -269 -368 147
56.22 -0.09 -308 41 19 -28.51 -42.67 -23 21 -128 -14.08 -36.74 -190 -89 -176
55.89 -0.44 -525 316 -180 -28.53 -42.57 98 142 -173 -13.99 -35.75 -122 238 -421
55.50 -1.00 -686 684 -464 -28.54 -42.47 54 88 -99 -13.88 -34.68 -51 747 -762
55.13 -1.89 -466 799 -553 -28.60 -42.28 -49 33 -40 -13.82 -33.51 246 1687 -1721
54.72 -2.96 -337 770 -775 -28.67 -42.01 -38 21 -43 -14.19 -32.95 1148 3137 -3733
54.47 -3.98 418 332 212 -28.76 -41.68 -84 -54 -41 -15.49 -34.57 1976 4628 -6076
54.82 -4.53 2200 -814 1273 -28.85 -41.27 -131 -62 -113 -15.97 -38.15 -1147 427 -1265
54.70 -4.29 1620 -889 815 -29.00 -40.79 -178 40 -168 -15.00 -38.14 -386 -892 -437
