58.59 1.39 118 6 95 -28.56 -43.25 88 124 -111 -16.36 -49.01 15 29 -19
58.54 1.31 113 5 89 -28.55 -43.26 81 126 -108 -16.35 -48.97 43 33 15
58.50 1.26 98 -18 112 -28.55 -43.27 87 136 -113 -16.38 -48.92 28 57 9
58.41 1.17 24 -22 139 -28.55 -43.28 77 139 -121 -16.38 -48.88 15 -5 55
58.27 1.01 126 -87 222 -28.55 -43.28 78 133 -121 -16.31 -48.71 -54 -201 354
58.08 0.90 219 -105 213 -28.55 -43.29 83 122 -116 -16.07 -48.27 -87 -273 366
57.88 0.83 239 -51 151 -28.55 -43.30 84 132 -128 -15.92 -47.72 -110 -111 151
57.68 0.76 313 -68 210 -28.55 -43.30 76 153 -120 -15.84 -47.05 -30 -83 156
57.45 0.70 373 -115 236 -28.55 -43.32 81 169 -90 -15.69 -45.99 -45 -352 237
57.19 0.67 306 -103 143 -28.54 -43.36 71 155 -52 -15.51 -44.37 -26 -792 469
56.96 0.63 118 -8 -22 -28.54 -43.40 68 114 24 -15.32 -42.04 -174 -1060 406
56.73 0.51 -93 46 -97 -28.56 -43.43 55 162 102 -15.26 -39.33 -145 -759 -206
56.44 0.24 -315 79 -98 -28.59 -43.48 3 124 152 -15.32 -36.76 -130 -343 -724
56.08 -0.17 -560 230 -213 -28.65 -43.57 -112 39 241 -15.07 -34.50 -198 -118 -870
55.73 -0.69 -684 673 -479 -28.79 -43.49 -460 -345 567 -14.76 -32.33 -160 268 -1113
55.40 -1.46 -509 931 -599 -28.95 -43.01 -616 -878 938 -14.69 -30.10 137 1421 -2555
54.97 -2.49 -498 960 -836 -29.25 -42.10 -640 -1092 818 -15.30 -29.51 1361 3677 -5521
54.47 -3.60 -597 1019 -866 -29.65 -40.86 -580 -942 250 -16.36 -32.14 2131 4483 -6539
54.72 -4.70 1679 -357 918 -29.97 -39.56 -136 -347 -455 -17.28 -36.23 -550 673 -1869
54.88 -4.81 1964 -1057 1302 -30.25 -38.39 247 141 -805 -15.94 -36.68 -735 -1382 -521
