58.97 0.84 188 -19 135 -30.84 -40.81 947 1843 -843 -16.07 -48.11 11 -27 34
58.93 0.85 237 -43 171 -30.97 -40.01 1743 2428 -851 -16.07 -48.04 37 -124 117
58.89 0.85 214 -46 167 -31.10 -39.56 2276 2677 -1138 -16.09 -47.91 -86 -235 180
58.83 0.85 80 -48 119 -30.91 -39.89 1523 468 -672 -15.98 -47.61 -119 -401 306
58.70 0.74 -133 -29 58 -31.17 -40.30 -1391 -1964 -21 -15.93 -47.21 -64 -52 86
58.50 0.51 -165 -69 92 -31.35 -39.89 -1782 -1856 -255 -15.86 -46.81 -58 150 84
58.25 0.30 -5 -73 175 -31.17 -39.25 71 -896 -392 -15.73 -46.28 -18 197 96
58.00 0.13 209 -39 208 -31.17 -38.54 931 11 -711 -15.58 -45.62 -87 46 127
57.72 -0.02 298 14 126 -31.37 -37.86 702 244 -930 -15.43 -44.74 -127 -128 152
57.45 -0.18 305 19 61 -31.43 -37.41 249 -113 -653 -15.21 -43.53 -18 -269 82
57.19 -0.30 384 -17 65 -31.31 -37.13 117 -618 -259 -15.00 -42.03 -31 -477 24
56.94 -0.44 397 -83 117 -31.26 -36.81 48 -493 -16 -14.82 -40.26 -146 -720 -7
56.62 -0.56 202 -47 25 -31.29 -36.46 323 184 -313 -14.65 -38.19 -273 -755 -138
56.21 -0.76 -223 162 -200 -31.25 -36.47 527 799 -576 -14.45 -36.03 -244 -400 -471
55.76 -1.15 -609 663 -513 -31.04 -36.91 801 1091 -562 -14.30 -33.84 -135 433 -1191
55.34 -1.89 -520 973 -658 -30.78 -37.77 911 1075 -477 -14.44 -31.90 568 2301 -3517
54.85 -2.93 -536 1026 -871 -30.51 -38.96 544 811 -271 -15.55 -32.56 2069 4715 -6469
54.37 -4.10 -246 828 -450 -30.26 -40.03 -135 250 149 -17.26 -36.60 1499 3883 -4428
54.66 -5.10 2147 -705 1313 -30.08 -40.78 -561 -178 455 -16.63 -39.29 -1409 -1506 630
54.59 -5.02 1847 -1130 1333 -29.97 -41.20 -513 -239 477 -16.24 -39.41 -1211 -1455 53
