59.75 0.33 195 -23 118 -28.98 -42.69 89 143 -134 -15.69 -48.61 -6 16 -11
59.75 0.34 216 -30 123 -28.96 -42.68 80 127 -146 -15.67 -48.60 6 2 -3
59.75 0.34 216 -30 123 -28.96 -42.68 80 127 -146 -15.67 -48.60 6 2 -3
59.73 0.40 283 -65 153 -28.92 -42.69 96 121 -118 -15.66 -48.56 19 -61 3
59.72 0.49 363 -89 198 -28.92 -42.69 92 121 -118 -15.64 -48.50 -30 -217 101
59.72 0.63 462 -125 260 -28.92 -42.68 86 128 -122 -15.62 -48.36 -149 -475 243
59.73 0.84 500 -141 271 -28.92 -42.67 71 123 -132 -15.53 -48.03 -223 -820 424
59.79 1.11 589 -143 267 -28.90 -42.67 69 115 -128 -15.43 -47.57 -187 -866 378
59.83 1.40 522 -140 196 -28.89 -42.66 75 109 -122 -15.32 -46.99 -72 -898 421
59.80 1.68 243 -100 54 -28.88 -42.66 65 76 -125 -15.32 -46.22 -9 -613 190
59.80 1.90 -17 -86 5 -28.87 -42.65 42 19 -116 -15.39 -45.47 3 -315 -24
59.78 2.08 -134 -77 20 -28.90 -42.64 -8 -111 -98 -15.35 -44.80 -4 -116 -167
59.76 2.19 -209 -70 60 -28.93 -42.62 -150 -306 58 -15.24 -44.21 -45 185 -336
59.73 2.26 -408 52 -5 -28.93 -42.41 -307 -642 350 -15.11 -43.66 -98 521 -462
59.68 2.19 -588 298 -165 -28.98 -41.93 -294 -753 471 -14.92 -43.15 115 1212 -856
59.57 1.74 -770 543 -362 -29.10 -41.30 -120 -515 280 -15.11 -42.94 793 3473 -2712
59.23 0.77 -944 494 -463 -29.26 -40.78 -67 -199 -17 -16.16 -44.48 1932 6333 -5454
58.77 -0.29 -966 923 -601 -29.41 -40.20 -39 -9 -163 -17.87 -49.02 1692 4868 -3688
59.52 -1.02 2180 -98 1050 -29.46 -39.52 -74 56 -217 -17.34 -51.62 -1496 1078 -795
59.76 -0.89 2536 -866 1456 -29.49 -38.71 -204 151 -298 -16.54 -52.51 -1303 480 -960
