65.76 -5.55 177 -7 79 -25.37 -43.40 79 120 -114 -11.50 -51.49 4 3 -5
65.77 -5.55 162 -10 84 -25.37 -43.40 77 120 -113 -11.50 -51.48 4 -11 1
65.77 -5.55 180 -44 114 -25.37 -43.40 88 117 -117 -11.50 -51.46 -1 -74 73
65.76 -5.55 178 -50 104 -25.38 -43.40 90 109 -117 -11.48 -51.41 -18 -9 7
65.75 -5.55 171 -43 75 -25.38 -43.40 92 111 -114 -11.47 -51.37 -13 -66 32
65.75 -5.55 173 -39 72 -25.38 -43.40 80 113 -112 -11.46 -51.30 -42 -197 57
65.75 -5.55 183 -36 87 -25.37 -43.39 75 129 -103 -11.51 -51.13 -147 -382 163
65.75 -5.53 195 -27 92 -25.37 -43.39 67 123 -109 -11.52 -50.90 -65 -387 128
65.76 -5.51 200 -34 107 -25.36 -43.40 69 116 -106 -11.53 -50.61 -53 -564 269
65.75 -5.49 216 -39 96 -25.36 -43.40 79 119 -115 -11.45 -50.16 -39 -713 337
65.75 -5.47 310 -96 135 -25.36 -43.40 80 113 -116 -11.43 -49.48 -60 -669 267
65.75 -5.40 396 -147 179 -25.36 -43.39 79 116 -117 -11.46 -48.73 -41 -373 -2
65.75 -5.40 396 -147 179 -25.36 -43.39 79 116 -117 -11.46 -48.73 -41 -373 -2
65.74 -5.09 359 -102 121 -25.35 -43.38 47 101 -107 -11.45 -47.53 22 96 -306
65.82 -4.88 422 -112 134 -25.35 -43.37 47 80 -108 -11.42 -47.05 90 462 -443
65.87 -4.64 440 -145 137 -25.35 -43.37 58 4 -119 -11.49 -46.69 418 1680 -1191
65.89 -4.39 309 -132 105 -25.41 -43.33 -210 -222 33 -12.01 -47.13 996 4443 -3259
65.91 -4.14 145 -88 51 -25.47 -43.06 -235 -405 219 -12.79 -49.62 1712 5567 -4167
65.94 -3.95 70 -92 64 -25.51 -42.65 -16 -314 115 -13.18 -52.66 -420 710 522
65.92 -3.79 -83 -45 43 -25.54 -42.28 55 -287 42 -12.58 -52.81 -812 -391 37
