59.72 0.09 166 -14 107 -28.71 -42.18 85 136 -136 -15.39 -49.20 16 18 -7
59.71 0.10 172 -41 123 -28.71 -42.18 86 133 -126 -15.39 -49.19 7 13 -24
59.70 0.11 152 -41 129 -28.71 -42.18 87 132 -132 -15.39 -49.19 -8 21 -40
59.68 0.12 149 -28 100 -28.71 -42.19 93 128 -138 -15.39 -49.18 -19 20 -25
59.68 0.15 192 -31 113 -28.71 -42.19 89 132 -126 -15.38 -49.16 -16 -22 6
59.67 0.18 235 -45 130 -28.71 -42.19 82 134 -114 -15.36 -49.12 -24 -122 76
59.67 0.25 289 -84 170 -28.71 -42.19 78 130 -119 -15.32 -49.04 -64 -173 57
59.67 0.36 363 -79 192 -28.71 -42.19 76 121 -125 -15.30 -48.87 -169 -523 277
59.67 0.52 446 -119 249 -28.71 -42.19 80 123 -125 -15.19 -48.52 -221 -815 392
59.74 0.76 714 -183 339 -28.70 -42.19 72 118 -121 -15.05 -47.96 -259 -1198 621
59.77 1.13 791 -239 360 -28.71 -42.17 68 100 -117 -14.81 -47.00 -299 -1553 779
59.74 1.57 579 -255 246 -28.69 -42.17 54 71 -112 -14.78 -45.64 -239 -1152 342
59.66 1.99 33 -132 22 -28.68 -42.17 59 15 -126 -14.87 -44.36 45 -56 -508
59.54 2.26 -555 43 -209 -28.71 -42.17 -2 -98 -38 -14.95 -43.54 245 903 -1013
59.45 2.30 -948 248 -343 -28.74 -42.08 -234 -428 232 -14.90 -43.14 339 1553 -1258
59.45 2.04 -1023 387 -327 -28.78 -41.72 -519 -851 551 -14.99 -43.10 530 2656 -1953
59.42 1.49 -922 507 -338 -28.90 -40.97 -435 -975 570 -15.62 -43.84 1228 4754 -3836
59.24 0.67 -1144 605 -514 -29.07 -40.29 -278 -730 259 -17.13 -46.68 2350 6654 -5917
59.08 -0.40 -671 834 -328 -29.31 -39.56 -146 -241 -91 -17.45 -50.73 -2033 1072 968
59.80 -1.16 2646 -385 1324 -29.43 -38.82 70 357 -393 -16.44 -50.68 -1176 129 127
