60.18 -0.09 230 -44 144 -29.16 -39.24 520 1515 -559 -15.43 -48.44 -63 -93 8
60.17 -0.02 258 -52 145 -29.13 -39.27 995 2029 -712 -15.42 -48.34 -40 -171 44
60.19 0.08 260 -37 113 -29.11 -39.55 1620 1650 -880 -15.39 -48.20 20 -214 66
60.20 0.19 302 -30 120 -28.82 -40.96 163 -1306 292 -15.36 -48.01 38 -266 95
60.21 0.32 350 -59 139 -29.12 -41.06 -2099 -2590 1179 -15.38 -47.76 24 -233 75
60.18 0.46 282 -48 104 -29.11 -40.55 -870 -1713 648 -15.39 -47.47 16 -220 76
60.15 0.61 167 -34 88 -29.12 -40.10 266 -418 -321 -15.38 -47.12 8 -241 94
60.13 0.74 152 -54 120 -29.19 -39.98 652 238 -746 -15.38 -46.69 -18 -428 216
60.15 0.88 221 -94 175 -29.26 -40.04 320 147 -547 -15.39 -46.07 -120 -592 295
60.15 1.05 271 -121 187 -29.34 -40.05 -163 38 -443 -15.35 -45.29 -187 -662 278
60.15 1.24 215 -117 154 -29.33 -39.99 -170 82 -311 -15.33 -44.42 -94 -275 -107
60.11 1.43 5 -67 44 -29.29 -39.93 -149 12 -223 -15.33 -43.70 2 304 -494
60.08 1.55 -258 25 -79 -29.32 -39.59 -199 286 -80 -15.22 -43.29 81 621 -627
60.08 1.54 -347 73 -94 -29.26 -39.28 441 677 -283 -15.09 -43.01 104 779 -693
60.10 1.45 -309 87 -39 -29.20 -39.33 529 741 -351 -15.06 -42.94 35 1116 -837
60.06 1.27 -542 231 -131 -29.13 -39.57 397 520 -260 -15.03 -43.10 217 1834 -1224
60.00 0.88 -785 500 -340 -29.04 -39.93 301 355 -247 -15.39 -43.76 1092 3850 -2981
59.98 0.18 -898 682 -528 -28.94 -40.38 244 253 -210 -16.76 -46.17 1892 5803 -4943
59.78 -0.86 -1112 837 -734 -28.83 -40.86 62 129 -99 -16.80 -50.10 -1523 904 756
60.00 -1.93 1070 135 627 -28.73 -41.26 -11 38 65 -15.70 -50.36 -942 -295 -21
