62.22 -0.46 256 -92 186 -26.62 -42.15 81 97 -97 -13.84 -50.02 12 -104 5
62.18 -0.39 323 -88 166 -26.61 -42.16 94 85 -77 -13.91 -50.08 84 -55 26
62.15 -0.27 209 11 60 -26.62 -42.16 128 67 -80 -13.98 -50.29 331 129 -370
62.17 -0.17 257 52 19 -26.64 -42.16 103 110 -106 -14.23 -51.29 250 -269 132
62.19 -0.08 336 -2 103 -26.68 -42.14 87 118 -122 -14.42 -52.40 452 -382 159
62.17 0.04 521 -113 205 -26.70 -42.13 113 81 -144 -14.75 -53.92 415 -871 540
62.12 0.24 572 -212 275 -26.74 -42.15 139 58 -186 -15.10 -55.11 -311 -1209 822
62.06 0.51 642 -202 215 -26.80 -42.23 58 99 -113 -15.39 -55.90 -479 61 11
61.96 0.83 478 -196 150 -26.79 -42.39 102 100 -55 -15.58 -56.98 -60 641 -132
61.86 1.15 125 -108 28 -26.72 -42.63 122 39 7 -15.76 -58.16 -5 414 25
61.76 1.39 95 -81 32 -26.66 -42.88 -15 -185 143 -15.89 -59.40 -29 87 157
61.71 1.65 370 -145 165 -26.62 -42.99 -271 -556 432 -16.03 -60.48 -225 -86 317
61.64 2.00 366 -233 247 -26.73 -42.64 -346 -678 470 -16.12 -61.19 -358 283 327
61.50 2.39 -23 -214 151 -26.76 -42.22 -171 -309 -39 -16.08 -61.75 -247 1012 192
61.34 2.69 -601 -87 -41 -26.75 -42.02 100 111 -262 -15.87 -62.44 -194 2146 -40
61.26 2.79 -1019 220 -319 -26.73 -41.85 110 -15 -29 -15.42 -63.64 349 3914 -634
61.25 2.50 -1259 574 -589 -26.77 -41.46 -87 -308 90 -14.95 -65.89 1277 5720 -1188
61.21 1.75 -1620 852 -930 -26.85 -40.98 -147 -313 -57 -14.53 -69.05 531 3767 -76
61.10 0.57 -1947 1130 -1162 -26.93 -40.47 -80 34 -295 -13.62 -70.79 -804 255 1154
61.75 -0.60 612 410 509 -26.97 -39.91 68 598 -543 -12.70 -71.83 -589 -910 431
