62.08 -0.61 102 -7 90 -27.00 -42.16 61 134 -122 -13.74 -51.57 -23 -14 -21
62.09 -0.62 141 -32 124 -26.98 -42.19 69 140 -123 -13.73 -51.56 -12 -30 8
62.09 -0.61 201 -21 120 -26.97 -42.21 71 128 -125 -13.73 -51.55 17 -36 30
62.09 -0.58 243 -14 108 -26.95 -42.23 84 116 -115 -13.72 -51.53 16 -92 35
62.09 -0.55 264 -28 130 -26.94 -42.24 72 121 -125 -13.75 -51.51 -6 -175 26
62.07 -0.51 327 -81 173 -26.93 -42.25 74 114 -131 -13.80 -51.53 -32 -248 35
62.05 -0.41 357 -108 184 -26.92 -42.25 67 98 -127 -13.84 -51.67 57 -350 -103
62.05 -0.24 428 -76 167 -26.92 -42.24 58 94 -112 -14.02 -52.33 6 -927 160
62.11 0.00 803 -202 364 -26.91 -42.24 64 88 -102 -14.21 -53.18 -81 -1354 294
62.15 0.45 1238 -351 515 -26.91 -42.25 90 34 -96 -14.49 -54.21 -100 -974 184
62.06 1.12 1197 -375 411 -26.95 -42.31 91 -13 -156 -14.81 -55.47 110 -74 -75
61.82 1.82 536 -263 111 -26.96 -42.44 -13 -81 -81 -14.97 -57.03 187 597 -96
61.64 2.40 -125 -77 -187 -26.90 -42.61 -152 -426 118 -14.98 -58.74 200 1136 -41
61.51 2.76 -358 -40 -228 -26.85 -42.54 -384 -1046 624 -14.96 -60.25 -51 1641 106
61.39 2.95 -516 -21 -172 -26.95 -42.15 -542 -1296 637 -14.77 -61.53 49 2486 -49
61.27 3.07 -780 117 -261 -26.96 -41.70 -213 -766 191 -14.51 -62.94 548 3501 -329
61.19 3.00 -1027 347 -367 -26.96 -41.39 132 -65 -141 -14.27 -64.86 960 4747 -878
61.12 2.51 -1274 542 -535 -26.94 -41.10 315 372 -302 -13.84 -67.24 321 1213 1548
61.00 1.62 -1571 782 -732 -26.89 -40.79 244 624 -438 -13.20 -67.97 -802 -801 1238
61.39 0.66 158 393 277 -26.81 -40.41 216 889 -514 -12.73 -68.60 -547 -1062 338
