62.29 -0.81 165 -15 108 -26.43 -39.60 1180 2160 -720 -13.54 -51.79 11 -69 3
62.29 -0.81 222 -28 124 -26.42 -39.55 1507 1871 -985 -13.57 -51.83 -23 -25 -5
62.27 -0.77 232 -35 126 -26.37 -40.50 22 14 -437 -13.61 -51.88 15 68 -63
62.26 -0.73 188 -16 95 -26.40 -40.97 -1577 -1307 609 -13.71 -52.19 46 31 -53
62.25 -0.69 174 9 70 -26.34 -40.70 -1015 -1011 394 -13.81 -52.55 44 -91 -6
62.26 -0.66 265 -38 134 -26.20 -40.51 205 -267 -342 -13.92 -53.02 45 -179 -33
62.25 -0.59 374 -103 185 -26.22 -40.58 400 -255 -437 -14.10 -53.68 -65 -176 -24
62.23 -0.45 387 -151 190 -26.36 -40.62 134 -395 -303 -14.23 -54.47 22 20 -143
62.19 -0.26 326 -132 154 -26.51 -40.58 -31 -444 -150 -14.30 -55.63 106 -68 11
62.18 -0.06 317 -68 105 -26.66 -40.48 -15 -156 -179 -14.32 -56.93 78 -387 259
62.18 0.16 411 -64 130 -26.78 -40.40 101 127 -295 -14.39 -58.17 -10 -549 325
62.17 0.42 603 -126 216 -26.79 -40.39 -186 392 -78 -14.60 -59.37 -27 -337 263
62.12 0.78 727 -235 296 -26.83 -40.18 352 859 -195 -14.83 -60.44 -74 93 250
62.02 1.26 522 -241 217 -26.85 -40.31 571 1140 -361 -14.93 -61.42 -107 713 183
61.87 1.75 43 -142 11 -26.86 -40.57 427 989 -312 -14.87 -62.35 -64 1499 123
61.72 2.07 -444 -10 -151 -26.94 -40.76 292 777 -323 -14.67 -63.37 104 2542 -204
61.63 2.17 -849 211 -295 -27.03 -40.95 164 471 -318 -14.48 -64.88 721 4403 -921
61.62 1.97 -1051 446 -393 -27.09 -41.18 -59 71 -191 -14.12 -66.97 503 2859 194
61.59 1.38 -1169 560 -462 -27.11 -41.38 -224 -253 51 -13.54 -68.07 -671 -209 1419
61.59 0.56 -756 708 -356 -27.10 -41.35 -293 -463 313 -13.00 -68.61 -368 -680 554
