58.59 -2.46 169 22 69 -28.69 -35.51 -6 137 -103 -15.53 -58.94 -72 -97 70
58.44 -2.51 -19 58 -6 -28.66 -35.46 60 161 -157 -15.57 -58.66 -93 -321 120
58.29 -2.64 -74 39 -7 -28.72 -35.29 28 146 -139 -15.63 -58.21 -58 -298 35
58.16 -2.79 102 18 43 -28.83 -35.05 138 167 -200 -15.74 -57.75 -29 -230 -67
58.04 -2.89 292 -22 125 -28.93 -34.81 84 187 -201 -15.86 -57.27 131 -562 1
57.90 -2.92 401 -2 129 -29.02 -34.55 58 193 -207 -16.06 -56.60 177 -1088 171
57.78 -2.89 472 25 96 -29.09 -34.29 61 123 -173 -16.32 -55.55 167 -1505 313
57.71 -2.80 512 -25 112 -29.15 -34.08 86 58 -144 -16.66 -54.17 81 -1194 147
57.66 -2.65 540 -111 190 -29.24 -33.87 98 -34 -57 -16.93 -52.81 -57 -648 -126
57.65 -2.46 556 -153 283 -29.38 -33.56 -134 -350 325 -17.14 -51.61 -223 390 -537
57.67 -2.21 559 -125 240 -29.61 -32.72 -366 -1038 1234 -17.11 -50.76 -153 1615 -1025
57.58 -2.04 236 -50 58 -30.06 -30.93 -639 -1484 1565 -16.84 -50.42 147 3486 -1673
57.36 -2.05 -384 110 -282 -30.65 -28.38 -717 -1535 1200 -16.00 -50.90 727 4121 -1945
57.05 -2.42 -1313 414 -814 -31.22 -25.58 -339 -1009 4 -15.10 -51.96 520 1518 -1308
56.57 -3.26 -1901 731 -1462 -31.59 -23.28 551 133 -1710 -15.13 -52.77 -1142 -2255 796
55.90 -4.51 -2113 819 -1119 -31.64 -22.42 2421 1983 -3959 -15.15 -52.41 -1475 -3007 1324
56.10 -5.84 1382 -377 1251 -31.24 -24.52 5045 4131 -6218 -14.91 -51.72 -538 -2229 852
56.49 -5.92 2842 -775 2030 -30.44 -29.99 4979 4546 -6709 -14.82 -50.89 377 -890 -94
56.52 -5.42 2388 -696 1310 -29.97 -32.57 -216 -920 -208 -15.15 -50.35 670 65 -827
56.22 -4.80 1456 -452 302 -30.25 -32.27 -442 -1206 -261 -15.63 -50.19 476 358 -979
