61.75 0.78 -56 168 103 -30.54 -36.74 83 108 -196 -17.31 -52.33 -161 46 -5
61.70 0.55 38 78 172 -30.59 -36.56 108 130 -196 -17.19 -52.65 -138 32 -52
61.64 0.36 149 1 195 -30.64 -36.41 50 83 -134 -17.08 -52.99 -72 73 -46
61.57 0.20 312 -84 230 -30.70 -36.24 22 118 -50 -16.98 -53.34 26 106 -3
61.50 0.11 443 -63 138 -30.73 -36.06 53 131 -16 -16.88 -53.64 43 73 4
61.37 0.05 415 -24 19 -30.78 -35.86 -25 106 -46 -16.78 -53.87 32 82 -34
61.21 -0.01 247 22 -70 -30.84 -35.54 -76 105 -76 -16.70 -54.05 -37 59 -65
61.10 -0.11 103 17 -52 -30.95 -35.10 90 127 -162 -16.58 -54.24 -83 -5 -69
61.00 -0.26 3 -21 18 -31.10 -34.58 295 161 -192 -16.46 -54.46 -31 -46 11
60.91 -0.43 23 -41 77 -31.26 -33.96 349 60 5 -16.43 -54.67 75 -51 49
60.86 -0.56 143 -66 168 -31.46 -33.06 120 -46 55 -16.51 -54.91 160 146 -58
60.80 -0.64 280 -73 185 -31.74 -31.78 -43 -342 295 -16.62 -55.22 -23 207 -48
60.68 -0.67 296 -97 143 -32.18 -29.99 -414 -702 357 -16.57 -55.50 -82 210 -55
60.52 -0.68 162 -36 23 -32.63 -27.83 -284 -647 -90 -16.41 -55.71 -79 -14 -27
60.42 -0.73 118 13 -36 -32.93 -25.73 208 -74 -1166 -16.28 -55.88 3 -84 -70
60.38 -0.80 156 51 -17 -32.95 -24.08 742 511 -1854 -16.22 -55.99 25 -36 -69
60.36 -0.85 267 60 37 -32.75 -23.46 1959 1267 -2577 -16.18 -56.09 21 15 -40
60.37 -0.89 316 44 70 -32.31 -24.96 3718 2354 -3649 -16.14 -56.18 50 45 -33
60.34 -0.97 170 5 87 -32.22 -26.97 -146 -639 339 -16.13 -56.30 81 34 -10
60.28 -1.09 97 -28 87 -32.60 -28.00 843 -603 -142 -16.16 -56.43 52 36 18
