61.99 3.42 29 287 367 -26.03 -44.84 -18 172 -47 -16.49 -56.29 72 279 552
61.79 3.30 -216 254 418 -25.94 -44.94 -86 260 96 -16.35 -56.91 350 -74 516
61.51 3.09 -187 226 398 -25.97 -44.92 -368 478 226 -16.40 -57.50 159 -315 456
61.25 2.97 -136 341 140 -26.20 -43.95 -866 151 708 -16.48 -57.98 162 -448 332
61.02 2.84 3 370 -110 -26.50 -42.45 -607 51 537 -16.51 -58.29 29 -539 154
60.70 2.57 111 165 -175 -26.75 -40.98 20 222 97 -16.55 -58.33 47 -523 -159
60.16 2.16 163 -178 -55 -27.06 -39.75 387 360 -340 -16.62 -58.24 124 -299 -425
60.16 2.16 163 -178 -55 -27.06 -39.75 387 360 -340 -16.62 -58.24 124 -299 -425
58.76 1.47 198 -386 -165 -27.71 -37.98 513 320 -803 -16.50 -57.75 172 108 -257
58.28 1.21 295 -265 -314 -27.94 -37.45 439 134 -852 -16.32 -57.19 284 249 -234
57.86 0.90 309 -168 -344 -28.03 -37.02 508 -264 -533 -16.28 -56.62 294 494 -282
57.42 0.55 288 -41 -323 -28.08 -36.57 650 -450 -248 -16.26 -56.06 219 563 -213
56.95 0.16 314 50 -187 -28.27 -35.99 577 -308 -219 -16.12 -55.36 303 824 -298
56.42 -0.22 367 180 -146 -28.56 -35.26 544 -26 -410 -15.83 -54.80 202 1277 -938
55.79 -0.65 181 332 -284 -28.87 -34.45 468 127 -414 -15.87 -54.80 -588 673 -808
55.13 -1.20 -376 530 -674 -29.24 -33.52 249 328 -619 -15.76 -55.08 -853 -1074 -277
54.40 -2.11 -887 536 -814 -29.49 -32.67 601 729 -986 -15.75 -54.88 -1018 -1758 70
53.96 -3.34 -85 45 -75 -29.60 -32.10 1573 1369 -1717 -15.65 -54.50 -798 -1232 17
53.67 -4.15 509 -228 692 -29.77 -31.85 -115 -93 -438 -15.57 -54.16 -249 -104 -304
53.58 -4.53 1331 -565 1172 -30.00 -32.33 -611 -749 549 -15.59 -53.99 157 482 -585
