60.43 1.59 160 10 85 -28.35 -41.91 71 120 -145 -16.91 -51.39 6 -1 2
60.43 1.58 194 2 101 -28.35 -41.91 80 134 -144 -16.94 -51.39 -29 52 -36
60.41 1.59 161 -1 97 -28.36 -41.91 84 131 -126 -16.96 -51.39 9 -11 -6
60.40 1.59 125 -7 90 -28.35 -41.92 77 129 -120 -16.95 -51.36 57 -113 55
60.38 1.58 140 -7 94 -28.35 -41.91 79 131 -124 -16.98 -51.25 14 -359 304
60.37 1.58 154 -21 105 -28.35 -41.91 78 118 -124 -16.89 -50.97 20 -511 245
60.36 1.59 165 -13 99 -28.36 -41.90 73 120 -126 -17.04 -50.67 -71 -489 172
60.35 1.61 201 -21 124 -28.36 -41.89 67 98 -126 -17.21 -50.37 -41 -449 194
60.33 1.63 232 12 110 -28.38 -41.84 5 55 -106 -17.28 -50.05 79 -328 225
60.34 1.66 469 -68 241 -28.38 -41.72 -45 -100 66 -17.28 -49.74 228 37 176
60.32 1.74 491 -120 281 -28.46 -41.40 -516 -568 458 -17.27 -49.39 231 659 -12
60.28 1.89 248 -47 128 -28.63 -40.60 -478 -676 467 -17.11 -49.08 246 1604 -366
60.21 1.96 -52 21 18 -28.80 -39.73 -44 -278 86 -16.68 -49.03 538 2525 -990
60.10 1.86 -317 128 -82 -28.96 -38.95 186 130 -198 -16.07 -49.52 152 1899 -1153
59.91 1.62 -651 313 -309 -29.14 -38.22 423 693 -561 -16.02 -50.28 -802 -1191 336
59.62 1.14 -1243 618 -700 -29.30 -37.87 1453 1821 -1441 -15.92 -50.28 -1035 -1922 702
59.39 0.26 -1721 771 -1022 -29.34 -38.88 3332 3911 -3644 -15.75 -50.00 -701 -1484 455
59.39 -0.86 -264 482 -126 -29.04 -41.36 1175 2129 -1056 -15.59 -49.65 -158 -594 -226
59.87 -1.57 2366 -529 1484 -29.02 -41.78 -1116 -1263 1163 -15.69 -49.43 230 124 -695
59.68 -1.35 1864 -599 1195 -28.90 -42.04 -509 -1337 463 -15.94 -49.40 309 236 -712
