60.88 0.85 187 -25 114 -27.94 -41.19 77 130 -139 -16.59 -51.08 -10 51 -12
60.86 0.88 144 -14 93 -27.94 -41.19 78 127 -141 -16.58 -51.08 -9 59 -17
60.86 0.88 144 -14 93 -27.94 -41.19 78 127 -141 -16.58 -51.08 -9 59 -17
60.86 0.89 128 -1 91 -27.93 -41.19 82 120 -128 -16.58 -51.09 3 58 -27
60.86 0.89 188 -31 128 -27.94 -41.18 74 116 -128 -16.58 -51.10 -10 35 -22
60.83 0.91 204 -48 149 -27.93 -41.18 58 94 -125 -16.57 -51.11 -14 32 -27
60.80 0.95 212 -33 128 -27.92 -41.16 47 58 -99 -16.57 -51.11 -24 28 -44
60.80 0.95 212 -33 128 -27.92 -41.16 47 58 -99 -16.57 -51.11 -24 28 -44
60.78 1.05 412 -25 171 -28.00 -40.87 -110 -245 186 -16.56 -51.11 5 36 -22
60.78 1.17 526 -75 236 -28.14 -40.39 -298 -527 413 -16.56 -51.10 1 44 -11
60.74 1.37 493 -97 225 -28.29 -39.72 -225 -586 322 -16.56 -51.11 4 49 -16
60.74 1.61 549 -145 271 -28.46 -38.88 -462 -838 552 -16.56 -51.12 9 54 -13
60.73 1.88 485 -190 273 -28.65 -37.53 -710 -1072 658 -16.56 -51.13 3 43 -17
60.59 2.14 -96 -40 30 -28.92 -35.87 -353 -438 -15 -16.57 -51.14 4 10 -17
60.43 2.21 -906 306 -428 -29.08 -34.54 925 1127 -1395 -16.56 -51.14 4 7 -13
60.31 1.90 -1644 705 -881 -29.10 -34.41 2727 2860 -2714 -16.56 -51.13 4 20 -8
60.36 1.04 -1773 784 -989 -29.02 -36.35 4004 4599 -4600 -16.56 -51.12 21 34 -18
60.22 -0.20 -1725 654 -864 -28.43 -40.65 1705 2698 -2455 -16.57 -51.12 6 38 -17
60.39 -1.42 734 172 486 -28.34 -41.86 -1366 -1244 1438 -16.57 -51.11 -16 22 -15
60.83 -1.93 2678 -706 1691 -28.32 -42.25 -877 -1597 726 -16.57 -51.11 -6 14 -22
