65.78 -5.46 184 -25 92 -25.49 -40.48 -61 -127 -186 -11.63 -50.97 11 18 -5
65.77 -5.46 168 -27 91 -25.53 -39.62 -74 -6 -159 -11.64 -50.97 11 13 -1
65.77 -5.45 144 -32 88 -25.59 -38.68 -81 338 -429 -11.64 -50.96 21 -16 25
65.78 -5.45 161 -43 91 -25.55 -37.85 161 883 -707 -11.62 -50.93 9 -30 1
65.78 -5.45 198 -43 89 -25.44 -37.24 687 1667 -971 -11.61 -50.88 14 -91 30
65.78 -5.44 196 -42 86 -25.36 -37.09 1275 2581 -1534 -11.61 -50.79 9 -199 91
65.78 -5.44 184 -29 76 -25.30 -37.59 2083 2777 -2092 -11.61 -50.62 -76 -575 334
65.78 -5.44 188 -30 85 -24.69 -40.10 2361 584 -1345 -11.52 -50.23 -66 -728 349
65.78 -5.43 205 -40 99 -24.56 -42.62 -426 -1323 274 -11.50 -49.75 -102 -748 329
65.77 -5.41 210 -55 104 -24.49 -43.52 -2119 -2172 1422 -11.45 -49.03 -146 -1013 568
65.77 -5.38 269 -68 119 -24.45 -43.10 -1232 -1728 1087 -11.37 -47.95 -190 -908 381
65.77 -5.32 371 -70 120 -24.46 -42.55 259 -618 160 -11.31 -46.86 -97 -398 -129
65.77 -5.21 494 -122 171 -24.65 -42.29 474 39 -438 -11.26 -46.02 33 90 -511
65.79 -5.03 478 -134 142 -24.91 -42.25 48 -158 -257 -11.26 -45.42 104 507 -722
65.83 -4.81 411 -160 146 -25.12 -42.14 -319 -479 48 -11.28 -45.06 129 932 -832
65.88 -4.57 383 -166 161 -25.26 -41.84 -664 -210 154 -11.33 -44.95 161 1744 -1296
65.91 -4.29 374 -160 158 -25.37 -41.30 47 521 -197 -11.74 -45.48 646 4144 -3248
65.92 -3.98 234 -120 112 -25.38 -41.14 575 1100 -547 -12.51 -48.20 1472 6191 -5075
65.94 -3.71 69 -70 45 -25.43 -41.28 668 1311 -717 -12.93 -52.51 -53 2101 -573
65.92 -3.52 -148 -39 10 -25.41 -41.78 728 1131 -514 -12.47 -52.53 -1053 885 -379
