60.80 0.28 149 -18 99 -28.30 -41.37 69 114 -120 -16.45 -50.41 40 -113 79
60.80 0.30 129 -26 104 -28.30 -41.36 67 112 -120 -16.44 -50.33 97 -392 283
60.79 0.31 118 -18 92 -28.30 -41.35 70 128 -123 -16.46 -50.11 49 -434 142
60.79 0.30 133 -9 80 -28.30 -41.33 25 127 -116 -16.67 -49.94 7 -346 76
60.79 0.30 187 -20 103 -28.29 -41.30 57 90 -72 -16.85 -49.75 31 -209 93
60.77 0.31 244 -34 127 -28.33 -41.20 -16 -60 53 -16.94 -49.52 97 -128 125
60.75 0.36 320 -15 127 -28.37 -40.99 -78 -261 163 -17.01 -49.26 86 -186 135
60.78 0.44 460 -64 204 -28.47 -40.58 -156 -418 290 -17.11 -49.00 41 -273 140
60.77 0.58 348 -61 171 -28.61 -40.12 115 -108 -23 -17.27 -48.66 -23 -291 139
60.73 0.70 78 -28 71 -28.76 -39.72 58 13 -27 -17.45 -48.19 -86 -141 37
60.71 0.76 -21 -8 40 -28.93 -39.18 -45 -96 80 -17.51 -47.74 -57 162 -38
60.74 0.79 75 -27 96 -29.11 -38.50 -99 -160 16 -17.38 -47.27 -43 774 -191
60.73 0.83 178 -56 151 -29.28 -37.76 -82 -177 -20 -17.05 -46.88 177 1773 -683
60.73 0.92 198 -32 111 -29.46 -36.92 -125 -181 -20 -16.44 -46.92 495 2754 -1256
60.70 0.98 96 32 41 -29.64 -35.98 10 126 -259 -15.77 -47.46 77 2103 -1396
60.57 0.94 -229 169 -94 -29.79 -35.20 778 1057 -1072 -15.72 -48.29 -801 -1288 390
60.44 0.68 -722 452 -397 -29.93 -35.56 3193 3189 -3104 -15.57 -48.29 -972 -2331 1036
60.30 0.09 -1426 674 -720 -29.72 -38.73 4114 4831 -4978 -15.34 -47.90 -587 -1405 389
60.11 -0.99 -2014 691 -999 -29.12 -41.76 -829 -22 987 -15.15 -47.63 -34 -472 -271
60.17 -2.27 79 367 125 -29.10 -42.07 -961 -1455 928 -15.16 -47.46 418 151 -700
