61.26 0.69 228 -65 139 -26.05 -50.08 66 264 30 -16.71 -50.00 -55 -644 231
61.23 0.79 161 -40 118 -25.86 -50.70 11 107 102 -16.79 -49.62 -35 -946 376
61.23 0.87 171 -68 177 -25.73 -51.23 -128 -84 162 -16.87 -49.03 -77 -1096 449
61.22 0.98 310 -58 169 -25.66 -51.57 -320 -395 296 -16.90 -48.32 -15 -845 238
61.21 1.12 417 -106 212 -25.63 -51.59 -403 -875 493 -16.99 -47.57 55 -283 -114
61.21 1.33 565 -142 243 -25.70 -51.38 -332 -1110 496 -17.06 -46.96 39 286 -374
61.22 1.62 722 -174 270 -25.84 -51.08 -236 -1100 381 -17.05 -46.55 91 603 -488
61.17 2.00 696 -195 253 -26.00 -50.79 9 -677 47 -17.00 -46.22 85 658 -475
61.11 2.43 605 -191 197 -26.10 -50.75 265 63 -300 -16.89 -45.97 22 606 -424
60.99 2.85 366 -168 89 -26.15 -50.85 355 721 -521 -16.73 -45.81 71 763 -491
60.82 3.18 18 -134 -3 -26.12 -51.07 420 1150 -592 -16.56 -45.79 186 1147 -553
60.61 3.42 -277 -57 -87 -26.03 -51.32 447 1254 -547 -16.20 -45.99 461 1734 -629
60.47 3.58 -445 41 -132 -25.90 -51.68 499 1407 -592 -15.67 -46.42 749 2558 -864
60.42 3.66 -396 69 -99 -25.67 -52.29 709 1762 -670 -15.13 -47.10 777 3092 -1563
60.42 3.70 -368 101 -84 -25.26 -53.37 1129 2767 -986 -15.39 -48.29 -382 270 -400
60.46 3.70 -537 229 -186 -24.43 -55.56 2174 4916 -1803 -15.48 -49.05 -1217 -2637 1424
60.46 3.47 -836 429 -381 -22.81 -59.77 2975 6729 -2648 -15.40 -48.82 -1274 -2797 1344
60.31 2.85 -1385 467 -529 -20.74 -64.18 -1338 2279 1442 -15.35 -48.33 -701 -1664 410
60.24 1.80 -1858 716 -810 -20.23 -64.71 -41 1235 518 -15.34 -47.94 -188 -676 -162
60.51 0.62 554 250 376 -20.11 -65.18 -1 498 -334 -15.40 -47.66 87 -230 -308
