61.37 -0.03 326 -36 128 -27.18 -44.59 78 137 -32 -15.86 -49.96 9 28 -8
61.33 0.07 195 -20 72 -27.09 -44.93 69 179 -61 -15.86 -49.95 8 31 -11
61.32 0.13 97 -17 60 -26.98 -45.31 67 157 -16 -15.87 -49.94 4 35 -13
61.33 0.19 105 -18 91 -26.83 -45.76 95 71 35 -15.88 -49.93 -23 44 -15
61.34 0.25 202 -34 139 -26.66 -46.41 140 -97 128 -15.88 -49.93 -17 50 -22
61.36 0.36 402 -74 205 -26.48 -47.19 -20 -423 328 -15.87 -49.94 -9 40 -16
61.36 0.36 402 -74 205 -26.48 -47.19 -20 -423 328 -15.87 -49.94 -9 40 -16
61.37 0.85 829 -245 347 -26.39 -47.81 -573 -1151 722 -15.86 -49.96 2 28 -26
61.37 0.85 829 -245 347 -26.39 -47.81 -573 -1151 722 -15.86 -49.96 2 28 -26
61.18 1.80 784 -305 320 -26.56 -47.85 -168 -415 198 -15.86 -49.96 -5 20 -22
60.99 2.34 427 -236 165 -26.58 -47.95 -20 -127 28 -15.86 -49.96 -6 28 -16
60.85 2.82 157 -159 41 -26.54 -48.18 76 202 -180 -15.86 -49.96 -12 38 -12
60.71 3.20 66 -169 64 -26.42 -48.63 256 602 -340 -15.85 -49.96 -13 34 -14
60.54 3.58 18 -144 70 -26.21 -49.27 358 1009 -476 -15.84 -49.96 -9 18 -25
60.36 3.94 4 -109 38 -25.94 -49.99 604 1575 -646 -15.84 -49.96 -21 21 -39
60.12 4.24 -109 -45 -39 -25.62 -50.97 1188 2787 -1063 -15.84 -49.95 15 27 -20
59.91 4.47 -362 77 -162 -24.96 -53.01 2257 5006 -1907 -15.85 -49.96 18 -56 26
59.72 4.53 -874 307 -351 -23.67 -56.77 3215 6963 -2828 -15.89 -49.94 72 -63 36
59.60 4.26 -1356 565 -616 -21.72 -61.72 450 4063 -475 -15.96 -49.90 40 -41 31
59.60 4.26 -1356 565 -616 -21.72 -61.72 450 4063 -475 -15.96 -49.90 40 -41 31
