61.12 -0.29 156 -4 97 -27.00 -44.57 77 127 -113 -15.82 -50.33 -39 -64 -16
61.12 -0.28 158 6 85 -26.99 -44.58 76 102 -109 -15.80 -50.29 -63 -175 35
61.13 -0.27 154 -2 88 -26.98 -44.59 73 89 -110 -15.72 -50.20 -35 -396 136
61.13 -0.26 206 -26 116 -26.97 -44.59 79 88 -106 -15.72 -50.01 -17 -498 135
61.12 -0.24 242 -47 128 -26.96 -44.65 100 62 -123 -15.78 -49.77 5 -597 138
61.11 -0.18 196 -30 104 -26.96 -44.71 102 1 -83 -15.91 -49.49 37 -615 98
61.11 -0.13 211 -37 127 -26.94 -44.80 102 -147 37 -16.02 -49.21 64 -890 224
61.12 -0.05 309 -73 176 -26.92 -44.99 -35 -413 259 -16.12 -48.91 113 -1042 322
61.13 0.08 447 -73 178 -26.96 -45.05 -167 -585 357 -16.25 -48.41 122 -867 215
61.13 0.28 621 -117 229 -26.96 -45.22 -41 -535 316 -16.34 -47.89 232 -341 -18
61.10 0.55 638 -141 208 -26.85 -45.52 16 -574 334 -16.39 -47.48 295 323 -291
61.08 0.92 694 -186 257 -26.71 -46.04 -137 -631 379 -16.38 -47.27 311 974 -475
61.02 1.42 727 -194 267 -26.44 -46.93 -14 -332 282 -16.21 -47.20 420 1581 -603
60.97 2.01 807 -189 232 -26.02 -48.24 228 307 24 -15.82 -47.32 789 2451 -857
60.83 2.63 692 -155 133 -25.52 -49.74 523 1190 -313 -15.45 -47.79 596 2895 -993
60.68 3.22 354 -120 -29 -25.01 -51.38 1455 2655 -972 -15.29 -48.44 166 1648 -560
60.45 3.68 -66 -159 -87 -24.36 -53.74 2013 4171 -1530 -15.49 -48.94 -1016 -874 471
60.21 3.98 -482 -125 -97 -23.34 -56.85 1913 5003 -1929 -15.44 -48.93 -1250 -1850 864
59.96 4.09 -939 51 -185 -22.78 -58.54 -815 1155 861 -15.36 -48.58 -785 -1106 277
59.69 3.86 -1463 217 -353 -22.48 -59.29 -1451 -235 1336 -15.35 -48.32 -233 -427 -187
