61.11 -0.38 177 -11 109 -26.52 -45.39 64 158 -103 -15.14 -50.08 -152 -140 181
61.10 -0.37 139 -10 99 -26.50 -45.43 75 145 -97 -15.02 -49.75 -54 -163 127
61.10 -0.38 128 -1 95 -26.50 -45.47 81 132 -87 -14.96 -49.37 -75 -68 78
61.09 -0.39 139 -6 110 -26.52 -45.50 81 138 -79 -14.91 -48.91 -77 -114 103
61.07 -0.40 208 -35 131 -26.55 -45.53 52 113 -60 -14.83 -48.33 -95 -47 40
61.04 -0.40 216 -26 112 -26.58 -45.54 16 64 35 -14.78 -47.64 -155 -40 18
60.99 -0.40 162 -8 77 -26.67 -45.47 107 118 27 -14.63 -46.87 -70 -154 38
60.94 -0.43 99 -5 96 -26.79 -45.42 -59 35 73 -14.47 -45.95 -83 -361 42
60.88 -0.48 174 -54 167 -26.97 -45.22 -244 -21 78 -14.38 -44.89 -193 -393 -40
60.78 -0.52 130 -48 140 -27.14 -44.89 -167 58 -67 -14.36 -43.77 -168 -201 -267
60.67 -0.58 27 -23 72 -27.25 -44.52 -111 -34 -42 -14.40 -42.71 -134 31 -434
60.58 -0.72 -11 -42 65 -27.41 -43.95 -216 -384 154 -14.28 -41.73 -15 -31 -308
60.47 -0.86 130 -32 100 -27.67 -43.10 -269 -457 66 -14.05 -40.65 -92 -123 -207
60.29 -0.97 231 -38 144 -27.97 -42.17 -101 -198 -266 -13.91 -39.33 -74 136 -352
60.11 -1.05 400 -105 209 -28.22 -41.34 84 109 -466 -13.75 -37.81 262 791 -815
59.89 -1.09 475 -158 238 -28.41 -40.53 142 123 -387 -13.61 -36.13 788 1825 -1833
59.58 -1.08 319 -133 144 -28.62 -39.64 40 44 -287 -13.92 -35.04 1451 3301 -3845
59.28 -1.07 34 -3 -20 -28.91 -38.60 -2 298 -345 -15.36 -36.41 2218 4696 -6040
59.00 -1.21 -64 23 -23 -29.19 -37.40 185 814 -508 -15.75 -39.28 -2311 -498 -224
59.00 -1.21 -64 23 -23 -29.19 -37.40 185 814 -508 -15.75 -39.28 -2311 -498 -224
