58.88 -2.27 401 -31 78 -29.47 -44.68 41 -142 77 -16.13 -46.37 -20 25 -24
58.61 -2.29 336 -25 69 -29.76 -44.02 28 -104 -17 -16.10 -46.38 -19 17 -6
58.61 -2.29 336 -25 69 -29.76 -44.02 28 -104 -17 -16.10 -46.38 -19 17 -6
58.08 -2.23 234 10 51 -30.32 -42.23 -159 -510 -137 -16.03 -46.38 14 43 6
57.90 -2.16 232 47 2 -30.57 -41.22 -207 -606 -237 -16.01 -46.32 30 11 19
57.74 -2.10 271 64 18 -30.85 -40.20 -211 -433 -379 -16.00 -46.24 30 17 -2
57.63 -2.02 371 -65 142 -31.13 -39.16 -13 45 -575 -16.01 -46.14 2 91 -19
57.55 -1.87 431 -206 284 -31.37 -38.16 270 601 -769 -16.02 -45.97 -18 157 -12
57.49 -1.63 384 -269 330 -31.58 -37.18 455 964 -834 -16.01 -45.72 5 171 -62
57.38 -1.36 50 -173 148 -31.76 -36.17 573 1120 -831 -16.02 -45.39 -53 103 -67
57.21 -1.21 -453 -47 -82 -31.98 -35.31 766 1521 -1095 -16.03 -44.92 -92 82 -91
57.08 -1.32 -844 105 -264 -32.20 -34.93 1227 2079 -1369 -16.10 -44.28 -19 200 -251
56.99 -1.69 -1000 238 -313 -32.27 -35.11 1837 2411 -1429 -16.29 -43.52 158 351 -450
56.99 -1.69 -1000 238 -313 -32.27 -35.11 1837 2411 -1429 -16.29 -43.52 158 351 -450
56.64 -2.97 -516 531 -310 -31.70 -38.04 77 -688 -80 -17.12 -35.26 126 -628 76
56.32 -3.91 -653 708 -590 -31.58 -38.78 -2182 -2612 1331 -17.47 -35.07 -52 -609 192
55.81 -5.02 -889 1059 -889 -31.61 -38.25 -1500 -2264 1206 -17.66 -34.98 -215 -612 458
56.11 -6.13 1333 85 675 -31.61 -37.66 269 -812 237 -17.70 -34.65 -1417 -1598 2109
56.47 -6.45 2325 -794 1393 -31.66 -37.46 583 -344 -123 -17.47 -34.41 141 56 -267
56.29 -6.16 1449 -569 572 -31.81 -37.25 -15 -489 -40 -17.41 -34.57 -117 192 60
