63.61 1.22 58 56 54 -26.64 -45.26 75 133 -55 -18.92 -38.01 -101 64 -52
63.62 1.17 99 44 82 -26.64 -45.34 68 143 -58 -18.84 -38.13 -44 51 -59
63.64 1.11 165 8 118 -26.64 -45.40 75 140 -63 -18.79 -38.23 -21 6 45
63.64 1.06 194 -14 123 -26.63 -45.47 66 118 -103 -18.72 -38.35 -28 62 39
63.62 1.03 183 -12 105 -26.63 -45.52 98 88 -83 -18.64 -38.49 10 -7 165
63.62 0.99 171 -1 95 -26.66 -45.56 95 93 -67 -18.52 -38.59 -68 -192 463
63.60 0.94 150 -9 101 -26.68 -45.64 122 105 -12 -18.33 -38.55 -311 -400 782
63.58 0.91 173 -9 108 -26.64 -45.95 114 64 105 -18.01 -38.42 -346 -370 668
63.57 0.88 228 -20 121 -26.60 -46.36 103 79 113 -17.62 -38.41 -304 -263 451
63.54 0.89 234 -2 96 -26.59 -46.69 7 -2 135 -17.14 -38.42 -321 -317 483
63.52 0.88 241 4 86 -26.62 -46.96 -161 -41 169 -16.64 -38.23 -333 -162 127
63.47 0.89 242 4 88 -26.77 -46.83 -430 -263 289 -16.21 -37.75 -58 162 -394
63.42 0.88 215 -22 129 -26.93 -46.53 -313 -164 160 -16.04 -37.07 -19 520 -739
63.37 0.89 239 -21 155 -27.06 -46.18 -186 -178 130 -15.94 -36.24 -9 921 -965
63.28 0.88 204 -46 160 -27.26 -45.69 -304 -290 161 -15.87 -35.14 181 1440 -1481
63.20 0.88 122 -36 122 -27.43 -45.20 -241 -69 -20 -15.84 -34.16 697 1940 -2407
63.11 0.85 113 -17 122 -27.55 -44.79 -75 424 -260 -16.38 -34.19 1556 2814 -4280
62.99 0.78 216 -101 228 -27.64 -44.42 -15 870 -403 -17.74 -36.53 921 2529 -3426
62.84 0.76 198 -132 268 -27.61 -44.12 456 1309 -635 -16.87 -38.23 -1095 -2178 1529
62.60 0.77 84 -86 197 -27.51 -44.15 1195 1592 -751 -16.66 -37.94 -862 -2041 660
