64.09 0.29 193 -22 101 -26.55 -44.43 52 93 -110 -16.00 -51.07 46 -3 -26
64.10 0.28 164 8 75 -26.57 -44.40 82 95 -106 -16.05 -51.02 2 -11 -27
64.11 0.28 194 -7 92 -26.58 -44.39 93 87 -104 -16.07 -51.00 21 -50 18
64.12 0.28 198 -24 115 -26.60 -44.38 81 96 -120 -16.10 -50.95 74 -103 60
64.11 0.30 195 -22 101 -26.62 -44.35 60 82 -99 -16.18 -50.89 24 -243 174
64.10 0.31 206 -20 86 -26.65 -44.30 17 27 -46 -16.12 -50.74 95 -663 406
64.09 0.33 227 -37 103 -26.70 -44.19 1 -33 8 -16.13 -50.46 5 -801 412
64.07 0.35 192 -30 92 -26.81 -44.05 -47 -86 -4 -16.14 -50.10 -35 -1008 541
64.05 0.39 146 -3 79 -26.85 -43.87 79 -162 24 -16.23 -49.48 -66 -847 420
64.06 0.42 176 17 89 -26.91 -43.66 -87 -360 121 -16.41 -48.77 -357 -270 -17
64.06 0.44 259 11 106 -27.02 -43.31 -160 -460 204 -16.35 -48.19 -312 307 -384
64.04 0.50 299 -13 112 -27.18 -42.87 -142 -302 98 -16.13 -47.65 -262 508 -487
64.02 0.59 264 -26 111 -27.27 -42.47 19 -43 -108 -15.82 -47.16 -350 632 -514
64.04 0.71 349 -29 116 -27.43 -42.12 52 225 -286 -15.43 -46.77 -233 1106 -787
64.04 0.71 349 -29 116 -27.43 -42.12 52 225 -286 -15.43 -46.77 -233 1106 -787
64.20 -0.26 236 201 -27 -27.56 -41.40 50 467 -388 -15.93 -48.49 1610 5159 -4045
64.24 -0.36 496 23 148 -27.55 -41.07 76 703 -460 -17.08 -52.24 1106 4192 -1922
64.19 -0.38 328 -83 175 -27.44 -40.89 449 1161 -624 -16.21 -55.29 -1963 -768 957
64.18 -0.38 107 -63 135 -27.28 -41.24 916 1822 -742 -14.81 -55.95 -961 -641 220
64.21 -0.40 136 -36 146 -27.22 -41.90 1136 2108 -621 -14.16 -56.93 -160 -702 -184
