64.29 -0.64 106 -7 99 -27.53 -42.66 92 132 -104 -15.62 -51.28 -12 6 -29
64.30 -0.64 111 -9 109 -27.55 -42.66 53 118 -121 -15.61 -51.27 5 10 -25
64.31 -0.64 174 -15 119 -27.54 -42.65 38 114 -126 -15.62 -51.26 11 13 -31
64.32 -0.64 226 -4 95 -27.53 -42.64 45 111 -114 -15.62 -51.23 18 -59 -15
64.32 -0.63 221 6 70 -27.53 -42.63 64 112 -88 -15.59 -51.19 -4 -266 83
64.30 -0.62 173 11 71 -27.54 -42.63 84 88 -62 -15.60 -51.04 -67 -471 199
64.30 -0.62 173 11 71 -27.54 -42.63 84 88 -62 -15.60 -51.04 -67 -471 199
64.30 -0.63 128 -23 151 -27.58 -42.53 -141 -282 201 -15.78 -50.38 -62 -147 -10
64.30 -0.63 128 -23 151 -27.58 -42.53 -141 -282 201 -15.78 -50.38 -62 -147 -10
64.29 -0.59 199 2 89 -27.79 -41.84 -76 -294 61 -15.85 -49.84 110 -339 217
64.29 -0.59 199 2 89 -27.79 -41.84 -76 -294 61 -15.85 -49.84 110 -339 217
64.28 -0.56 272 -6 68 -27.92 -41.39 182 161 -172 -15.80 -48.64 -171 -545 169
64.28 -0.51 372 -57 141 -27.95 -41.11 102 -76 59 -15.79 -47.88 -185 -352 22
64.24 -0.41 484 -100 200 -28.07 -40.59 -181 -431 295 -15.73 -47.16 -135 131 -302
64.19 -0.25 486 -83 191 -28.25 -39.88 -191 -423 173 -15.63 -46.63 -16 737 -639
64.15 -0.04 373 -94 181 -28.45 -39.16 -46 -102 -187 -15.60 -46.43 348 2008 -1621
64.08 0.12 78 -6 18 -28.59 -38.53 83 274 -477 -16.28 -47.27 981 4371 -3585
64.05 0.23 34 32 -29 -28.63 -38.02 291 737 -711 -17.30 -50.02 1461 4514 -3437
64.07 0.30 321 -39 98 -28.58 -37.75 705 1317 -999 -17.12 -52.45 -53 -184 1063
64.05 0.42 467 -109 174 -28.48 -38.05 1186 1791 -1097 -16.06 -52.95 -852 -1386 1097
