64.28 -0.86 141 4 92 -27.39 -43.29 74 133 -123 -15.83 -50.96 16 35 -18
64.28 -0.88 188 1 95 -27.39 -43.29 74 142 -129 -15.82 -50.96 13 22 -18
64.28 -0.88 188 1 95 -27.39 -43.29 74 142 -129 -15.82 -50.96 13 22 -18
64.28 -0.87 181 -4 78 -27.38 -43.29 69 130 -122 -15.83 -50.95 -14 3 -25
64.27 -0.86 138 -13 88 -27.38 -43.29 70 126 -131 -15.82 -50.93 4 -7 -16
64.27 -0.87 126 -19 98 -27.39 -43.28 57 109 -136 -15.81 -50.90 -2 -58 8
64.27 -0.87 156 -14 106 -27.39 -43.26 60 102 -123 -15.79 -50.84 -15 -179 80
64.27 -0.87 173 -3 95 -27.39 -43.24 46 82 -118 -15.75 -50.69 -42 -431 241
64.27 -0.87 185 -4 91 -27.38 -43.23 47 33 -85 -15.61 -50.33 -86 -731 363
64.26 -0.85 182 -10 89 -27.40 -43.20 12 -124 5 -15.62 -49.86 -96 -564 194
64.25 -0.85 153 -5 86 -27.46 -43.05 -166 -313 208 -15.58 -49.34 -67 -587 248
64.25 -0.84 144 -14 90 -27.54 -42.71 -119 -468 272 -15.59 -48.63 -49 -528 169
64.25 -0.84 177 -18 98 -27.67 -42.24 -163 -354 128 -15.61 -47.87 -125 -272 -67
64.25 -0.83 249 -39 109 -27.77 -41.83 -23 -204 15 -15.62 -47.22 -79 136 -363
64.23 -0.80 283 -41 110 -27.85 -41.39 -98 -201 48 -15.59 -46.78 -5 595 -613
64.21 -0.75 371 -54 139 -27.95 -40.89 -114 -173 21 -15.63 -46.59 230 1464 -1129
64.20 -0.64 468 -68 179 -28.06 -40.23 -11 47 -145 -16.00 -47.00 711 3150 -2454
64.19 -0.45 500 -52 153 -28.18 -39.55 97 439 -424 -16.93 -48.79 1370 4538 -3472
64.17 -0.25 435 -88 165 -28.19 -39.00 279 947 -714 -17.52 -51.58 215 1336 -830
64.15 -0.03 371 -106 148 -28.11 -38.77 794 1449 -827 -16.72 -52.97 -1433 -1800 1949
