67.42 -5.57 170 -49 104 -25.39 -43.45 72 124 -108 -12.39 -50.78 3 -96 -18
67.42 -5.55 186 -52 122 -25.39 -43.45 68 128 -103 -12.44 -51.08 59 -141 -111
67.42 -5.52 220 -31 96 -25.37 -43.45 72 109 -118 -12.57 -51.56 -37 -457 154
67.44 -5.48 254 -32 88 -25.36 -43.46 72 100 -134 -12.64 -52.06 42 -455 58
67.44 -5.48 254 -32 88 -25.36 -43.46 72 100 -134 -12.64 -52.06 42 -455 58
67.46 -5.37 273 -100 151 -25.35 -43.45 74 109 -133 -12.89 -54.35 -2 -343 38
67.47 -5.29 292 -90 146 -25.34 -43.45 69 106 -126 -12.88 -55.84 -37 -295 251
67.53 -5.20 473 -132 164 -25.33 -43.45 64 70 -117 -12.81 -57.18 -111 41 263
67.58 -5.06 515 -159 199 -25.33 -43.50 52 28 -124 -12.80 -58.29 -8 516 178
67.66 -4.82 582 -125 153 -25.31 -43.60 -21 -5 -77 -12.76 -59.35 15 787 144
67.78 -4.51 650 -115 143 -25.25 -43.68 -99 -50 -39 -12.58 -60.47 104 696 172
67.93 -4.16 648 -140 149 -25.19 -43.69 -109 -247 49 -12.42 -61.57 76 404 317
68.04 -3.77 499 -165 106 -25.14 -43.57 -184 -390 100 -12.32 -62.48 -68 342 330
68.10 -3.43 242 -200 83 -25.05 -43.36 -213 -483 113 -12.16 -63.24 -47 733 267
68.09 -3.16 39 -178 67 -24.90 -43.18 -78 -510 131 -12.02 -64.07 213 2433 -378
68.02 -2.95 -178 -63 -20 -24.72 -43.05 -2 -412 60 -11.93 -65.79 920 4381 -1058
68.00 -2.78 -201 14 -50 -24.53 -42.88 -77 -330 95 -12.01 -68.35 271 2879 -309
68.03 -2.64 -23 1 14 -24.41 -42.45 -172 -191 18 -11.64 -70.14 -1199 -643 1535
68.09 -2.47 91 -31 73 -24.33 -41.89 4 178 -232 -10.82 -71.92 -169 -694 355
68.09 -2.31 -122 -19 62 -24.28 -41.38 293 447 -338 -10.71 -73.17 -101 -369 -86
