63.64 2.37 -678 159 -160 -26.52 -43.63 73 138 -96 -15.53 -51.41 -7 -4 -15
63.64 2.35 -927 426 -346 -26.51 -43.67 77 130 -96 -15.61 -51.73 23 -1 7
63.67 1.93 -1243 559 -444 -26.50 -43.70 83 100 -113 -15.68 -52.08 32 -53 40
63.61 1.04 -1558 548 -543 -26.50 -43.75 71 81 -115 -15.74 -52.50 70 -138 47
63.65 -0.01 -1000 690 -382 -26.50 -43.79 25 35 -89 -15.80 -53.02 47 -236 64
64.29 -0.81 1625 -418 1237 -26.49 -43.82 117 -15 -38 -15.86 -53.62 25 -426 217
64.34 -0.79 2009 -812 1341 -26.51 -43.81 25 -196 113 -15.95 -54.20 7 -434 207
64.04 -0.36 1113 -622 418 -26.57 -43.60 -139 -439 310 -16.07 -54.90 43 -511 312
63.86 0.02 306 -252 -405 -26.69 -43.22 -111 -535 396 -16.20 -55.57 20 -755 415
63.93 0.12 324 -154 -450 -26.87 -42.72 -168 -529 334 -16.39 -56.19 -129 -606 323
63.94 0.11 642 -303 -13 -27.01 -42.19 -191 -632 367 -16.53 -56.77 -260 97 40
63.75 0.29 408 -368 245 -27.17 -41.51 -116 -546 172 -16.56 -57.43 -148 777 -219
63.55 0.60 -52 -272 283 -27.40 -40.83 -52 -224 -221 -16.48 -58.36 -84 1158 -256
63.55 0.60 -52 -272 283 -27.40 -40.83 -52 -224 -221 -16.48 -58.36 -84 1158 -256
63.47 0.86 -800 333 -208 -27.63 -39.84 180 439 -576 -15.92 -61.10 220 2828 -523
63.62 0.69 -785 506 -349 -27.60 -39.44 226 792 -616 -15.33 -63.50 868 4343 -849
63.84 0.36 -663 491 -350 -27.47 -39.15 492 1339 -694 -14.84 -66.53 536 3618 446
63.98 -0.11 -448 329 -215 -27.24 -39.11 961 2147 -897 -13.82 -68.96 -1411 -672 1959
64.12 -0.65 -147 135 20 -27.03 -39.33 1226 2731 -1065 -12.94 -69.60 -713 -1263 759
64.24 -1.11 270 -67 298 -26.95 -39.53 1566 2425 -1378 -12.39 -70.15 -496 -1225 118
