64.64 -1.01 264 -61 135 -25.80 -43.70 -5 107 -83 -15.03 -55.88 20 87 246
64.63 -0.89 216 -59 101 -25.67 -44.12 39 190 -50 -15.08 -56.26 11 -12 242
64.63 -0.79 169 -28 71 -25.59 -44.46 66 202 -10 -15.14 -56.50 -72 -161 311
64.65 -0.68 225 -30 99 -25.54 -44.72 35 66 70 -15.18 -56.49 -135 -239 348
64.65 -0.56 238 -30 93 -25.54 -44.86 -54 -41 103 -15.16 -56.28 -93 -335 316
64.63 -0.45 232 -64 113 -25.57 -44.84 -157 -148 177 -15.13 -55.97 -61 -428 245
64.61 -0.33 237 -115 138 -25.65 -44.63 -94 -102 76 -15.13 -55.59 -28 -521 215
64.59 -0.19 242 -134 141 -25.68 -44.41 -1 -136 33 -15.23 -55.12 75 -307 -52
64.55 -0.03 168 -113 97 -25.73 -44.14 -81 -279 148 -15.39 -54.88 164 -296 -116
64.52 0.13 73 -26 12 -25.87 -43.70 -68 -346 199 -15.54 -55.00 175 -389 -104
64.52 0.24 174 -21 49 -26.09 -43.20 3 -268 112 -15.64 -55.59 203 -485 -46
64.50 0.37 283 -60 117 -26.24 -42.69 63 -231 30 -15.76 -56.45 78 -144 -32
64.47 0.54 262 -88 144 -26.40 -42.14 -26 -280 15 -15.88 -57.18 -201 843 -286
64.43 0.75 257 -68 132 -26.53 -41.49 -71 -170 -127 -15.70 -58.11 -143 1819 -492
64.40 0.96 292 -60 125 -26.56 -40.82 96 125 -338 -15.31 -59.56 166 3302 -1092
64.37 1.19 351 -94 150 -26.51 -40.21 235 645 -553 -14.91 -62.26 757 5385 -1723
64.31 1.45 390 -110 158 -26.37 -39.74 552 1398 -818 -14.69 -66.07 1308 6126 -1374
64.23 1.75 377 -104 124 -26.16 -39.51 1061 2353 -1245 -14.02 -69.24 -1956 737 2033
64.12 2.06 316 -65 76 -25.99 -39.71 1690 3028 -1250 -12.74 -70.27 -1041 -325 589
64.03 2.37 335 -74 83 -26.02 -40.13 2065 2698 -1744 -12.11 -71.10 -585 -932 -21
