64.94 -1.28 162 2 60 -26.48 -42.26 78 121 -120 -14.88 -51.52 -2 54 -15
64.96 -1.27 194 18 47 -26.48 -42.26 74 128 -122 -14.88 -51.53 -9 54 -22
64.97 -1.26 193 -2 83 -26.47 -42.26 68 138 -124 -14.88 -51.55 -12 35 -11
64.95 -1.27 155 -19 104 -26.47 -42.27 65 137 -129 -14.87 -51.56 -6 1 -6
64.95 -1.27 156 -19 103 -26.46 -42.28 61 120 -130 -14.87 -51.56 10 -5 -6
64.95 -1.27 168 -2 81 -26.45 -42.29 64 96 -124 -14.87 -51.55 6 -6 1
64.95 -1.26 169 -7 79 -26.45 -42.29 65 98 -133 -14.89 -51.59 4 -68 -2
64.95 -1.26 169 -7 79 -26.45 -42.29 65 98 -133 -14.89 -51.59 4 -68 -2
64.95 -1.27 170 -9 97 -26.44 -42.29 64 58 -122 -14.88 -51.80 150 -540 -157
64.95 -1.26 170 -2 98 -26.43 -42.31 81 -87 -113 -15.25 -52.81 16 -1021 133
64.95 -1.26 170 -2 98 -26.43 -42.31 81 -87 -113 -15.25 -52.81 16 -1021 133
64.96 -1.25 161 16 90 -26.55 -42.31 -455 -1070 659 -15.93 -55.60 36 -681 16
64.96 -1.25 161 16 90 -26.55 -42.31 -455 -1070 659 -15.93 -55.60 36 -681 16
64.95 -1.26 175 -32 119 -26.60 -41.64 -139 -719 298 -16.24 -59.20 -196 698 195
64.93 -1.26 187 -37 110 -26.56 -41.37 -106 -520 297 -16.02 -60.57 -183 1663 164
64.93 -1.25 191 -10 84 -26.61 -40.75 39 -24 10 -15.63 -62.05 144 3514 -386
64.94 -1.22 273 -17 116 -26.69 -39.89 144 702 -420 -15.18 -64.29 871 4720 -515
64.95 -1.16 487 -57 201 -26.77 -38.88 380 1458 -730 -14.82 -66.96 395 3500 504
64.94 -0.98 854 -129 290 -26.80 -37.96 1098 2405 -1048 -14.01 -69.08 -1516 -55 2007
64.89 -0.63 1005 -262 362 -26.84 -37.40 1768 3082 -1670 -13.20 -69.70 -678 -815 770
