61.78 -1.05 246 86 218 -25.46 -42.99 142 92 71 -14.58 -52.43 134 59 114
61.03 -1.07 -115 223 7 -25.58 -43.00 53 180 22 -14.75 -52.54 82 97 164
60.35 -1.27 -186 170 -50 -25.65 -43.11 50 216 90 -14.95 -52.69 34 96 173
59.79 -1.56 391 -186 340 -25.74 -43.27 21 235 118 -15.12 -52.86 -28 109 248
59.13 -1.64 867 -399 550 -25.83 -43.46 26 257 74 -15.25 -53.08 -5 258 334
58.22 -1.56 698 -286 246 -25.93 -43.61 97 356 109 -15.29 -53.38 -29 327 424
57.31 -1.55 264 -54 -215 -26.11 -43.41 278 459 242 -15.26 -53.77 -63 265 405
56.40 -1.80 -411 207 -798 -26.43 -42.71 266 360 427 -15.21 -54.32 -58 223 362
55.67 -2.30 -1306 490 -1519 -26.92 -41.92 44 237 216 -15.11 -55.02 108 61 403
55.26 -3.30 -1467 288 -1255 -27.35 -41.23 36 218 61 -15.13 -55.70 -22 116 369
55.26 -3.30 -1467 288 -1255 -27.35 -41.23 36 218 61 -15.13 -55.70 -22 116 369
55.53 -5.45 1444 -1062 967 -29.47 -33.55 -227 -951 -255 -14.64 -57.52 173 203 254
55.81 -5.48 1879 -932 983 -29.36 -33.89 369 -181 -410 -14.42 -58.59 74 217 418
55.88 -5.17 1545 -676 480 -29.63 -33.69 -489 -362 234 -14.29 -59.34 173 203 524
55.86 -4.80 732 -352 -250 -29.75 -33.71 585 417 -437 -14.33 -59.82 123 -143 337
55.95 -4.66 39 -213 -627 -29.62 -34.63 1208 1171 -1031 -14.52 -60.10 -175 -908 390
56.14 -4.57 86 -342 -426 -29.32 -36.36 973 1387 -1053 -14.70 -60.10 -82 -1100 353
56.52 -4.17 337 -535 -157 -29.12 -37.19 -721 402 530 -14.81 -59.80 103 -755 158
56.83 -3.75 104 -652 -37 -28.92 -37.56 -224 513 87 -14.81 -59.27 -34 79 -4
57.09 -3.45 81 -600 137 -28.79 -37.78 -131 398 214 -14.49 -58.52 192 1304 -445
