63.73 1.35 160 16 117 -26.89 -43.99 53 122 -168 -16.87 -53.87 -84 81 21
63.68 1.31 87 11 99 -26.85 -44.08 3 138 -178 -16.72 -54.10 -26 36 5
63.66 1.26 12 43 46 -26.82 -44.16 55 122 -143 -16.61 -54.32 23 26 12
63.67 1.19 80 96 27 -26.82 -44.19 85 79 -139 -16.52 -54.56 31 81 95
63.69 1.12 212 114 51 -26.87 -44.13 86 100 -56 -16.44 -54.82 34 149 191
63.68 1.08 273 106 52 -26.92 -43.93 38 144 89 -16.34 -55.15 105 122 248
63.61 1.03 226 124 6 -27.04 -43.58 91 253 51 -16.19 -55.58 356 -71 296
63.56 1.01 259 141 6 -27.23 -43.12 69 213 29 -16.35 -55.91 317 -269 444
63.50 0.99 248 117 49 -27.53 -42.41 3 78 58 -16.22 -56.34 285 -785 775
63.43 0.96 195 74 75 -27.95 -41.40 -119 118 -74 -16.34 -56.42 199 -760 808
63.36 0.91 191 24 108 -28.37 -40.23 -137 286 -231 -16.39 -56.19 6 -731 901
63.24 0.84 235 -21 119 -28.70 -38.98 -174 338 -171 -16.19 -55.48 41 -527 676
63.13 0.83 392 -88 158 -28.93 -37.56 -249 335 -82 -16.03 -54.21 -248 248 414
62.93 0.90 388 -84 160 -29.18 -35.83 -210 535 -448 -15.77 -52.47 -10 1290 -415
62.64 1.01 159 20 67 -29.40 -34.07 -73 1166 -1397 -15.36 -51.23 111 2017 -1263
62.35 1.01 -49 78 34 -29.10 -33.29 1529 1855 -2352 -14.97 -50.81 196 1749 -1592
62.04 0.88 -119 23 132 -28.37 -34.29 569 398 -589 -14.77 -51.03 -432 -610 -860
61.69 0.67 33 -100 308 -28.07 -35.54 -1109 -1569 1079 -14.82 -51.01 -1303 -2176 -109
61.17 0.40 325 -264 521 -27.90 -35.85 -619 -1836 333 -14.69 -50.72 -1158 -1993 -110
60.37 0.15 455 -200 407 -27.54 -36.49 -310 -1648 -63 -14.37 -50.40 -187 -724 -748
