61.73 2.91 134 10 56 -25.75 -43.50 70 270 92 -18.15 -52.04 91 160 255
61.73 2.90 125 9 72 -25.69 -43.81 20 314 143 -18.33 -52.27 18 229 329
61.74 2.91 127 30 82 -25.70 -43.98 22 464 63 -18.46 -52.59 -100 290 447
61.76 2.92 149 31 105 -25.84 -43.83 -62 483 142 -18.41 -53.03 -138 358 449
61.77 2.95 156 51 116 -26.02 -43.31 -74 421 380 -18.19 -53.61 -90 230 387
61.76 2.97 149 66 130 -26.34 -42.56 3 274 366 -17.81 -54.38 240 -119 312
61.76 2.99 191 72 158 -26.73 -41.74 112 54 196 -17.59 -55.29 241 -416 306
61.73 3.03 213 81 139 -27.14 -40.94 238 -137 15 -17.53 -56.25 -81 -883 601
61.72 3.09 169 107 97 -27.55 -40.14 131 -126 -301 -17.44 -56.69 -286 -1212 662
61.72 3.09 169 107 97 -27.55 -40.14 131 -126 -301 -17.44 -56.69 -286 -1212 662
53.70 -2.74 689 -832 42 -28.09 -38.43 -121 -359 -267 -17.52 -56.70 -81 -400 190
53.78 -2.50 212 -597 -548 -28.30 -37.40 -94 -376 -93 -17.69 -56.34 -26 -245 212
53.96 -2.45 78 -608 -540 -28.56 -36.32 -124 -268 16 -17.83 -55.66 56 34 115
54.20 -2.21 95 -715 -228 -28.82 -35.10 -137 -292 241 -17.90 -54.65 -30 528 39
54.44 -1.82 115 -784 255 -29.19 -33.46 -214 41 -168 -17.65 -53.53 96 1510 -457
54.78 -1.38 498 -722 812 -29.53 -31.50 194 778 -1208 -17.09 -52.84 263 2778 -1186
55.25 -0.76 459 -622 698 -29.51 -30.33 2305 2361 -3226 -16.16 -52.94 739 3592 -1601
55.58 -0.16 292 -542 522 -28.79 -32.36 4669 4236 -5384 -15.33 -53.63 601 1279 -1505
55.96 0.50 43 -369 100 -28.05 -35.58 -745 69 -350 -15.43 -54.26 -1089 -2355 -107
56.28 1.08 -565 -104 -367 -27.96 -35.61 -877 -1731 413 -15.45 -54.15 -1523 -3185 269
