61.05 2.36 310 -54 95 -26.19 -40.51 78 133 -100 -15.11 -50.92 35 65 -4
61.05 2.36 310 -54 95 -26.19 -40.51 78 133 -100 -15.11 -50.92 35 65 -4
61.04 2.70 219 -1 -29 -26.20 -40.58 43 131 -114 -15.17 -50.92 52 -15 37
60.97 2.87 56 64 -83 -26.19 -40.62 52 111 -107 -15.22 -50.89 36 -16 30
60.86 2.94 -382 233 -232 -26.18 -40.66 85 93 -63 -15.29 -50.86 32 -21 25
60.77 2.75 -852 481 -471 -26.20 -40.67 75 85 -49 -15.35 -50.85 41 -21 13
60.66 2.17 -1300 731 -746 -26.24 -40.67 73 83 -43 -15.45 -50.80 30 -191 92
60.40 1.14 -1752 752 -990 -26.29 -40.64 -22 -40 50 -15.55 -50.68 -44 -506 279
60.18 -0.19 -1370 803 -596 -26.40 -40.47 -392 -387 343 -15.71 -50.39 -195 -1012 559
60.78 -1.09 2337 -557 1530 -26.55 -39.88 -589 -856 758 -15.82 -49.95 -141 -1225 676
60.64 -1.04 2346 -911 1507 -26.79 -38.91 -535 -960 788 -15.90 -49.39 -75 -1123 590
60.17 -0.61 1046 -621 484 -27.00 -37.74 -422 -838 557 -15.97 -48.75 143 -881 402
60.09 -0.32 194 -334 -148 -27.19 -36.39 -252 -729 399 -16.09 -48.05 239 -555 154
60.09 -0.20 268 -229 -205 -27.44 -35.05 -38 -459 -43 -16.23 -47.39 198 -129 -105
60.11 -0.09 545 -257 26 -27.59 -33.84 61 80 -859 -16.29 -46.79 2 459 -318
60.18 0.24 696 -307 235 -27.54 -33.05 693 845 -1491 -16.09 -46.18 67 1261 -583
60.32 0.76 833 -464 517 -27.45 -32.82 1921 2019 -2280 -15.64 -45.70 323 2426 -1054
60.32 0.76 833 -464 517 -27.45 -32.82 1921 2019 -2280 -15.64 -45.70 323 2426 -1054
60.28 1.52 -832 -30 -7 -26.54 -41.71 70 161 50 -14.29 -46.22 328 3664 -2050
60.35 1.58 -1006 219 -180 -26.62 -41.64 37 130 -84 -14.42 -47.48 -491 -190 -511
