61.39 0.99 124 16 77 -26.73 -41.83 60 77 -55 -16.73 -51.05 36 4 7
61.40 0.97 177 -1 102 -26.79 -41.75 92 84 -70 -16.76 -51.01 50 -74 31
61.39 0.96 194 -22 116 -26.86 -41.68 90 54 -90 -16.81 -50.93 45 -230 113
61.38 0.97 154 -23 103 -26.87 -41.61 45 -67 16 -16.83 -50.76 -1 -400 186
61.37 0.97 140 -6 79 -26.97 -41.38 -46 -169 35 -16.94 -50.58 5 -165 22
61.37 0.98 155 -12 86 -27.05 -41.12 -83 -109 -26 -17.03 -50.52 94 -222 200
61.37 0.98 163 -12 90 -27.13 -40.81 -72 -56 51 -17.02 -50.34 117 -677 498
61.36 0.98 170 -34 124 -27.25 -40.30 -111 -295 329 -17.06 -50.03 -15 -971 556
61.34 0.99 164 -41 143 -27.45 -39.55 -126 -461 351 -17.22 -49.75 -183 -597 231
61.32 1.02 175 -34 130 -27.75 -38.72 -235 -251 -124 -17.43 -49.59 -273 16 -89
61.31 1.04 189 -35 122 -28.00 -37.91 -199 -23 -379 -17.39 -49.49 -172 45 -68
61.28 1.08 194 3 74 -28.17 -37.06 -36 6 -332 -17.25 -49.22 -259 -276 47
61.27 1.12 213 30 50 -28.37 -36.01 -50 -236 -136 -17.14 -48.76 -214 -39 -153
61.25 1.15 206 19 52 -28.57 -34.86 -15 -196 -239 -17.02 -48.35 39 613 -248
61.23 1.17 230 -5 86 -28.74 -33.96 836 802 -1012 -16.71 -47.98 461 1822 -504
61.22 1.22 304 -42 138 -28.85 -34.11 2943 2978 -2762 -16.18 -47.84 906 3319 -1110
61.21 1.30 310 -61 143 -28.75 -36.75 4029 5001 -4893 -15.53 -48.29 763 3890 -1367
61.16 1.38 196 -14 82 -28.04 -41.37 680 2878 -1660 -15.31 -49.31 -55 1411 -1243
61.12 1.42 233 -1 96 -27.91 -42.36 -1224 -1020 1045 -15.49 -50.37 -892 -2668 1089
61.06 1.43 403 -90 217 -27.73 -42.92 -729 -1405 345 -15.37 -49.99 -999 -2818 1050
