61.45 0.25 446 -135 285 -27.36 -41.65 71 90 -140 -16.32 -50.13 9 12 -38
61.39 0.48 480 -164 276 -27.36 -41.65 64 84 -129 -16.34 -50.12 1 15 -24
61.32 0.70 317 -160 198 -27.35 -41.64 73 86 -129 -16.35 -50.11 -6 -26 -3
61.22 0.89 30 -89 85 -27.34 -41.64 63 59 -125 -16.38 -50.08 -36 -37 -5
61.10 1.00 -395 116 -145 -27.32 -41.64 43 46 -112 -16.42 -50.05 -30 -18 -19
60.99 0.87 -873 474 -487 -27.32 -41.62 80 60 -93 -16.44 -50.02 2 24 -16
60.87 0.34 -1492 892 -856 -27.36 -41.56 99 96 -87 -16.48 -49.97 18 -21 5
60.77 -0.72 -2005 1061 -1143 -27.42 -41.48 70 38 -40 -16.52 -49.92 26 -109 54
60.69 -2.13 -1509 1072 -763 -27.50 -41.35 -24 -96 63 -16.58 -49.85 45 -302 155
61.30 -3.32 2103 -343 1307 -27.61 -41.01 -182 -441 392 -16.71 -49.72 -101 -782 440
61.22 -3.60 2330 -1064 1618 -27.81 -40.39 -193 -627 446 -16.80 -49.46 -2 -1120 608
60.73 -3.30 801 -773 518 -28.06 -39.57 -290 -754 510 -16.93 -49.07 90 -1171 681
60.73 -3.13 249 -451 -87 -28.35 -38.65 -538 -738 510 -17.19 -48.66 140 -623 325
60.82 -3.11 626 -350 -71 -28.67 -37.44 -293 -312 -18 -17.52 -48.40 330 126 -58
60.81 -2.99 905 -306 57 -28.94 -36.28 241 411 -654 -17.78 -48.34 209 820 -166
60.85 -2.62 962 -324 205 -29.14 -35.47 1022 1487 -1523 -17.71 -48.27 97 1704 -379
60.89 -2.07 723 -354 290 -29.26 -35.67 2966 3436 -3264 -17.18 -48.32 432 2999 -877
60.91 -1.55 537 -399 420 -29.06 -38.42 4160 5213 -5084 -16.37 -48.78 512 3612 -1270
60.80 -1.06 -848 -21 -115 -28.53 -42.02 -817 1050 15 -15.93 -49.77 -527 727 -694
60.89 -0.88 -895 236 -269 -28.53 -42.36 -1114 -1070 832 -15.81 -50.50 -894 -2220 723
