61.89 1.48 294 -101 27 -24.22 -52.64 102 203 -6 -15.99 -50.23 37 64 -20
61.79 1.77 -21 -67 -38 -24.13 -52.98 92 116 -4 -15.99 -50.22 1 -42 26
61.72 1.98 -20 -110 52 -24.02 -53.38 -15 -11 39 -15.96 -50.20 10 -116 50
61.66 2.18 57 -141 148 -23.89 -53.89 35 81 -57 -15.97 -50.12 -5 -66 13
61.58 2.44 -158 -38 85 -23.72 -54.49 105 197 -79 -15.96 -50.04 14 -64 21
61.49 2.62 -861 282 -279 -23.55 -55.08 -2 59 53 -15.93 -49.91 29 -343 196
61.52 2.39 -1665 667 -729 -23.46 -55.40 -194 -491 318 -15.91 -49.63 -13 -806 403
61.50 1.43 -2482 792 -979 -23.47 -55.45 -282 -1052 494 -15.93 -49.11 -81 -1129 499
61.75 -0.07 -2264 1084 -1093 -23.62 -55.24 -242 -1194 437 -16.04 -48.39 -26 -980 368
62.49 -1.49 1405 -66 991 -23.90 -54.87 -34 -659 121 -16.14 -47.65 103 -598 144
62.59 -1.88 3055 -1073 1937 -24.10 -54.71 257 3 -152 -16.15 -46.95 145 -361 38
61.99 -1.42 2451 -1375 1471 -24.20 -54.72 104 49 -121 -16.13 -46.25 -24 -248 -49
61.06 -0.65 655 -1148 551 -24.34 -54.57 -154 -217 -58 -16.15 -45.51 -223 -128 -187
60.60 -0.06 -423 -567 -286 -24.50 -54.30 -222 145 -317 -16.15 -44.80 -275 230 -333
60.36 0.16 -388 -355 -353 -24.52 -53.92 150 1856 -941 -15.98 -44.10 -204 1075 -575
60.32 0.38 67 -332 -88 -24.04 -54.37 1779 4632 -1914 -15.52 -43.63 232 2417 -1136
60.19 0.71 242 -335 224 -22.78 -57.16 2907 7027 -2670 -14.78 -43.65 869 3906 -1995
60.06 1.25 -19 -191 178 -20.73 -62.13 2470 6730 -2235 -13.96 -44.54 916 4090 -2676
59.85 1.71 -909 353 -356 -19.33 -64.37 1033 4051 345 -14.47 -46.36 135 221 -509
59.92 1.71 -906 615 -561 -18.99 -65.33 206 1675 -147 -14.70 -47.10 -1167 -3380 2277
