67.22 -5.70 194 -47 81 -24.78 -42.97 69 118 -116 -11.27 -52.39 -29 -136 -2
67.22 -5.69 197 -36 75 -24.78 -42.97 64 108 -107 -11.35 -52.45 105 -27 -86
67.22 -5.69 183 -25 62 -24.78 -42.97 68 110 -110 -11.45 -52.54 61 -100 -13
67.23 -5.68 177 -34 74 -24.78 -42.97 70 108 -113 -11.71 -53.02 104 -180 -136
67.23 -5.67 207 -54 104 -24.78 -42.97 74 113 -114 -11.91 -53.64 -23 -586 97
67.22 -5.64 273 -84 127 -24.78 -42.97 75 115 -114 -12.13 -54.41 -15 -587 55
67.22 -5.58 341 -106 137 -24.78 -42.97 75 105 -104 -12.38 -55.46 -74 -438 -9
67.22 -5.49 368 -119 132 -24.78 -42.97 64 85 -109 -12.51 -56.88 -74 -263 53
67.24 -5.36 333 -68 84 -24.77 -42.97 40 49 -107 -12.54 -58.41 -32 -11 157
67.27 -5.24 350 -67 96 -24.75 -42.97 85 4 -125 -12.52 -59.82 53 245 229
67.35 -5.06 506 -133 150 -24.79 -43.00 57 -27 -121 -12.46 -61.17 100 360 334
67.46 -4.78 675 -208 244 -24.80 -43.05 78 3 -100 -12.40 -62.28 37 479 410
67.56 -4.39 720 -233 241 -24.80 -43.08 99 -88 -69 -12.30 -63.14 -11 596 423
67.62 -3.96 629 -225 169 -24.74 -43.29 -201 -292 20 -12.15 -63.82 -95 1019 393
67.67 -3.53 473 -211 115 -24.65 -43.21 -253 -592 213 -11.97 -64.32 156 2427 -195
67.66 -3.10 272 -171 54 -24.58 -43.05 -334 -680 303 -11.85 -65.57 861 4039 -811
67.60 -2.71 97 -90 -26 -24.44 -42.93 -149 -450 96 -11.78 -67.69 176 2704 497
67.56 -2.35 -21 -35 -53 -24.27 -42.89 -1 -209 -54 -11.13 -69.22 -1306 -493 1594
67.53 -2.04 -106 -2 -58 -24.09 -42.78 -57 -152 86 -10.60 -69.45 -637 -960 343
67.50 -1.79 -227 -25 -18 -23.95 -42.45 55 29 11 -10.26 -69.86 -495 -921 -146
