61.79 -0.87 116 -37 102 -25.15 -45.61 203 157 117 -15.82 -50.14 111 23 -91
61.80 -0.88 266 -18 128 -25.04 -46.50 125 266 7 -16.00 -50.21 8 66 -48
61.80 -0.88 266 -18 128 -25.04 -46.50 125 266 7 -16.00 -50.21 8 66 -48
61.80 -0.83 93 30 39 -24.62 -48.37 -75 364 -105 -16.09 -50.32 -19 71 39
61.82 -0.85 151 -16 111 -24.29 -49.49 -160 453 -144 -16.11 -50.34 28 91 58
61.82 -0.84 203 -47 146 -23.97 -50.43 -76 354 22 -16.07 -50.33 28 -101 136
61.81 -0.81 191 -50 128 -23.71 -51.15 59 191 85 -16.03 -50.24 -7 -270 138
61.82 -0.77 166 -32 95 -23.52 -51.84 18 7 108 -16.07 -50.09 -21 -318 120
61.82 -0.77 166 -32 95 -23.52 -51.84 18 7 108 -16.07 -50.09 -21 -318 120
61.80 -0.73 210 -3 106 -23.25 -53.30 7 -104 191 -16.17 -49.70 -11 -482 201
61.81 -0.68 341 -39 155 -23.13 -53.98 -187 -559 470 -16.20 -49.31 -116 -878 382
61.81 -0.56 449 -67 169 -23.21 -54.19 -513 -1242 718 -16.34 -48.66 -309 -1196 541
61.76 -0.41 375 -50 102 -23.46 -54.03 -637 -1271 519 -16.44 -47.75 -329 -1084 361
61.71 -0.27 209 -44 57 -23.73 -53.64 -457 -439 -60 -16.52 -46.83 -147 -177 -239
61.70 -0.15 33 -77 96 -23.76 -53.40 200 1056 -726 -16.46 -46.18 133 857 -678
61.69 -0.04 -50 -10 75 -23.53 -53.79 1273 2838 -1258 -16.22 -45.86 279 1722 -945
61.75 0.05 102 -26 120 -22.98 -55.37 2191 5014 -2239 -15.74 -45.92 599 2614 -1200
61.76 0.14 165 -7 90 -21.87 -58.55 2441 5904 -2433 -15.22 -46.33 821 3324 -1547
61.74 0.21 118 1 59 -20.83 -60.99 -707 490 1170 -14.98 -47.28 594 2454 -1641
61.75 0.28 277 -61 134 -20.48 -61.65 -1055 -848 1268 -15.43 -48.44 -199 -841 339
