61.74 0.76 484 -185 209 -24.38 -50.13 -57 401 7 -16.23 -49.15 -6 184 -31
61.65 1.04 357 -151 162 -24.17 -50.89 -28 380 53 -16.22 -49.21 -43 98 42
61.60 1.35 482 -152 213 -24.01 -51.48 -34 334 21 -16.21 -49.24 -70 55 50
61.55 1.75 624 -177 249 -23.88 -52.00 -29 327 -54 -16.21 -49.25 -38 47 30
61.45 2.22 536 -167 173 -23.74 -52.47 24 269 -7 -16.20 -49.27 -2 59 22
61.45 2.22 536 -167 173 -23.74 -52.47 24 269 -7 -16.20 -49.27 -2 59 22
61.22 3.09 -381 105 -184 -23.57 -53.23 65 8 86 -16.15 -49.21 19 -367 202
61.22 3.09 -381 105 -184 -23.57 -53.23 65 8 86 -16.15 -49.21 19 -367 202
61.16 2.87 -2055 638 -863 -23.52 -53.85 -141 -374 32 -16.32 -48.86 -47 -576 172
61.34 1.90 -2052 790 -817 -23.57 -53.93 -339 -712 335 -16.46 -48.63 -47 -480 146
61.88 0.79 340 263 345 -23.67 -53.75 -259 -713 285 -16.63 -48.32 -111 -484 152
62.19 0.26 1793 -462 1130 -23.75 -53.66 -51 -579 135 -16.72 -47.94 -81 -672 228
61.94 0.37 1293 -652 914 -23.85 -53.65 27 -421 -30 -16.83 -47.43 -153 -715 254
61.70 0.65 659 -571 404 -23.93 -53.80 95 75 -306 -16.91 -46.85 -120 -354 32
61.57 0.87 356 -414 31 -23.83 -54.26 571 1286 -792 -16.88 -46.42 8 448 -367
61.49 0.98 297 -307 -62 -23.33 -55.83 1801 3640 -1719 -16.66 -46.26 237 1429 -732
61.42 1.13 350 -286 41 -22.26 -59.07 2321 5681 -2298 -16.20 -46.37 696 2567 -1102
61.29 1.37 308 -211 152 -20.77 -62.88 -57 2802 111 -15.63 -46.95 789 3169 -1371
61.19 1.63 171 -288 317 -20.01 -64.02 -1375 193 1742 -15.50 -47.82 294 1251 -711
60.93 1.85 -768 101 -150 -19.51 -64.94 -970 -397 846 -15.62 -48.29 -574 -1151 752
