62.69 -0.96 378 -47 120 -26.78 -44.46 33 172 -173 -16.12 -49.00 -31 54 -27
62.54 -0.89 362 -73 156 -26.78 -44.48 30 158 -161 -16.10 -48.97 -47 48 -22
62.36 -0.86 314 -163 239 -26.77 -44.50 49 123 -127 -16.07 -48.92 -31 -2 5
62.11 -0.84 266 -220 254 -26.77 -44.53 72 101 -102 -16.04 -48.86 -21 -74 75
61.76 -0.83 265 -215 244 -26.80 -44.56 87 96 -67 -16.00 -48.67 -85 -205 209
61.36 -0.83 126 -116 141 -26.84 -44.60 109 65 -39 -15.86 -48.36 -74 -240 149
60.78 -1.02 -249 72 -121 -26.85 -44.72 191 15 26 -15.77 -48.00 -11 -203 50
59.96 -1.47 -866 382 -527 -26.83 -44.97 60 -128 171 -15.73 -47.54 -13 -247 84
59.18 -2.21 -1281 817 -813 -26.85 -45.21 196 -14 125 -15.74 -46.94 -31 -298 109
58.63 -3.24 -939 883 -610 -26.87 -45.59 23 -37 140 -15.74 -46.24 -53 -288 79
58.13 -4.40 -336 580 -345 -26.94 -45.99 -211 -73 217 -15.81 -45.41 -37 -145 -8
57.93 -5.30 717 205 206 -27.01 -46.45 -405 -273 466 -15.92 -44.46 -40 -144 -10
58.17 -5.80 2226 -788 1161 -27.12 -46.82 -669 -578 688 -16.05 -43.27 -75 -139 -14
57.93 -5.50 1793 -768 729 -27.22 -47.03 -665 -492 614 -16.14 -41.82 -7 138 -191
57.72 -5.01 870 -347 -43 -27.36 -47.14 -319 279 256 -16.14 -40.11 100 846 -589
57.76 -4.61 265 -110 -274 -27.54 -47.04 178 1362 -276 -16.03 -38.14 202 1768 -1455
57.94 -4.27 256 -132 5 -27.77 -46.72 606 1951 -624 -15.97 -36.46 566 2600 -2741
58.29 -3.83 432 -261 337 -28.07 -46.43 884 1914 -724 -16.47 -36.11 1227 3420 -4590
58.83 -3.18 554 -377 508 -28.39 -46.32 1042 1822 -985 -17.37 -37.82 426 946 -1632
59.20 -2.38 -90 -213 183 -28.28 -46.72 1279 464 -1269 -16.34 -38.21 -731 -1757 39
