62.75 -1.02 187 -29 92 -27.44 -44.13 72 132 -114 -17.06 -48.57 9 45 -21
62.74 -1.02 135 -6 90 -27.43 -44.14 65 120 -117 -17.05 -48.57 -8 36 -15
62.74 -1.02 115 -3 98 -27.42 -44.14 67 124 -120 -17.05 -48.56 4 35 -15
62.75 -1.02 134 -5 114 -27.42 -44.13 64 129 -122 -17.04 -48.56 15 38 -14
62.75 -1.01 151 5 100 -27.42 -44.13 71 140 -112 -17.04 -48.55 36 46 -15
62.76 -1.01 178 9 84 -27.41 -44.12 82 123 -86 -17.03 -48.54 45 12 12
62.76 -1.01 178 9 84 -27.41 -44.12 82 123 -86 -17.03 -48.54 45 12 12
62.77 -1.02 154 -16 92 -27.48 -43.95 -65 -182 92 -16.96 -48.33 -101 -560 451
62.76 -1.01 136 -22 95 -27.55 -43.58 -379 -635 472 -16.64 -47.75 -277 -1165 782
62.76 -1.01 151 -5 90 -27.73 -42.75 -515 -702 570 -16.43 -46.71 -511 -1297 986
62.76 -1.01 151 -5 90 -27.73 -42.75 -515 -702 570 -16.43 -46.71 -511 -1297 986
62.77 -0.99 145 -9 89 -28.37 -41.03 -58 277 41 -16.18 -43.03 -32 816 -778
62.76 -0.99 159 -25 99 -28.74 -40.20 -76 582 -221 -16.24 -40.96 52 1190 -1195
62.75 -0.99 155 -20 99 -29.00 -39.41 38 749 -446 -16.14 -38.75 -15 1153 -1265
62.75 -0.98 159 -1 86 -29.23 -38.57 23 874 -534 -16.00 -36.37 91 1336 -1687
62.75 -0.98 153 -11 99 -29.39 -37.64 398 1105 -710 -16.01 -34.49 722 2272 -3292
62.75 -0.97 131 -15 106 -29.55 -37.08 1022 1389 -1004 -17.09 -34.98 2103 4116 -6460
62.75 -0.97 148 -11 99 -29.72 -37.02 1587 1177 -1161 -18.05 -38.75 -871 841 -2337
62.75 -0.96 175 -11 87 -29.46 -38.12 1073 -774 -436 -17.35 -39.27 -530 -834 -1112
62.75 -0.96 182 3 70 -29.49 -38.96 -1046 -2238 764 -16.97 -39.69 -471 -1073 -651
