62.17 -0.77 348 -86 114 -27.51 -44.38 40 213 -95 -16.41 -48.73 -81 29 42
62.06 -0.68 248 -82 104 -27.49 -44.59 33 206 -105 -16.39 -48.29 -77 101 -69
61.92 -0.63 160 -88 117 -27.48 -44.74 76 151 -52 -16.39 -47.81 47 153 -167
61.74 -0.62 113 -121 155 -27.46 -44.98 132 61 52 -16.45 -47.24 138 94 -200
61.55 -0.65 44 -120 184 -27.43 -45.39 163 44 114 -16.64 -46.62 83 -127 -60
61.27 -0.76 -161 -109 170 -27.42 -45.91 61 -57 239 -16.77 -45.93 56 -352 112
60.83 -1.07 -619 -3 -31 -27.42 -46.40 -24 -222 383 -16.84 -45.18 21 -524 218
60.20 -1.66 -1193 264 -317 -27.52 -46.61 -401 -544 612 -16.92 -44.26 -36 -534 210
59.57 -2.51 -1317 723 -595 -27.68 -46.57 -430 -440 410 -17.02 -43.20 -11 -426 129
59.13 -3.55 -851 960 -607 -27.81 -46.55 -228 -106 68 -17.06 -42.06 -19 -475 218
58.82 -4.81 -310 654 -455 -27.96 -46.39 -184 -71 21 -17.01 -40.74 -103 -495 207
58.72 -5.85 751 260 142 -28.21 -45.93 -285 -111 -37 -16.87 -39.30 -176 -449 83
59.10 -6.38 2522 -819 1215 -28.50 -45.22 -212 170 -201 -16.71 -37.88 -162 -65 -249
59.00 -6.12 1970 -793 768 -28.82 -44.31 -19 865 -493 -16.52 -36.42 -72 723 -803
58.84 -5.62 1089 -371 -15 -29.14 -43.26 297 1576 -741 -16.26 -34.77 305 1717 -1728
58.95 -5.26 478 -158 -208 -29.37 -42.23 792 2001 -970 -16.20 -33.44 701 2643 -2994
59.23 -4.90 477 -147 -7 -29.57 -41.60 1281 2256 -1230 -16.53 -33.53 1464 3324 -4413
59.62 -4.40 618 -216 258 -29.74 -41.76 1366 1972 -1280 -17.96 -35.85 512 1868 -2643
60.08 -3.75 663 -380 441 -29.41 -42.78 1416 176 -1177 -16.95 -37.00 -1223 -2182 922
60.29 -3.09 -52 -269 215 -29.15 -43.99 -572 -1852 93 -16.88 -36.85 -1010 -1918 135
