63.16 -0.86 250 -74 139 -27.65 -43.05 71 140 -114 -16.12 -48.66 -31 67 -6
63.15 -0.80 387 -107 182 -27.63 -43.07 81 125 -109 -16.12 -48.69 -15 45 -7
63.15 -0.80 387 -107 182 -27.63 -43.07 81 125 -109 -16.12 -48.69 -15 45 -7
63.16 -0.40 777 -156 269 -27.61 -43.10 83 115 -111 -16.12 -48.75 31 10 1
63.13 -0.05 799 -200 265 -27.62 -43.13 86 103 -119 -16.15 -48.85 27 11 -5
63.02 0.33 492 -178 158 -27.63 -43.16 78 95 -116 -16.20 -48.95 21 -5 11
62.85 0.68 45 -118 54 -27.66 -43.18 78 64 -110 -16.22 -49.06 71 -95 88
62.71 0.89 -428 16 -74 -27.68 -43.20 52 -20 -96 -16.25 -49.12 89 -296 205
62.60 0.88 -690 192 -140 -27.70 -43.22 -55 -246 68 -16.23 -49.23 116 -715 512
62.50 0.58 -773 309 -204 -27.70 -43.13 -382 -727 507 -16.13 -49.21 -81 -1295 844
62.22 -0.01 -1210 511 -516 -27.74 -42.58 -369 -997 772 -16.15 -48.86 -200 -1264 686
61.95 -0.90 -1524 780 -856 -27.97 -41.80 -160 -736 474 -16.28 -48.15 -380 -1046 511
62.38 -1.76 664 341 203 -28.26 -41.03 -85 -349 102 -16.33 -47.22 -275 -555 78
62.97 -2.04 2502 -664 1316 -28.54 -40.16 -68 57 -88 -16.35 -46.37 -246 330 -507
62.62 -1.65 1703 -729 864 -28.76 -39.18 40 652 -528 -16.25 -45.71 -90 1291 -1025
62.19 -1.10 449 -411 17 -28.80 -38.35 384 1300 -958 -16.26 -45.48 447 3161 -2459
62.12 -0.77 -534 -184 -471 -28.76 -37.89 960 2021 -1231 -16.90 -46.70 1299 5287 -3946
62.15 -0.73 -726 -67 -509 -28.71 -37.86 1693 2494 -1450 -17.77 -49.76 1938 5700 -4318
62.20 -0.84 -416 -109 -140 -28.56 -38.55 2378 1585 -1798 -17.86 -53.20 -1220 471 1193
62.27 -0.84 80 -159 298 -28.30 -40.54 408 -633 -342 -16.62 -53.61 -1002 -435 356
