63.15 -0.91 134 -24 110 -26.98 -43.91 120 115 -31 -15.42 -51.05 14 4 -28
63.16 -0.91 147 -20 110 -26.98 -44.10 97 145 -70 -15.42 -51.02 11 39 -33
63.18 -0.91 172 -12 96 -26.99 -44.26 67 138 -107 -15.41 -51.00 17 12 -19
63.19 -0.90 188 -10 87 -26.98 -44.40 78 151 -124 -15.40 -50.97 28 -8 -14
63.20 -0.91 199 -14 91 -26.98 -44.52 41 165 -132 -15.41 -50.95 41 -22 10
63.19 -0.90 186 -29 109 -27.01 -44.54 -74 85 -69 -15.42 -50.93 57 -39 36
63.17 -0.90 137 -28 119 -26.99 -44.55 49 -29 -36 -15.43 -50.88 -14 -214 146
63.16 -0.88 128 -5 104 -27.06 -44.44 -296 -496 256 -15.39 -50.61 -147 -823 568
63.17 -0.88 169 9 83 -27.17 -44.01 -370 -889 464 -15.29 -50.04 -78 -1031 474
63.17 -0.87 184 4 76 -27.31 -43.42 -252 -775 307 -15.25 -49.39 -188 -1336 626
63.17 -0.87 158 1 72 -27.52 -42.83 -83 -477 96 -15.26 -48.37 -39 -1157 431
63.18 -0.86 138 2 77 -27.73 -42.13 -116 -310 10 -15.42 -47.23 -13 -537 -95
63.19 -0.87 147 -8 105 -27.94 -41.33 -77 29 -248 -15.56 -46.37 -146 100 -506
63.18 -0.86 182 -5 109 -28.08 -40.65 98 545 -581 -15.62 -45.78 -236 605 -690
63.18 -0.85 214 -13 108 -28.12 -40.14 321 991 -710 -15.49 -45.37 -104 1104 -822
63.18 -0.84 229 -27 110 -28.08 -39.78 558 1549 -793 -15.33 -45.19 351 2329 -1684
63.17 -0.81 175 -27 88 -27.93 -39.72 1080 2197 -978 -15.74 -45.86 1214 4800 -3708
63.17 -0.79 134 -21 73 -27.80 -40.00 1522 2611 -1023 -16.79 -48.54 2276 6301 -5173
63.17 -0.78 165 -38 99 -27.57 -40.89 2249 710 -1231 -17.31 -52.48 -991 1432 60
63.17 -0.76 185 -43 116 -27.56 -42.46 -1126 -2067 654 -16.31 -52.92 -728 337 -555
