63.23 -1.05 342 -46 151 -26.90 -44.22 77 137 -119 -16.44 -51.29 8 28 -25
63.23 -0.96 541 -41 187 -26.90 -44.23 76 136 -120 -16.45 -51.27 -25 14 -6
63.23 -0.79 599 -133 230 -26.89 -44.22 78 119 -110 -16.44 -51.26 33 34 -23
63.20 -0.53 483 -128 164 -26.89 -44.22 76 94 -111 -16.44 -51.25 24 -6 -1
63.18 -0.26 424 -163 185 -26.88 -44.22 78 68 -119 -16.44 -51.22 -10 -39 -1
63.13 0.05 297 -125 102 -26.86 -44.23 100 26 -140 -16.43 -51.16 -44 -144 60
63.03 0.30 80 -105 60 -26.86 -44.27 -5 -116 41 -16.37 -51.01 -140 -457 341
62.94 0.47 -212 -12 -13 -26.87 -44.20 -110 -425 251 -16.05 -50.54 -204 -951 516
62.86 0.51 -469 108 -57 -26.98 -43.82 -363 -649 435 -15.90 -49.82 -209 -1011 462
62.82 0.35 -549 245 -101 -27.13 -43.21 -131 -451 196 -15.74 -48.87 -312 -1148 513
62.73 -0.06 -667 255 -139 -27.27 -42.69 41 -161 -117 -15.51 -47.63 -161 -812 119
62.43 -0.72 -1086 350 -415 -27.41 -42.23 -6 -83 -69 -15.40 -46.48 -46 -195 -435
62.43 -0.72 -1086 350 -415 -27.41 -42.23 -6 -83 -69 -15.40 -46.48 -46 -195 -435
63.10 -1.64 2271 -476 1058 -27.69 -41.07 139 520 -388 -15.27 -45.00 12 849 -978
62.79 -1.30 1740 -553 746 -27.73 -40.64 320 945 -615 -15.26 -44.75 269 1714 -1519
62.30 -0.82 568 -299 -4 -27.74 -40.51 690 1285 -587 -15.77 -45.30 818 3497 -3032
62.12 -0.48 -521 -88 -455 -27.81 -40.50 885 1844 -690 -17.09 -47.56 1494 5162 -4369
62.19 -0.43 -686 -24 -432 -27.70 -40.87 1575 1471 -1089 -18.11 -51.61 526 2713 -1497
62.23 -0.54 -385 -86 -113 -27.38 -42.30 125 -686 -82 -17.05 -53.54 -1396 -627 1100
62.27 -0.55 -68 -153 194 -27.47 -42.69 -1648 -1923 875 -16.12 -54.00 -898 -540 208
