63.72 -0.27 389 -98 164 -26.03 -44.29 80 15 -106 -16.14 -51.03 135 -19 -94
63.66 -0.06 449 -127 167 -25.99 -44.38 29 -20 -52 -16.22 -51.45 100 -94 -49
63.60 0.20 488 -158 175 -25.94 -44.44 125 56 -84 -16.33 -52.03 74 -60 -14
63.51 0.52 578 -160 174 -25.90 -44.51 44 73 -80 -16.45 -52.74 -15 35 8
63.43 0.93 886 -265 314 -25.85 -44.55 12 -19 -23 -16.46 -53.54 -26 54 54
63.33 1.55 1112 -377 422 -25.79 -44.52 -97 -207 109 -16.40 -54.53 29 35 54
63.13 2.33 848 -387 317 -25.79 -44.30 -189 -388 241 -16.42 -55.70 72 66 -48
62.82 3.13 -13 -247 8 -25.84 -43.92 -131 -434 219 -16.52 -57.21 132 107 -72
62.57 3.71 -965 38 -311 -25.94 -43.42 -265 -645 285 -16.62 -58.82 37 -394 416
62.52 3.88 -1500 339 -520 -25.97 -42.63 -503 -1131 516 -16.60 -60.03 -223 -1307 993
62.53 3.54 -1773 564 -648 -26.07 -41.52 -495 -1341 503 -16.54 -60.61 -324 -1823 1014
62.49 2.66 -1994 635 -772 -26.34 -40.32 -267 -823 -33 -16.69 -60.67 -355 -1270 474
62.52 1.47 -2241 768 -975 -26.47 -39.33 232 133 -616 -16.96 -60.66 -377 -168 22
63.08 0.18 -30 270 329 -26.43 -38.67 472 1154 -1035 -17.00 -60.94 -480 1056 -168
63.84 -0.44 2669 -1007 1903 -26.25 -38.22 730 2029 -1236 -16.56 -61.48 -275 2409 -347
63.65 -0.02 2167 -953 1232 -26.00 -37.93 1316 2845 -1409 -15.87 -62.60 319 4277 -813
63.31 0.63 769 -508 66 -25.74 -37.99 2037 3319 -1637 -15.11 -64.71 1017 5425 -905
63.25 0.99 -28 -149 -551 -25.89 -38.56 1928 3159 -1949 -14.65 -67.42 1429 5884 -1052
63.36 0.96 43 -27 -493 -25.77 -40.20 789 -154 -866 -14.09 -69.90 -900 866 2692
63.41 0.87 339 -156 -69 -25.96 -41.16 -2676 -2758 1215 -13.21 -70.43 -1024 -793 927
