64.13 0.98 553 -169 198 -25.21 -42.58 -29 -242 99 -14.88 -53.99 11 -144 49
64.03 1.38 536 -211 230 -25.29 -42.27 -10 -282 84 -14.94 -54.18 12 -235 78
63.91 1.84 344 -203 160 -25.37 -42.00 -18 -226 4 -14.99 -54.35 -34 -367 142
63.75 2.26 70 -156 46 -25.42 -41.84 -29 -274 89 -15.08 -54.50 4 -297 89
63.60 2.61 -137 -77 -41 -25.49 -41.59 -48 -356 88 -15.18 -54.73 -23 -332 113
63.55 2.88 -89 -64 -14 -25.49 -41.31 -90 -386 62 -15.25 -54.94 -18 -508 152
63.50 3.15 -12 -64 22 -25.52 -40.97 -121 -310 13 -15.37 -55.23 -14 -557 136
63.43 3.41 -156 -31 -8 -25.57 -40.62 -43 -34 -180 -15.59 -55.69 -23 -215 -66
63.38 3.63 -392 94 -130 -25.60 -40.26 37 193 -321 -15.82 -56.40 -47 192 -103
63.39 3.68 -609 239 -226 -25.59 -39.87 90 249 -336 -15.89 -57.28 28 358 -15
63.43 3.48 -861 394 -316 -25.58 -39.48 73 208 -298 -15.91 -58.14 50 369 57
63.50 2.94 -1054 452 -420 -25.54 -39.12 139 344 -381 -15.96 -58.99 16 499 22
63.49 2.03 -1195 541 -436 -25.44 -38.90 274 649 -522 -15.97 -59.90 -17 641 61
63.94 1.15 865 31 674 -25.31 -38.83 433 963 -554 -15.90 -60.79 -97 1009 60
64.23 0.96 2219 -728 1451 -25.19 -38.83 540 1363 -653 -15.70 -61.73 -71 1874 -210
63.95 1.43 1564 -631 789 -25.09 -39.00 844 1792 -608 -15.33 -63.17 281 2881 -535
63.62 1.97 466 -363 -115 -25.03 -39.35 1153 2281 -955 -15.10 -65.15 942 4460 -1179
63.51 2.27 -182 -103 -585 -24.82 -40.08 1545 1087 -1128 -15.04 -67.92 58 2434 137
63.53 2.27 -27 -192 -294 -24.75 -41.39 -950 -1352 387 -14.47 -69.19 -1178 -836 1666
63.43 2.28 136 -321 93 -24.74 -41.49 -2165 -2356 1385 -13.78 -69.74 -539 -1266 390
