67.40 0.63 -1805 501 -534 -21.96 -39.97 494 838 -505 -11.41 -52.88 -12 -154 81
67.22 -0.16 -2393 762 -738 -21.88 -39.25 502 1508 -763 -11.49 -53.24 -15 -90 34
67.08 -1.41 -2338 1027 -885 -21.76 -38.64 763 2357 -1071 -11.59 -53.69 23 -173 26
67.66 -2.67 831 251 616 -21.59 -38.19 1436 3347 -1545 -11.73 -54.22 95 -164 -24
68.18 -3.10 2803 -994 1813 -21.69 -38.26 2059 3775 -1817 -11.90 -54.85 83 -200 -47
67.85 -2.73 1736 -873 1102 -21.84 -39.47 2431 1248 -1631 -12.02 -55.59 -32 -280 57
67.61 -2.29 751 -718 224 -22.20 -41.40 -1414 -2096 777 -12.09 -56.28 -202 -645 385
67.41 -1.90 -25 -384 -576 -22.40 -41.44 -3161 -2943 1705 -12.04 -56.76 -186 -847 443
67.38 -1.86 -120 -324 -531 -22.06 -40.83 -815 -1389 486 -12.07 -57.26 -76 -833 280
67.39 -1.98 410 -504 33 -21.86 -40.80 716 -277 -502 -12.21 -57.98 47 -812 195
67.29 -1.86 411 -530 309 -22.02 -40.89 475 -328 -354 -12.30 -58.78 99 -625 173
67.11 -1.55 -54 -290 305 -22.29 -40.81 -7 -526 -216 -12.35 -59.56 52 -24 107
67.15 -1.25 -339 73 161 -22.49 -40.66 -347 -585 -113 -12.26 -60.32 56 704 132
67.21 -1.15 -614 502 -171 -22.64 -40.29 -406 -268 -109 -12.06 -60.96 74 1671 4
67.31 -1.35 -660 599 -204 -22.71 -39.81 -366 125 -31 -11.76 -61.72 329 3109 -411
67.42 -1.72 -513 536 -165 -22.84 -39.09 -135 697 -168 -11.57 -63.19 802 5116 -1073
67.51 -2.19 -246 315 -22 -22.88 -38.50 539 1150 -368 -11.36 -65.87 1547 6177 -1419
67.51 -2.68 -24 136 75 -23.02 -38.12 689 1280 -557 -11.28 -68.76 -283 2259 2130
67.49 -3.12 195 -13 160 -23.18 -38.08 607 1205 -742 -10.63 -69.23 -1133 412 409
67.51 -3.43 321 -104 189 -23.32 -38.31 564 913 -719 -9.97 -70.33 -713 -561 -370
