64.61 -0.94 183 -4 83 -25.14 -42.97 80 24 -113 -14.47 -51.41 12 -79 25
64.61 -0.94 140 9 63 -25.18 -43.00 53 42 -112 -14.51 -51.37 8 -103 31
64.62 -0.94 125 17 65 -25.19 -43.03 119 61 -96 -14.57 -51.36 13 -78 2
64.62 -0.94 125 17 65 -25.19 -43.03 119 61 -96 -14.57 -51.36 13 -78 2
64.63 -0.95 162 -4 98 -25.16 -43.14 98 -54 -6 -14.79 -52.22 218 -133 -21
64.63 -0.97 136 -15 105 -25.12 -43.26 41 -121 55 -14.98 -53.08 215 -189 -38
64.63 -0.98 155 -4 105 -25.09 -43.31 -24 -93 36 -15.24 -54.41 190 -152 -19
64.64 -0.98 222 -9 106 -25.05 -43.38 -42 -38 53 -15.52 -55.94 -49 43 54
64.63 -0.97 194 2 85 -25.06 -43.37 -7 -36 63 -15.63 -57.50 -115 332 71
64.61 -0.97 146 4 75 -25.09 -43.28 -119 -226 125 -15.62 -59.10 -58 242 219
64.62 -0.97 127 2 81 -25.06 -43.04 -229 -476 183 -15.56 -60.55 -134 -329 551
64.62 -0.97 147 -14 111 -25.04 -42.68 -233 -496 159 -15.53 -61.62 -220 -559 584
64.62 -0.97 179 -14 115 -25.08 -42.27 -20 -27 -131 -15.60 -62.42 -186 -212 332
64.62 -0.96 174 -1 93 -25.11 -41.93 257 692 -459 -15.72 -63.17 -122 302 228
64.62 -0.96 174 -1 93 -25.11 -41.93 257 692 -459 -15.72 -63.17 -122 302 228
64.62 -0.95 196 -29 97 -25.10 -41.69 1027 1990 -730 -15.49 -64.89 329 2725 -243
64.61 -0.93 223 -36 122 -25.14 -41.74 1142 2345 -1048 -15.29 -66.31 604 3607 -315
64.60 -0.88 267 -26 122 -24.99 -42.38 1005 1379 -855 -15.03 -68.14 -86 1987 644
64.58 -0.83 325 -40 145 -24.91 -43.51 -642 -856 207 -14.40 -69.89 -941 -46 1799
64.56 -0.75 293 -31 121 -24.92 -43.64 -1861 -1911 976 -13.96 -70.19 -510 -880 775
