64.61 -0.68 76 162 190 -24.12 -45.34 -37 323 40 -15.20 -54.09 -124 160 175
64.36 -0.87 158 79 317 -24.19 -45.23 8 398 67 -15.46 -54.17 -377 224 157
63.96 -1.11 229 23 262 -24.26 -44.87 -18 162 337 -15.36 -54.33 -282 298 211
63.46 -1.29 223 147 -36 -24.48 -44.09 -238 3 437 -15.18 -54.54 -141 176 241
62.99 -1.47 188 327 -273 -24.73 -42.98 -99 101 181 -15.03 -54.81 -2 156 286
62.65 -1.67 318 461 -241 -24.97 -41.91 118 354 -104 -14.90 -55.18 59 116 337
62.28 -1.86 245 510 -167 -25.23 -40.94 268 512 -440 -14.50 -55.82 484 8 435
61.80 -2.12 244 352 -22 -25.49 -40.19 469 611 -750 -14.23 -56.67 486 161 360
61.25 -2.39 270 91 192 -25.72 -39.64 546 666 -773 -14.25 -57.60 321 185 235
60.61 -2.65 208 11 200 -25.94 -39.41 376 592 -534 -14.34 -58.54 44 274 246
60.61 -2.65 208 11 200 -25.94 -39.41 376 592 -534 -14.34 -58.54 44 274 246
59.23 -3.31 -297 265 -279 -26.18 -38.68 -99 60 -16 -13.95 -60.18 -63 292 390
58.74 -3.78 -383 343 -413 -26.38 -37.93 -382 -130 69 -13.86 -60.82 114 141 283
58.61 -4.40 113 72 -112 -26.60 -36.81 -343 -26 -198 -13.97 -61.39 15 10 343
58.60 -4.97 538 -349 436 -26.73 -35.63 -190 320 -813 -14.09 -61.66 -220 -87 402
58.85 -5.32 1447 -947 863 -26.59 -35.01 619 679 -1443 -14.07 -61.59 -455 -22 295
58.90 -5.19 1023 -938 445 -26.15 -35.40 846 248 -1209 -13.74 -61.43 -414 413 -108
58.90 -4.96 580 -756 -126 -25.64 -37.13 -1081 -1216 462 -13.35 -61.50 -438 667 -717
58.98 -4.75 390 -628 -458 -25.08 -38.09 -212 -1374 62 -13.04 -62.03 -406 342 -601
59.06 -4.54 188 -593 -522 -24.67 -38.90 -94 -1158 -141 -12.88 -62.74 -765 -1326 -457
