63.42 0.29 -33 147 62 -26.05 -42.84 29 214 45 -17.82 -52.41 9 49 24
63.34 0.12 -129 136 66 -26.05 -42.92 -40 258 93 -17.80 -52.45 22 99 65
63.19 -0.11 -327 202 49 -26.01 -43.07 -9 312 163 -17.79 -52.51 18 168 110
62.97 -0.45 -428 290 60 -25.94 -43.31 -44 362 184 -17.74 -52.62 -28 123 186
62.72 -0.88 -335 244 197 -25.88 -43.57 -109 462 184 -17.66 -52.78 -49 171 232
62.31 -1.34 -243 108 234 -26.00 -43.34 -54 694 97 -17.53 -53.02 -24 122 303
61.83 -1.81 -33 -95 323 -26.15 -42.89 -65 592 201 -17.32 -53.36 224 181 437
61.25 -2.24 160 -46 188 -26.38 -42.18 -184 464 223 -17.24 -53.81 111 327 492
60.68 -2.63 449 141 -57 -26.69 -41.33 -149 296 127 -17.20 -54.29 55 355 514
59.97 -3.11 634 186 -124 -27.05 -40.39 -36 166 -131 -17.08 -54.91 106 236 458
59.17 -3.64 773 262 -224 -27.39 -39.47 -24 235 -617 -16.96 -55.62 53 261 281
58.45 -4.10 611 416 -423 -27.62 -38.46 440 388 -850 -17.01 -56.18 -198 244 154
57.80 -4.61 394 339 -371 -27.77 -37.44 635 383 -741 -16.85 -56.62 -282 -164 282
57.18 -5.21 311 95 66 -27.85 -36.43 359 209 -628 -16.09 -56.76 -176 -1114 705
56.92 -5.69 864 -410 744 -27.84 -35.69 675 78 -523 -15.37 -56.16 173 -773 332
56.69 -5.75 853 -613 818 -27.80 -35.78 2379 1348 -1904 -14.95 -55.37 285 446 -430
56.59 -5.61 578 -672 426 -27.78 -36.30 -253 -1242 536 -14.72 -55.01 311 919 -810
56.57 -5.49 222 -596 -147 -27.72 -36.38 -373 -1028 10 -14.47 -54.94 216 920 -998
56.69 -5.44 182 -640 -437 -27.44 -36.71 -248 -932 -234 -14.61 -55.22 -949 -725 -312
56.90 -5.24 194 -649 -480 -27.11 -37.17 -72 -723 -349 -14.58 -55.11 -1047 -1237 -164
