63.06 1.30 122 3 139 -25.63 -44.00 75 144 -152 -17.09 -54.02 -3 82 28
63.05 1.33 90 38 120 -25.66 -43.85 82 111 -174 -17.00 -54.10 76 118 11
63.06 1.35 131 77 80 -25.66 -43.72 18 33 -43 -16.94 -54.21 100 59 -1
63.09 1.38 173 88 60 -25.69 -43.52 -23 109 -58 -16.93 -54.33 -9 26 -11
63.11 1.39 176 55 66 -25.69 -43.32 73 271 -113 -16.90 -54.46 -15 79 21
63.10 1.39 138 21 89 -25.73 -43.10 68 323 -70 -16.83 -54.62 -29 120 81
63.09 1.39 84 1 90 -25.86 -42.71 -31 291 -53 -16.71 -54.79 -67 164 154
63.10 1.38 95 -2 90 -26.04 -42.16 4 323 -48 -16.53 -55.02 -99 140 210
63.10 1.38 95 -2 90 -26.04 -42.16 4 323 -48 -16.53 -55.02 -99 140 210
63.13 1.42 252 -14 103 -26.56 -40.83 61 360 15 -16.09 -55.61 40 56 365
63.13 1.46 208 -5 54 -26.83 -40.05 -93 143 173 -15.85 -56.04 293 -1 442
63.15 1.50 200 6 25 -27.12 -39.03 -290 -289 508 -15.59 -56.67 550 -605 775
63.17 1.53 223 -10 47 -27.42 -37.62 -586 -805 829 -15.69 -57.00 484 -1360 1092
63.17 1.57 227 -7 16 -27.78 -35.75 -581 -708 560 -16.05 -56.74 179 -1806 1049
63.17 1.59 188 -28 45 -28.14 -33.64 -375 250 -696 -16.60 -55.86 -164 -1378 628
63.13 1.60 111 -54 99 -28.23 -31.91 576 1285 -1763 -17.03 -54.50 -274 -305 188
63.10 1.61 34 -67 154 -28.02 -31.29 2206 2477 -3116 -17.04 -52.89 -138 721 -156
63.10 1.62 36 -36 149 -27.32 -33.39 4832 3771 -4372 -16.67 -51.23 54 1931 -846
63.12 1.64 34 15 92 -27.18 -36.19 -596 -319 231 -16.20 -50.04 389 2916 -1598
63.14 1.62 120 26 75 -26.94 -36.80 325 -1550 360 -15.49 -49.79 555 3299 -2017
