62.98 1.00 165 4 81 -26.39 -41.17 62 124 -131 -16.88 -51.65 -1 62 -33
62.99 0.99 118 -8 97 -26.38 -41.19 55 108 -114 -16.83 -51.70 -1 26 7
63.00 0.99 184 -32 122 -26.38 -41.20 58 116 -120 -16.82 -51.71 8 9 22
62.99 1.00 259 -53 142 -26.37 -41.20 54 114 -137 -16.83 -51.70 10 9 20
62.96 1.04 295 -69 153 -26.37 -41.19 58 92 -135 -16.82 -51.70 -15 16 -3
62.91 1.10 266 -46 130 -26.36 -41.19 59 61 -130 -16.81 -51.70 -12 12 -10
62.87 1.16 248 -26 104 -26.35 -41.17 41 34 -115 -16.81 -51.70 -23 -34 12
62.87 1.24 443 -97 228 -26.36 -41.09 54 67 -103 -16.83 -51.66 -14 -62 12
62.82 1.41 501 -144 267 -26.38 -41.00 -68 -90 51 -16.86 -51.62 -33 -50 7
62.75 1.63 423 -160 237 -26.53 -40.74 -337 -419 323 -16.90 -51.56 -33 -116 70
62.68 1.83 264 -150 172 -26.62 -40.19 -416 -667 522 -16.91 -51.45 -51 -283 162
62.62 2.02 52 -75 89 -26.79 -39.50 -395 -639 475 -16.93 -51.22 -188 -592 254
62.59 2.15 -125 21 53 -26.92 -38.67 -246 -530 375 -17.03 -50.90 -189 -664 255
62.47 2.14 -634 233 -181 -27.14 -37.65 -291 -484 314 -17.10 -50.49 -155 -735 379
62.29 1.76 -1485 581 -553 -27.37 -36.43 -344 12 -198 -17.14 -49.91 -71 -919 542
62.21 0.92 -2101 824 -952 -27.43 -35.36 477 1337 -1508 -17.13 -49.22 132 -889 513
62.26 -0.31 -1953 873 -882 -27.15 -35.66 2811 3652 -3815 -17.09 -48.46 47 -135 235
62.73 -1.55 972 392 375 -26.45 -39.04 4442 5037 -4980 -16.88 -47.65 -124 1098 -250
63.21 -2.05 3009 -716 1521 -26.12 -42.85 124 836 -130 -16.29 -46.95 232 2240 -895
62.75 -1.79 1782 -757 888 -25.95 -43.59 -665 -1656 1340 -15.49 -46.80 618 3254 -1647
