62.98 -0.09 186 -21 120 -26.03 -42.21 72 139 -119 -16.45 -51.13 14 51 -35
62.97 -0.08 187 -11 109 -26.03 -42.20 64 118 -124 -16.46 -51.13 -12 40 -37
62.96 -0.06 189 -12 110 -26.04 -42.20 66 88 -127 -16.45 -51.12 -19 23 -12
62.95 -0.04 249 -35 137 -26.03 -42.19 72 81 -116 -16.43 -51.09 -29 -18 4
62.93 -0.01 327 -66 144 -26.05 -42.15 119 114 -136 -16.40 -51.05 -25 -69 26
62.91 0.08 476 -109 213 -26.07 -42.12 66 52 -74 -16.37 -50.98 -36 -88 30
62.89 0.24 676 -190 325 -26.12 -42.01 -85 -207 121 -16.33 -50.90 -23 -120 66
62.82 0.51 636 -227 321 -26.28 -41.63 -382 -679 457 -16.30 -50.76 4 -141 62
62.72 0.84 339 -166 162 -26.46 -40.90 -335 -877 540 -16.32 -50.60 -61 -379 182
62.61 1.12 71 -84 39 -26.77 -39.93 -308 -691 379 -16.37 -50.28 -152 -816 364
62.53 1.33 -42 -24 -3 -27.11 -38.81 -225 -432 179 -16.52 -49.72 -182 -986 430
62.46 1.46 -104 42 -30 -27.43 -37.57 -155 -299 61 -16.71 -49.03 -119 -837 315
62.31 1.49 -319 125 -88 -27.70 -36.22 -99 -176 -117 -16.82 -48.36 -6 -474 169
62.18 1.35 -688 309 -289 -27.91 -34.87 50 160 -482 -16.85 -47.66 125 -252 37
62.02 0.93 -1127 633 -599 -28.06 -33.70 427 778 -1035 -16.89 -46.96 193 -90 -55
61.91 0.15 -1524 916 -864 -28.19 -32.76 1561 1736 -1746 -16.93 -46.28 128 346 -243
61.86 -1.06 -1678 979 -969 -28.38 -32.95 3341 3540 -3505 -16.89 -45.65 197 893 -447
61.88 -2.57 -879 716 -361 -28.26 -35.96 4562 4797 -4865 -16.72 -45.12 232 1576 -692
62.37 -3.59 2605 -669 1500 -28.00 -40.64 217 1631 -796 -16.31 -44.86 532 2421 -1096
62.18 -3.62 2358 -1065 1419 -27.86 -41.60 -878 -1590 1075 -15.55 -45.09 622 2845 -1236
