62.90 -0.22 180 -15 78 -27.22 -40.87 73 116 -124 -14.71 -47.44 -309 -1251 181
62.90 -0.21 156 -6 79 -27.20 -40.87 70 112 -120 -14.52 -46.98 128 -619 -258
62.90 -0.20 209 -37 122 -27.19 -40.86 77 102 -129 -14.62 -46.56 227 -357 -401
62.89 -0.18 231 -45 125 -27.19 -40.84 -162 -23 -34 -14.88 -46.24 96 -449 -241
62.87 -0.14 227 -24 104 -27.19 -40.78 49 73 -120 -15.07 -45.99 -2 -527 -182
62.86 -0.10 338 -67 178 -27.21 -40.73 47 16 -48 -15.32 -45.80 -202 -534 -327
62.83 -0.01 432 -86 202 -27.24 -40.63 -32 -98 27 -15.58 -45.64 40 66 -210
62.79 0.16 373 -102 199 -27.31 -40.48 -194 -298 162 -15.77 -45.54 26 917 -599
62.80 0.36 422 -90 175 -27.34 -40.13 -299 -471 296 -15.88 -45.72 187 1202 -497
62.80 0.60 387 -67 118 -27.36 -39.66 -186 -448 259 -15.90 -46.07 295 1199 -391
62.73 0.81 200 -21 25 -27.40 -39.11 -87 -340 262 -15.79 -46.54 298 1077 -289
62.65 0.95 -36 23 -46 -27.52 -38.48 3 -110 111 -15.57 -47.14 307 721 -94
62.57 0.98 -347 111 -124 -27.69 -37.73 57 173 -204 -15.37 -47.70 106 144 147
62.48 0.82 -751 277 -228 -27.81 -36.92 138 560 -523 -15.34 -48.08 -202 -433 319
62.37 0.41 -1301 614 -489 -27.94 -36.24 1004 1436 -1314 -15.43 -48.26 -133 -452 301
62.31 -0.46 -1695 804 -760 -27.98 -36.83 3062 3418 -3339 -15.58 -48.36 -84 -41 54
62.33 -1.71 -1197 923 -494 -27.55 -40.55 2192 3476 -3430 -15.70 -48.59 46 450 -236
62.95 -2.72 2031 -173 1016 -27.42 -42.44 -1906 -928 1842 -15.78 -49.05 110 673 -284
62.87 -2.94 2196 -752 1185 -27.16 -43.04 -1123 -1408 969 -15.74 -49.60 133 458 -164
62.44 -2.72 886 -542 312 -27.00 -43.49 -701 -1317 509 -15.69 -50.13 -138 -347 370
