63.01 -0.55 194 -25 70 -26.78 -43.23 80 74 9 -16.85 -50.08 -12 2 -11
63.03 -0.47 86 18 45 -26.62 -43.91 58 143 -21 -16.89 -50.09 31 -21 2
63.07 -0.43 126 -6 103 -26.54 -44.24 58 159 -32 -16.92 -50.08 8 2 -1
63.12 -0.35 264 -16 126 -26.42 -44.62 75 119 7 -16.93 -50.07 4 16 -20
63.17 -0.22 461 -76 182 -26.25 -45.14 128 33 53 -16.94 -50.07 -27 31 -28
63.20 -0.03 739 -141 235 -26.05 -45.81 170 -91 103 -16.92 -50.08 -14 24 -45
63.17 0.27 878 -212 299 -25.86 -46.49 -39 -504 373 -16.88 -50.14 68 -53 -40
63.06 0.67 774 -268 275 -25.80 -46.86 -361 -902 699 -16.88 -50.21 67 -306 91
62.91 1.13 425 -224 165 -25.84 -47.03 -287 -700 475 -16.90 -50.17 -1 -766 332
62.75 1.53 11 -146 40 -25.80 -47.62 10 49 -54 -17.07 -49.89 42 -811 268
62.62 1.81 -222 -63 -29 -25.60 -48.55 146 514 -229 -17.41 -49.60 30 -545 81
62.52 1.96 85 -190 222 -25.31 -49.58 101 465 -156 -17.70 -49.44 -43 -193 4
62.45 2.22 531 -271 398 -25.03 -50.69 -99 104 -26 -17.79 -49.32 9 145 -84
62.31 2.67 639 -271 343 -24.64 -51.99 -190 121 -125 -17.74 -49.20 -5 96 -8
62.00 3.14 222 -74 36 -24.06 -53.54 464 1132 -528 -17.71 -48.98 -148 -230 115
61.64 3.40 -634 219 -309 -23.21 -55.84 1640 3376 -1162 -17.66 -48.73 -76 -359 63
61.33 3.14 -1678 519 -729 -22.05 -59.06 2262 5507 -1513 -17.56 -48.51 81 -70 -50
60.97 2.24 -2213 805 -898 -20.53 -62.81 257 3786 -37 -17.39 -48.36 290 735 -246
61.08 1.12 -96 471 104 -19.85 -63.69 -984 935 1651 -16.92 -48.37 687 1998 -502
61.27 0.48 1596 -330 995 -19.63 -64.35 -987 -163 553 -16.05 -48.68 1084 3273 -903
