62.39 -0.85 86 -8 91 -25.18 -43.50 40 132 -127 -16.24 -50.34 34 14 -11
62.39 -0.85 86 -8 91 -25.18 -43.50 40 132 -127 -16.24 -50.34 34 14 -11
62.40 -0.80 234 12 78 -25.18 -43.59 151 63 45 -16.27 -50.31 -23 27 -23
62.40 -0.77 295 2 84 -25.16 -43.84 112 21 58 -16.26 -50.29 -3 22 -17
62.40 -0.73 280 -27 95 -25.10 -44.25 119 71 19 -16.27 -50.28 37 28 -14
62.38 -0.67 227 -37 86 -24.99 -44.80 76 45 73 -16.31 -50.28 50 -19 -13
62.37 -0.59 244 -79 142 -24.85 -45.51 52 60 76 -16.41 -50.27 53 -26 -31
62.38 -0.47 242 -73 129 -24.59 -46.41 109 58 122 -16.51 -50.25 23 -83 -6
62.41 -0.32 319 -119 188 -24.25 -47.55 183 88 182 -16.60 -50.21 -15 -117 -14
62.44 -0.10 577 -104 213 -23.88 -48.90 316 10 103 -16.62 -50.19 63 -66 -60
62.50 0.22 1053 -244 366 -23.54 -50.39 147 -501 358 -16.69 -50.22 -49 -124 14
62.45 0.72 1275 -402 473 -23.46 -51.41 -294 -1218 849 -16.69 -50.15 -33 -628 349
62.25 1.39 1054 -463 412 -23.60 -51.99 -353 -1144 753 -16.59 -49.84 -77 -1249 554
61.93 2.13 548 -381 173 -23.60 -52.86 -221 -175 117 -16.68 -49.21 -132 -1546 589
61.56 2.77 -159 -211 -77 -23.37 -54.07 -83 996 -301 -16.88 -48.35 -93 -1406 452
61.22 3.15 -759 -31 -218 -22.95 -55.29 544 2266 -528 -17.09 -47.52 -33 -726 67
60.92 3.20 -936 51 -139 -22.33 -56.79 1658 4360 -1341 -17.24 -46.83 175 299 -418
60.57 2.93 -1080 146 -189 -21.26 -59.47 2358 6220 -2348 -17.22 -46.45 349 1087 -646
60.10 2.39 -1522 486 -499 -20.07 -62.08 -916 951 765 -16.93 -46.29 360 1672 -743
60.00 1.71 -261 497 -9 -19.76 -62.82 -1067 -274 898 -16.30 -46.36 714 2443 -970
