61.76 -1.06 387 -64 139 -26.14 -44.62 243 58 79 -16.09 -49.12 -17 -1 -32
61.76 -0.95 360 -24 71 -26.03 -45.30 194 83 141 -16.12 -49.13 -1 -78 -20
61.72 -0.84 287 -22 88 -25.91 -46.06 158 101 86 -16.21 -49.12 63 -46 -42
61.71 -0.73 289 -63 144 -25.65 -47.08 119 94 73 -16.31 -49.13 54 -19 -15
61.72 -0.57 330 -105 153 -25.34 -48.29 48 242 -17 -16.36 -49.13 55 -67 13
61.68 -0.40 275 -83 93 -24.95 -49.62 -22 360 -156 -16.32 -49.18 167 -124 -19
61.66 -0.25 350 -108 147 -24.52 -50.97 -77 232 -42 -16.39 -49.22 14 -123 18
61.61 -0.08 496 -220 302 -24.15 -52.15 111 155 -3 -16.44 -49.24 -21 -85 28
61.49 0.20 562 -310 357 -23.88 -53.26 40 21 92 -16.42 -49.24 -74 -299 188
61.33 0.61 527 -318 309 -23.68 -54.03 -232 -396 269 -16.39 -49.06 -111 -495 254
61.17 1.12 626 -342 318 -23.53 -54.45 -460 -1035 698 -16.43 -48.78 -113 -529 198
60.99 1.72 726 -363 333 -23.46 -54.65 -326 -1072 647 -16.41 -48.45 -99 -730 283
60.74 2.40 692 -337 226 -23.45 -54.97 -140 -584 388 -16.35 -48.01 -87 -885 321
60.38 3.09 363 -258 20 -23.45 -55.36 50 299 38 -16.30 -47.43 -49 -996 372
59.98 3.69 -142 -51 -246 -23.30 -55.81 303 1493 -441 -16.37 -46.74 65 -633 118
59.65 4.12 -557 174 -426 -22.96 -56.43 1130 3080 -1071 -16.54 -46.12 177 -5 -213
59.41 4.27 -938 411 -542 -22.16 -58.41 2175 5316 -2014 -16.64 -45.72 277 634 -498
59.22 4.06 -1402 596 -676 -20.59 -62.36 2584 6666 -2340 -16.63 -45.50 243 1135 -599
59.06 3.37 -2078 731 -915 -19.27 -65.15 -2077 996 2193 -16.45 -45.40 282 1724 -751
59.18 2.23 -1677 903 -546 -19.03 -65.89 -1075 630 906 -15.98 -45.56 526 2730 -1077
