66.72 -9.15 64 152 -113 -24.25 -42.43 190 397 -267 -13.08 -57.73 -23 -361 168
66.32 -9.31 282 65 -18 -24.17 -42.42 466 543 -272 -13.09 -57.49 62 -622 122
65.74 -9.47 329 59 14 -24.16 -42.43 389 457 -186 -13.17 -57.08 -73 -867 133
65.07 -9.65 151 148 -76 -24.28 -42.14 404 348 -93 -13.26 -56.45 -266 -746 -48
64.51 -9.85 66 165 -78 -24.53 -41.77 334 350 -68 -13.42 -55.70 -549 -538 -132
64.04 -10.05 40 140 -68 -24.80 -41.53 112 237 -122 -13.46 -54.85 -387 -232 -209
63.57 -10.25 110 2 38 -24.96 -41.30 -80 107 -129 -13.33 -53.87 -22 212 -280
63.07 -10.40 369 -145 169 -25.06 -41.01 -135 -133 115 -12.94 -52.85 151 1133 -597
62.45 -10.42 508 -179 155 -25.23 -40.59 -94 -64 -52 -12.36 -51.95 362 2330 -1267
61.84 -10.35 589 -119 51 -25.36 -40.22 -6 -85 -98 -11.67 -51.64 621 2959 -2006
61.28 -10.33 439 -124 39 -25.50 -39.82 199 -297 16 -11.61 -52.26 -357 561 -1422
60.74 -10.36 229 -215 76 -25.77 -39.12 119 -462 57 -11.68 -53.09 -975 -1475 -168
60.27 -10.43 208 -243 115 -26.15 -38.01 -275 -728 109 -11.38 -53.64 -722 -2004 399
59.83 -10.41 243 -150 42 -26.66 -36.50 -441 -747 -28 -11.10 -53.80 -326 -1680 416
59.26 -10.33 16 76 -238 -27.16 -34.85 -182 -416 -355 -10.86 -53.76 260 -994 6
58.55 -10.35 -616 419 -658 -27.48 -33.38 173 400 -1132 -10.93 -53.64 498 -379 -504
57.79 -10.66 -1121 667 -948 -27.45 -32.38 1355 1522 -2063 -11.16 -53.50 735 296 -987
57.79 -10.66 -1121 667 -948 -27.45 -32.38 1355 1522 -2063 -11.16 -53.50 735 296 -987
56.76 -12.16 5 -55 -81 -26.75 -38.82 -202 594 232 -11.76 -53.30 498 417 -906
56.92 -12.61 1306 -724 673 -26.65 -39.27 -260 736 114 -12.02 -53.18 1 -193 -251
