61.44 -1.63 188 115 -51 -25.72 -46.05 142 109 43 -15.12 -48.98 -177 188 -137
61.24 -1.87 184 104 7 -25.78 -46.38 36 73 25 -15.07 -48.61 -83 270 -235
61.02 -2.20 214 23 81 -25.81 -46.78 41 119 -51 -14.95 -48.19 94 168 -183
60.75 -2.55 291 -52 145 -25.83 -47.15 31 -62 29 -14.98 -47.59 34 229 -271
60.42 -2.81 406 -87 195 -25.87 -47.49 89 -224 130 -15.07 -46.97 27 264 -367
60.06 -2.98 572 -148 254 -26.03 -47.64 -327 -636 553 -15.15 -46.32 184 92 -347
59.59 -3.08 539 -198 261 -26.39 -47.17 -549 -851 619 -15.25 -45.62 76 -256 -164
59.07 -3.13 405 -94 122 -26.80 -46.33 -384 -1070 618 -15.39 -44.77 -40 -299 -117
58.56 -3.12 394 12 30 -27.33 -45.17 -329 -1234 395 -15.58 -43.73 -64 -211 -131
58.23 -3.04 581 -47 141 -27.99 -43.82 -289 -872 -154 -15.70 -42.63 -22 -410 90
58.00 -2.85 623 -158 196 -28.63 -42.45 -29 3 -762 -15.62 -41.27 -117 -1099 672
57.60 -2.62 260 -179 94 -29.08 -41.21 382 1056 -1165 -15.47 -39.33 -272 -1586 924
57.13 -2.49 -502 -32 -161 -29.49 -39.98 596 1853 -1279 -15.47 -37.01 -179 -1269 428
56.58 -2.71 -1317 321 -455 -29.77 -38.84 915 2584 -1436 -15.53 -34.78 -29 -269 -580
56.04 -3.27 -1774 964 -759 -29.86 -38.25 1725 3325 -1731 -15.51 -32.86 39 906 -1460
55.65 -4.21 -1500 1276 -912 -29.83 -38.54 2368 3141 -1840 -15.40 -31.11 347 2184 -2747
55.32 -5.56 -1168 1116 -993 -29.47 -39.94 1701 470 -1047 -15.73 -30.60 1348 3730 -4934
55.23 -6.96 146 365 146 -29.34 -41.20 -1250 -2238 269 -16.49 -32.90 2095 4074 -5513
55.77 -7.80 2374 -1081 1476 -29.37 -41.09 -2116 -2586 514 -16.20 -35.25 -1610 -1285 350
55.64 -7.58 1891 -1053 965 -29.32 -40.29 -600 -1476 99 -15.65 -35.07 -1100 -1665 -125
