62.19 -1.62 209 -37 110 -27.34 -43.48 97 93 -80 -15.68 -48.06 4 46 -32
62.18 -1.59 223 -18 101 -27.33 -43.60 88 99 -74 -15.67 -48.03 27 -7 -2
62.17 -1.56 227 -57 157 -27.33 -43.71 44 140 -75 -15.67 -47.98 35 -84 47
62.13 -1.53 196 -58 163 -27.32 -43.83 36 148 -5 -15.64 -47.88 5 -157 96
62.09 -1.49 193 -59 153 -27.36 -43.89 -130 10 141 -15.63 -47.65 -96 -333 313
62.04 -1.48 162 -82 169 -27.36 -43.99 -149 -61 263 -15.51 -47.21 -76 -146 84
61.93 -1.51 176 -99 170 -27.41 -43.99 -404 -338 568 -15.49 -46.73 -42 -48 37
61.79 -1.51 143 -96 160 -27.49 -43.77 -374 -291 509 -15.47 -46.04 -70 -84 64
61.63 -1.55 66 -80 128 -27.65 -43.44 -317 -69 264 -15.48 -45.05 -26 -130 31
61.41 -1.69 33 -101 127 -27.84 -42.98 -199 122 95 -15.52 -43.91 -115 -203 45
61.07 -1.88 -127 -92 119 -28.02 -42.48 -78 379 -129 -15.56 -42.63 -87 -68 -76
60.67 -2.13 -235 32 -5 -28.17 -41.97 32 891 -440 -15.55 -41.22 -43 126 -222
60.24 -2.48 -359 270 -203 -28.26 -41.60 425 1344 -615 -15.47 -39.56 24 341 -445
59.68 -3.04 -492 576 -386 -28.34 -41.54 1173 1665 -670 -15.39 -37.69 28 605 -739
59.04 -3.84 -469 849 -505 -28.46 -41.93 1792 1413 -1074 -15.32 -35.88 436 1552 -1949
58.38 -4.90 -377 852 -600 -28.30 -43.11 292 -588 -497 -15.84 -35.44 1418 3211 -4212
57.94 -5.98 377 538 -175 -28.40 -43.45 -1113 -1658 -143 -17.05 -37.35 776 2070 -2418
58.16 -6.73 2009 -667 949 -28.41 -43.19 -586 -1199 -164 -16.56 -38.53 -1351 -1784 1297
57.91 -6.68 1654 -811 762 -28.38 -42.67 374 -341 -368 -16.28 -38.37 -963 -1701 450
57.63 -6.35 855 -452 120 -28.51 -42.01 409 -113 -439 -16.03 -38.45 -274 -1396 50
