62.35 -1.59 198 -29 93 -27.11 -44.25 87 118 6 -15.55 -48.25 31 80 -52
62.33 -1.58 206 -18 88 -27.09 -44.57 110 88 43 -15.56 -48.06 63 102 -89
62.29 -1.58 178 -8 99 -27.02 -45.06 127 46 125 -15.63 -47.78 26 43 -58
62.26 -1.59 193 -18 109 -26.90 -45.79 73 -25 177 -15.76 -47.36 29 -34 -3
62.24 -1.57 244 -20 112 -26.76 -46.62 86 52 89 -15.87 -46.78 -34 -195 84
62.23 -1.50 307 -8 87 -26.64 -47.46 -116 -49 228 -15.87 -45.96 -66 -443 234
62.22 -1.42 350 -42 96 -26.63 -47.95 -461 -351 421 -15.85 -44.94 -90 -551 197
62.19 -1.34 304 -104 138 -26.65 -48.23 -435 -372 312 -15.78 -43.85 -84 -479 46
62.13 -1.24 243 -141 176 -26.65 -48.61 -336 -173 126 -15.79 -42.73 -28 -297 -143
62.05 -1.13 255 -175 229 -26.70 -48.86 -249 136 -18 -15.83 -41.54 -37 -320 -136
61.93 -1.05 277 -190 242 -26.75 -49.03 -32 618 -96 -15.94 -40.20 -108 -373 -115
61.71 -0.98 123 -139 180 -26.86 -49.04 142 1241 -191 -16.04 -38.81 -156 -273 -210
61.38 -1.04 -173 -51 52 -27.06 -48.86 366 1829 -324 -16.13 -37.42 -69 100 -469
60.88 -1.34 -563 54 -86 -27.14 -48.79 879 2047 -191 -16.17 -36.13 104 605 -808
60.20 -1.90 -949 354 -353 -27.33 -48.96 1233 2214 -282 -16.21 -34.82 336 1354 -1376
59.49 -2.64 -1168 927 -680 -27.22 -49.61 1477 1054 -1030 -16.37 -33.69 595 2127 -2292
58.95 -3.71 -920 1054 -788 -26.90 -50.71 -775 -1879 -114 -16.81 -33.79 1660 3489 -4566
58.59 -4.91 -113 919 -530 -26.99 -50.88 -766 -1819 -74 -18.10 -36.41 994 2226 -2836
59.03 -5.84 2290 -581 1056 -27.07 -50.68 -132 -958 -170 -16.86 -37.26 -580 -1435 -21
58.92 -5.88 2034 -955 1050 -27.20 -50.25 22 -440 -269 -16.64 -37.14 -730 -1507 -403
