62.24 -1.87 174 -18 82 -26.43 -44.86 90 136 -119 -15.40 -48.86 25 -73 25
62.28 -1.85 170 11 67 -26.38 -44.86 72 128 -116 -15.54 -48.83 54 -42 36
62.30 -1.85 201 -15 98 -26.36 -44.86 68 128 -116 -15.63 -48.81 45 9 39
62.31 -1.82 175 -20 80 -26.35 -44.87 63 117 -118 -15.69 -48.77 17 -76 99
62.32 -1.82 132 -29 84 -26.33 -44.88 60 121 -114 -15.70 -48.65 -76 -456 332
62.32 -1.83 80 -10 82 -26.32 -44.88 59 129 -111 -15.65 -48.40 -64 -674 329
62.35 -1.84 62 -11 105 -26.30 -44.88 63 127 -103 -15.69 -48.13 -68 -580 188
62.39 -1.86 98 -46 142 -26.29 -44.87 63 130 -113 -15.81 -47.86 -76 -385 138
62.39 -1.86 98 -46 142 -26.29 -44.87 63 130 -113 -15.81 -47.86 -76 -385 138
62.39 -1.86 181 -77 151 -26.27 -44.85 71 130 -95 -15.80 -47.16 -5 -245 122
62.39 -1.83 162 -42 94 -26.27 -44.85 72 131 -94 -15.72 -46.75 -8 -173 27
62.40 -1.82 140 -11 66 -26.27 -44.85 70 121 -88 -15.70 -46.33 -84 96 -183
62.41 -1.82 135 -3 79 -26.27 -44.85 68 117 -98 -15.68 -45.97 -80 499 -430
62.41 -1.82 135 -3 79 -26.27 -44.85 68 117 -98 -15.68 -45.97 -80 499 -430
62.42 -1.80 152 -14 109 -26.28 -44.85 71 102 -110 -15.58 -45.69 3 1330 -839
62.42 -1.80 164 -43 130 -26.29 -44.85 82 102 -120 -15.76 -45.89 405 2867 -2008
62.41 -1.79 198 -55 131 -26.29 -44.86 78 110 -120 -16.46 -47.26 1549 5165 -3806
62.40 -1.77 218 -48 110 -26.30 -44.86 76 99 -112 -17.51 -50.43 1022 3219 -2300
62.38 -1.75 159 -3 67 -26.29 -44.85 85 72 -123 -16.60 -52.42 -1369 -203 136
62.39 -1.73 127 9 56 -26.28 -44.90 125 64 -118 -15.67 -53.02 -716 -364 -438
