62.49 -1.83 165 -19 103 -26.96 -43.53 84 56 -80 -15.72 -50.39 9 -3 -8
62.49 -1.83 165 -19 103 -26.96 -43.53 84 56 -80 -15.72 -50.39 9 -3 -8
62.46 -1.79 195 -31 98 -27.03 -43.50 -38 -244 140 -15.74 -50.33 7 -45 8
62.46 -1.75 216 -12 83 -27.14 -43.26 -206 -354 213 -15.74 -50.27 31 -124 50
62.47 -1.72 339 -42 140 -27.22 -42.94 -61 -286 108 -15.75 -50.16 -29 -353 245
62.47 -1.64 470 -90 187 -27.26 -42.64 -67 -323 106 -15.69 -49.89 -12 -419 172
62.45 -1.48 443 -109 181 -27.35 -42.28 -191 -409 141 -15.81 -49.59 -38 -393 134
62.42 -1.29 338 -62 102 -27.50 -41.82 -113 -321 48 -15.86 -49.19 -57 -576 251
62.44 -1.09 344 -116 154 -27.66 -41.34 -101 -243 -59 -15.82 -48.65 -80 -663 272
62.45 -0.85 412 -157 197 -27.81 -40.75 -105 -207 19 -15.85 -47.97 -126 -625 180
62.41 -0.56 406 -190 206 -27.97 -40.01 -46 162 -149 -15.94 -47.21 -188 -530 65
62.35 -0.23 314 -163 138 -28.07 -39.27 251 869 -523 -15.97 -46.43 -223 -410 -52
62.26 0.08 144 -118 86 -28.04 -38.76 740 1688 -1015 -15.90 -45.68 -196 -179 -208
62.19 0.35 -127 -28 -4 -27.86 -38.79 1303 2351 -1270 -15.79 -44.98 -103 283 -404
62.09 0.48 -537 193 -191 -27.83 -39.15 1443 2465 -1209 -15.63 -44.43 123 1218 -895
62.00 0.32 -810 439 -346 -27.81 -39.82 1649 1086 -1291 -15.71 -44.36 783 3310 -2548
61.88 -0.24 -911 529 -448 -27.72 -41.20 -747 -1517 318 -16.51 -45.84 1617 5513 -4238
61.57 -1.11 -1379 647 -725 -27.85 -41.28 -2117 -2389 1046 -17.49 -49.19 1848 4794 -3236
61.46 -2.13 -688 695 -481 -27.80 -40.67 -574 -1315 526 -17.39 -51.76 -2001 -515 2298
62.16 -2.78 2116 -423 1027 -27.82 -40.39 361 23 -498 -16.12 -51.76 -1057 -959 999
