62.61 -1.68 171 -13 91 -27.07 -43.55 42 41 -94 -15.83 -49.76 -14 26 -22
62.61 -1.68 198 -24 114 -27.08 -43.45 15 -47 13 -15.82 -49.74 9 7 -14
62.59 -1.66 219 -49 140 -27.10 -43.29 -32 -215 140 -15.82 -49.72 -21 -39 9
62.56 -1.64 203 -46 129 -27.19 -42.91 -242 -619 389 -15.82 -49.67 -4 -40 -9
62.56 -1.64 203 -46 129 -27.19 -42.91 -242 -619 389 -15.82 -49.67 -4 -40 -9
62.55 -1.55 254 -2 86 -27.49 -41.62 -65 -557 186 -15.82 -49.55 26 -239 103
62.57 -1.48 456 -49 164 -27.67 -41.06 -208 -461 140 -15.75 -49.35 -64 -725 444
62.59 -1.31 742 -128 267 -27.87 -40.31 -143 -356 50 -15.72 -48.90 -139 -877 388
62.56 -1.02 731 -225 302 -28.07 -39.45 -35 -100 -249 -15.77 -48.33 -169 -842 355
62.48 -0.65 440 -167 161 -28.22 -38.69 98 290 -560 -15.80 -47.61 -85 -716 258
62.41 -0.30 249 -133 85 -28.30 -38.08 238 713 -799 -15.78 -46.79 -133 -549 128
62.33 -0.00 101 -122 86 -28.28 -37.63 441 1133 -937 -15.72 -45.94 -129 -258 -108
62.29 0.28 -81 -100 77 -28.19 -37.41 878 1677 -1039 -15.67 -45.18 -150 228 -435
62.23 0.50 -315 -54 22 -28.06 -37.69 1503 2460 -1192 -15.58 -44.62 -65 757 -713
62.19 0.61 -568 102 -91 -28.08 -38.44 1986 2549 -1336 -15.45 -44.34 181 1414 -1090
62.17 0.48 -726 300 -200 -27.75 -40.38 1365 -225 -442 -15.58 -44.55 688 2984 -2348
62.12 0.01 -753 525 -345 -27.98 -41.64 -1862 -2314 1125 -16.46 -46.23 1987 5637 -4811
61.92 -0.81 -1028 701 -631 -28.09 -41.39 -2250 -2299 1367 -18.07 -50.63 1724 4388 -3418
61.73 -1.84 -418 850 -385 -28.05 -40.70 -428 -752 151 -17.63 -53.14 -723 1185 -1069
62.54 -2.43 2796 -425 1244 -28.07 -40.42 512 394 -733 -17.12 -54.45 -727 675 -1136
