63.46 -1.57 164 -13 84 -25.76 -43.49 62 79 -115 -14.50 -50.11 14 1 -6
63.47 -1.55 180 -15 105 -25.74 -43.48 39 14 -108 -14.48 -50.12 12 -1 -1
63.47 -1.54 180 -13 112 -25.74 -43.52 66 -91 -100 -14.46 -50.12 22 -25 -6
63.48 -1.52 211 -27 119 -25.74 -43.51 -13 -489 197 -14.46 -50.11 42 -23 -8
63.48 -1.48 243 -30 116 -25.70 -43.32 -86 -927 547 -14.47 -50.13 43 -68 -9
63.48 -1.43 346 -45 152 -25.78 -42.82 -241 -1097 600 -14.50 -50.18 45 -212 73
63.48 -1.32 555 -78 224 -25.95 -42.23 -301 -735 277 -14.59 -50.22 163 -473 56
63.47 -1.07 790 -106 221 -25.88 -41.93 84 -221 -56 -14.70 -51.18 186 -980 231
63.48 -0.66 1041 -228 295 -25.83 -41.77 159 180 -298 -14.88 -52.20 -29 -1435 560
63.45 -0.09 1161 -280 299 -25.76 -41.65 165 535 -410 -15.03 -53.46 38 -1026 399
63.30 0.56 806 -275 189 -25.64 -41.46 233 1051 -465 -15.13 -54.89 67 -720 394
63.10 1.20 297 -189 22 -25.53 -41.15 511 1663 -520 -15.35 -56.25 -6 386 -100
62.97 1.76 -36 -148 -62 -25.53 -40.84 1049 2482 -769 -15.53 -57.83 -83 1397 -378
62.84 2.19 -373 -95 -107 -25.60 -40.53 1463 3127 -1509 -15.44 -59.69 -108 2035 -249
62.67 2.46 -780 76 -190 -25.52 -41.30 1534 1022 -1544 -15.16 -61.57 18 3298 -440
62.54 2.42 -1093 291 -314 -25.65 -42.48 -1668 -1792 397 -14.80 -63.94 749 4901 -737
62.37 1.95 -1515 479 -537 -25.62 -42.19 -2395 -2350 957 -14.55 -67.00 830 5304 -157
62.09 1.01 -2150 770 -896 -25.33 -41.56 -189 -924 -38 -14.07 -69.58 -1884 417 1727
62.48 -0.10 -342 437 168 -25.16 -41.45 596 -217 -385 -13.31 -70.12 -910 -539 595
63.15 -0.67 2004 -798 1590 -25.23 -41.35 224 -395 -24 -12.83 -70.69 -572 -898 12
