63.93 -1.61 201 -18 103 -26.22 -42.21 73 131 -112 -13.96 -52.16 15 -5 -8
63.93 -1.59 249 -12 98 -26.22 -42.21 69 126 -118 -13.99 -52.23 4 -63 18
63.93 -1.55 272 -23 101 -26.22 -42.21 72 124 -124 -14.02 -52.27 5 -126 63
63.92 -1.48 312 -27 110 -26.22 -42.21 64 127 -131 -14.08 -52.29 39 -214 34
63.91 -1.37 393 -33 134 -26.22 -42.20 69 135 -135 -14.09 -52.76 169 -401 -72
63.95 -1.16 672 -107 176 -26.21 -42.20 73 135 -132 -14.27 -53.43 127 -750 105
63.97 -0.83 919 -191 261 -26.20 -42.21 72 128 -132 -14.53 -54.28 13 -628 68
63.89 -0.39 852 -220 250 -26.20 -42.21 74 110 -123 -14.72 -55.42 15 -336 60
63.77 0.12 550 -217 164 -26.20 -42.21 75 109 -124 -14.86 -56.67 11 -38 100
63.59 0.58 187 -195 87 -26.19 -42.21 78 129 -128 -14.99 -57.94 -3 64 248
63.46 0.99 3 -171 64 -26.19 -42.20 65 140 -128 -15.11 -59.04 -67 313 160
63.39 1.39 31 -160 76 -26.19 -42.20 66 143 -120 -15.22 -60.13 -112 617 120
63.30 1.78 -13 -131 49 -26.18 -42.20 69 126 -118 -15.23 -61.18 -151 918 124
63.19 2.12 -209 -87 -19 -26.18 -42.20 70 120 -123 -15.15 -62.20 -110 1365 91
63.11 2.37 -473 26 -122 -26.18 -42.20 74 117 -120 -14.93 -63.29 61 1975 -6
63.09 2.47 -651 202 -201 -26.17 -42.20 59 110 -119 -14.72 -64.52 431 3269 -435
63.09 2.31 -803 355 -257 -26.16 -42.20 51 104 -125 -14.55 -66.50 949 4606 -611
62.97 1.76 -1298 580 -565 -26.15 -42.19 58 102 -116 -14.14 -68.68 -533 1008 2325
62.94 0.86 -1245 841 -666 -26.13 -42.20 64 103 -119 -13.59 -69.03 -584 -516 909
63.59 0.02 1057 -65 747 -26.13 -42.20 78 86 -118 -13.22 -69.48 -421 -963 173
