64.22 -1.24 300 -65 47 -26.21 -43.14 -56 -107 -91 -15.88 -54.63 -20 -99 124
64.24 -1.06 379 -114 119 -26.17 -42.94 156 203 -195 -15.91 -55.51 -124 -341 262
64.20 -0.84 490 -128 185 -26.12 -42.77 77 209 -117 -15.91 -56.41 -118 -446 246
64.17 -0.54 577 -159 237 -26.09 -42.54 60 219 -174 -16.00 -57.36 -49 -176 159
64.13 -0.17 533 -164 208 -26.07 -42.30 18 165 -169 -16.13 -58.34 81 195 152
64.04 0.21 256 -100 68 -26.08 -42.04 25 164 -192 -16.20 -59.27 116 236 308
64.04 0.21 256 -100 68 -26.08 -42.04 25 164 -192 -16.20 -59.27 116 236 308
63.92 0.77 -117 4 -52 -26.10 -41.49 59 124 -148 -16.26 -60.67 -47 230 317
63.92 0.77 -117 4 -52 -26.10 -41.49 59 124 -148 -16.26 -60.67 -47 230 317
63.87 1.15 63 -88 94 -26.09 -40.86 147 250 -199 -16.31 -61.86 -65 233 250
63.81 1.36 53 -103 115 -26.05 -40.58 175 712 -391 -16.29 -62.35 -48 107 287
63.78 1.58 17 -61 59 -25.98 -40.31 424 1383 -610 -16.26 -62.71 -37 32 286
63.78 1.80 41 -16 37 -25.96 -39.94 1215 2007 -636 -16.20 -62.97 -7 145 189
63.80 2.01 92 2 15 -26.12 -39.85 1540 2499 -1085 -16.12 -63.26 -78 514 124
63.80 2.20 -17 -4 4 -26.15 -40.58 1403 235 -818 -15.88 -63.57 -263 1533 -15
63.75 2.25 -331 29 -23 -26.32 -41.43 -2179 -2570 1214 -15.44 -64.26 336 3643 -679
63.66 2.03 -733 199 -113 -26.34 -40.66 -2572 -2905 1487 -15.19 -65.70 1121 5340 -1413
63.45 1.41 -1119 441 -350 -26.27 -39.62 -503 -1292 2 -15.01 -68.16 521 2323 522
63.26 0.42 -1514 667 -636 -26.29 -39.17 531 12 -936 -14.56 -68.91 -778 -94 614
63.56 -0.58 185 607 40 -26.35 -38.97 615 248 -703 -14.10 -70.11 -529 -996 -116
