64.54 -0.81 164 18 132 -25.39 -43.44 -194 21 788 -15.28 -52.16 48 158 144
64.47 -0.79 42 9 165 -25.68 -42.43 -352 -32 506 -15.29 -52.35 24 128 152
64.39 -0.78 -42 23 159 -25.91 -41.45 -145 94 216 -15.25 -52.65 87 110 207
64.35 -0.79 -43 41 163 -26.19 -40.35 -23 314 -61 -15.21 -53.01 195 182 321
64.31 -0.82 25 57 180 -26.53 -39.17 69 467 -456 -15.30 -53.32 137 274 395
64.19 -0.89 -130 126 151 -26.78 -38.12 372 652 -718 -15.39 -53.74 81 150 424
64.01 -1.03 -234 276 109 -27.03 -37.37 765 732 -761 -15.39 -54.34 231 71 450
63.92 -1.26 -43 205 315 -27.27 -36.94 588 698 -716 -15.22 -55.28 363 22 588
63.66 -1.57 56 98 442 -27.44 -36.69 149 428 -421 -15.22 -56.24 167 16 585
63.20 -1.94 227 55 355 -27.53 -36.36 1 2 -124 -15.20 -57.06 258 -15 615
62.66 -2.24 250 148 76 -27.56 -35.99 -92 -226 -28 -15.21 -57.58 173 63 483
62.03 -2.51 210 379 -347 -27.64 -35.44 -235 19 -401 -15.29 -57.85 -172 293 384
61.51 -2.89 417 382 -254 -27.60 -34.86 160 379 -732 -15.32 -57.97 -230 454 249
60.99 -3.24 286 439 -199 -27.59 -34.22 647 1066 -1637 -15.21 -58.12 -95 25 82
60.50 -3.63 353 333 -92 -27.34 -34.36 -327 45 -596 -15.16 -58.17 -180 -308 37
60.03 -3.93 375 162 55 -26.95 -34.76 2952 1940 -3342 -15.05 -58.03 -249 -236 65
59.52 -4.22 269 76 109 -26.20 -35.95 766 -1278 -153 -14.81 -57.59 -275 147 -2
58.93 -4.66 55 5 135 -25.73 -36.57 762 -1253 -495 -14.48 -56.83 -36 806 -382
58.22 -5.24 -223 82 -94 -25.32 -37.16 663 -1047 -464 -14.26 -56.20 -121 1307 -1145
57.46 -5.87 -775 308 -602 -25.17 -37.40 532 -841 -182 -14.12 -56.15 -619 258 -856
