60.27 -3.42 -808 3 -295 -22.53 -44.23 -264 31 420 -13.04 -57.89 253 516 -478
59.31 -4.11 -1288 214 -577 -22.52 -43.48 -22 291 229 -13.01 -57.27 426 877 -482
58.38 -5.08 -1426 425 -958 -22.59 -42.78 187 440 100 -12.79 -56.56 345 1611 -669
57.67 -6.15 -535 218 -466 -22.81 -42.12 99 581 -183 -12.37 -56.00 87 2441 -1226
57.51 -6.95 1283 -533 733 -23.04 -41.60 182 626 -422 -12.12 -56.08 -277 1567 -1448
57.28 -7.30 1922 -992 1357 -23.14 -41.39 332 344 -363 -12.19 -56.55 -721 -1331 -396
56.99 -7.35 2109 -1197 1465 -23.23 -41.31 222 74 -207 -12.14 -56.69 -897 -2239 -6
56.65 -7.02 1716 -938 809 -23.32 -41.20 5 -130 101 -11.98 -56.69 -918 -2496 273
56.36 -6.58 899 -593 -157 -23.45 -40.84 -308 -321 231 -11.70 -56.47 -310 -1855 93
56.20 -6.35 -39 -288 -1052 -23.64 -40.27 -501 -414 39 -11.61 -56.06 469 -815 -351
56.28 -6.25 -447 -330 -1199 -23.77 -39.63 -226 -375 -154 -11.80 -55.51 895 94 -839
56.65 -6.02 -497 -494 -953 -23.89 -39.03 231 -126 -359 -12.12 -54.90 986 385 -1292
57.25 -5.70 -197 -738 -361 -24.08 -38.57 529 272 -737 -12.59 -54.38 821 -63 -1420
58.00 -5.39 -162 -884 -26 -24.38 -38.20 753 553 -792 -13.25 -53.95 93 -822 -1201
58.76 -5.05 250 -829 316 -24.76 -37.70 1384 1282 -1268 -13.72 -53.56 -193 -601 -1145
59.43 -4.58 483 -615 528 -25.22 -37.33 2105 2564 -2833 -14.16 -53.46 -576 -519 -845
59.95 -4.05 700 -378 651 -25.29 -38.24 798 1462 -2236 -14.19 -53.57 -320 -576 -270
60.31 -3.59 656 -213 653 -25.26 -39.02 -1742 -1678 916 -14.09 -53.60 -69 -355 69
60.44 -3.20 133 78 312 -25.45 -38.65 -793 -1863 477 -14.01 -53.42 -166 170 116
60.44 -2.94 -425 321 -33 -25.43 -38.59 -362 -1764 37 -13.80 -53.20 169 627 162
