65.12 -3.72 37 58 175 -25.89 -42.25 -40 245 80 -14.57 -51.41 8 31 -45
64.92 -3.88 -301 22 216 -25.88 -42.25 -184 396 129 -14.56 -51.40 6 34 -33
64.58 -4.17 -539 157 151 -25.95 -41.50 -865 27 870 -14.56 -51.40 12 37 -13
64.23 -4.48 -258 175 183 -26.28 -39.98 -611 119 572 -14.55 -51.40 15 33 -8
63.80 -4.80 63 101 132 -26.43 -38.66 206 263 258 -14.56 -51.40 -3 34 -13
63.21 -5.20 300 42 140 -26.83 -37.20 379 92 293 -14.54 -51.41 -7 38 -22
62.49 -5.61 478 1 158 -27.37 -35.52 722 -73 139 -14.53 -51.42 -5 23 -21
62.49 -5.61 478 1 158 -27.37 -35.52 722 -73 139 -14.53 -51.42 -5 23 -21
62.49 -5.61 478 1 158 -27.37 -35.52 722 -73 139 -14.53 -51.42 -5 23 -21
60.25 -6.49 799 -67 151 -29.53 -31.17 155 -252 -897 -14.48 -51.44 -11 36 11
59.60 -6.63 858 -120 135 -30.02 -30.17 115 -276 -950 -14.46 -51.45 -2 36 25
58.95 -6.63 700 -81 25 -30.42 -29.35 -59 -324 -849 -14.42 -51.46 17 38 44
58.35 -6.62 422 -3 -104 -30.66 -28.48 -438 -450 -550 -14.39 -51.47 33 47 76
57.80 -6.69 189 112 -229 -30.71 -27.38 -191 -590 -73 -14.36 -51.49 55 60 161
57.20 -6.89 -53 292 -493 -30.90 -25.77 248 -225 -312 -14.30 -51.55 63 100 290
56.63 -7.22 -525 543 -879 -31.08 -24.21 1687 962 -1725 -14.22 -51.67 -35 71 680
56.16 -7.93 -980 758 -1213 -31.04 -24.49 4446 3126 -4316 -13.85 -51.80 6 -390 1291
55.62 -8.99 -911 637 -1169 -30.56 -28.55 5320 3447 -4804 -13.18 -51.53 195 -667 1135
55.11 -10.24 633 -440 885 -30.46 -30.78 428 -1306 746 -12.97 -51.10 282 -567 803
55.17 -10.47 1574 -995 1315 -30.63 -30.89 -77 -1307 112 -12.82 -50.48 272 -342 383
