63.28 0.05 189 -32 182 -26.43 -42.39 -64 336 51 -17.14 -51.44 72 92 108
63.28 0.11 136 38 117 -26.48 -42.12 -253 229 334 -17.10 -51.59 152 119 131
63.29 0.15 162 117 56 -26.67 -41.54 -153 348 9 -17.21 -51.70 75 130 153
63.30 0.16 266 119 94 -26.76 -41.18 10 378 -184 -17.33 -51.85 36 158 172
63.26 0.16 238 80 173 -26.85 -40.83 -91 21 -24 -17.43 -52.06 -15 148 203
63.17 0.17 137 104 161 -26.93 -40.31 -30 -264 165 -17.47 -52.31 -106 275 288
63.10 0.16 -16 113 150 -27.11 -39.64 99 -187 139 -17.39 -52.65 -169 259 286
62.95 0.05 -306 176 75 -27.35 -38.92 233 84 -106 -17.21 -53.06 -108 244 234
62.95 0.05 -306 176 75 -27.35 -38.92 233 84 -106 -17.21 -53.06 -108 244 234
62.79 -0.32 44 46 230 -27.79 -37.51 39 163 -352 -16.99 -53.96 96 -40 91
62.70 -0.39 346 16 260 -27.92 -36.66 -9 -32 -113 -17.05 -54.34 158 -153 192
62.52 -0.37 478 -4 267 -28.02 -35.64 180 -80 61 -16.98 -54.92 193 -319 404
62.26 -0.38 363 -18 225 -28.32 -34.44 -59 65 -4 -16.92 -55.39 115 -244 447
61.92 -0.48 100 -6 130 -28.61 -33.03 -319 490 -363 -16.92 -55.67 -24 -250 416
61.58 -0.67 132 -15 90 -28.77 -31.47 168 978 -1095 -16.85 -55.72 10 -500 492
61.25 -0.83 201 77 -48 -28.87 -30.14 1132 1880 -2774 -16.67 -55.52 84 -686 540
60.91 -1.00 266 161 -166 -28.49 -30.61 3137 2810 -4219 -16.60 -54.99 22 -514 610
60.63 -1.23 851 97 183 -27.96 -33.18 1840 1354 -1948 -16.55 -53.96 5 279 375
60.08 -1.27 436 300 55 -27.75 -34.02 -49 -1730 626 -16.26 -52.73 -99 873 -18
59.40 -1.54 -40 412 -187 -27.29 -34.48 169 -1787 163 -15.79 -51.38 -186 1560 -724
