59.40 0.11 631 -9 164 -26.83 -42.51 62 129 -75 -18.11 -54.65 18 633 -34
59.00 0.24 163 91 -44 -26.84 -42.49 42 129 -50 -17.85 -53.73 119 878 95
59.00 0.24 163 91 -44 -26.84 -42.49 42 129 -50 -17.85 -53.73 119 878 95
58.11 -0.04 -342 458 -384 -29.56 -32.16 -644 -2071 243 -16.61 -51.46 919 2236 -721
57.45 -0.31 -991 916 -977 -29.16 -32.63 -311 -1799 30 -16.12 -50.65 663 3005 -1313
56.80 -0.96 -1291 1231 -1466 -28.83 -32.96 -149 -1174 30 -15.46 -50.62 580 2689 -1632
56.26 -2.03 -1365 1133 -1442 -28.69 -32.98 120 -724 65 -14.96 -51.17 -59 304 -1458
55.91 -3.43 -975 714 -1018 -28.95 -32.60 289 -751 45 -15.27 -51.83 -1929 -3217 268
55.51 -4.87 -97 -59 126 -29.38 -32.08 466 -814 -177 -15.24 -51.70 -1747 -3274 338
55.46 -5.98 2473 -1512 2052 -29.72 -31.69 -889 -1540 712 -14.96 -51.30 -769 -1855 -143
55.42 -5.83 2371 -1543 1797 -30.14 -30.81 788 -357 -1199 -14.76 -50.91 231 -311 -731
55.29 -5.38 1382 -1128 866 -30.28 -31.13 -440 -650 -70 -14.75 -50.78 632 376 -1123
55.30 -4.96 413 -541 -134 -30.47 -30.96 -817 -649 254 -15.06 -50.73 521 142 -1077
55.45 -4.86 82 -453 -441 -30.46 -30.83 -138 -97 -245 -15.53 -50.57 155 -335 -804
55.70 -4.65 15 -568 -353 -30.34 -31.19 461 402 -633 -16.06 -50.21 -531 -820 -363
56.02 -4.26 109 -738 7 -30.18 -32.02 806 819 -844 -16.32 -49.86 -667 -760 -205
56.35 -3.78 288 -703 506 -30.01 -33.09 1083 1064 -809 -16.53 -49.64 -613 -523 -218
56.80 -3.26 632 -640 678 -29.79 -34.36 1024 1094 -499 -16.67 -49.58 -497 -66 -287
57.09 -2.66 405 -438 602 -29.47 -35.64 696 893 -95 -16.60 -49.79 -106 502 -496
57.43 -2.06 346 -254 419 -29.27 -36.66 267 746 312 -16.54 -50.15 217 853 -515
