61.17 1.70 156 -19 83 -27.67 -40.57 71 112 -114 -17.83 -52.47 -7 18 -18
61.18 1.69 134 -30 94 -27.66 -40.58 74 90 -118 -17.83 -52.45 -5 26 -15
61.17 1.69 124 -16 92 -27.70 -40.55 -90 -9 -87 -17.82 -52.45 2 15 14
61.19 1.68 134 1 97 -27.69 -40.53 76 43 -106 -17.81 -52.43 12 29 10
61.19 1.68 159 18 103 -27.70 -40.52 -136 -49 -2 -17.81 -52.42 -2 5 -4
61.20 1.68 165 11 105 -27.81 -40.47 -518 -232 152 -17.81 -52.39 8 -32 4
61.20 1.68 166 -20 116 -27.76 -40.16 -341 -380 361 -17.83 -52.33 1 -32 -9
61.18 1.68 159 -50 130 -27.78 -39.74 -90 -353 268 -17.86 -52.26 -40 -72 24
61.16 1.68 154 -53 117 -27.80 -39.29 -6 -248 51 -17.86 -52.17 2 -151 85
61.15 1.70 167 -60 136 -27.85 -38.81 35 -174 -56 -17.90 -52.00 -117 -344 195
61.14 1.73 173 -30 124 -27.93 -38.34 98 -93 -144 -17.99 -51.74 -69 -495 213
61.13 1.75 244 -50 173 -28.02 -37.85 87 12 -265 -18.06 -51.48 -144 -643 314
61.12 1.78 302 -82 227 -28.10 -37.34 11 141 -288 -18.08 -51.14 -159 -578 202
61.09 1.88 297 -39 140 -28.18 -36.68 138 602 -420 -18.07 -50.85 -22 -327 30
61.11 1.98 304 -64 132 -28.29 -36.14 1262 1936 -1455 -18.15 -50.60 31 -105 -115
61.14 2.08 311 -63 101 -28.10 -37.12 3627 4066 -3553 -18.20 -50.35 -98 -147 -27
61.13 2.17 201 -58 92 -27.60 -40.93 2109 3195 -2664 -18.14 -50.06 -102 -117 45
61.14 2.27 160 -61 106 -27.60 -42.65 -2264 -1292 2240 -18.00 -49.71 -47 234 82
61.12 2.33 143 -76 171 -27.43 -43.25 -1060 -1840 1073 -17.66 -49.29 2 1038 1
61.05 2.42 -16 7 159 -27.37 -43.67 -666 -1662 423 -17.08 -48.88 382 2164 -505
