61.84 0.59 143 -11 79 -27.24 -42.36 71 123 -127 -17.25 -51.92 6 37 -21
61.84 0.59 116 -3 89 -27.24 -42.36 70 121 -121 -17.25 -51.92 3 42 -15
61.84 0.58 143 -18 110 -27.24 -42.36 76 111 -113 -17.25 -51.93 19 45 -19
61.84 0.58 143 -18 110 -27.24 -42.36 76 111 -113 -17.25 -51.93 19 45 -19
61.84 0.58 179 11 66 -27.24 -42.35 74 121 -111 -17.27 -51.95 -28 38 -4
61.84 0.58 152 16 66 -27.24 -42.34 65 119 -111 -17.25 -51.95 -3 25 5
61.84 0.58 152 16 66 -27.24 -42.34 65 119 -111 -17.25 -51.95 -3 25 5
61.83 0.54 134 -19 116 -27.26 -42.31 65 65 -66 -17.26 -51.94 23 14 -4
61.83 0.54 176 -18 109 -27.30 -42.24 -87 -66 -26 -17.28 -51.92 -1 20 -14
61.82 0.54 210 -18 96 -27.37 -42.03 -163 -302 205 -17.28 -51.90 -24 19 -12
61.81 0.55 173 -4 75 -27.53 -41.53 -380 -586 408 -17.27 -51.88 -12 20 -5
61.81 0.55 173 -4 75 -27.53 -41.53 -380 -586 408 -17.27 -51.88 -12 20 -5
61.79 0.55 149 -7 89 -27.76 -40.18 -298 -542 231 -17.24 -51.82 -34 -109 57
61.79 0.56 195 -8 102 -27.90 -39.14 -431 -443 228 -17.23 -51.71 -65 -283 147
61.78 0.58 226 -14 113 -28.10 -37.86 -426 277 -413 -17.21 -51.51 -115 -397 109
61.75 0.61 247 -47 145 -28.20 -36.59 663 1334 -1367 -17.32 -51.25 -145 -531 190
61.73 0.65 283 -55 160 -28.19 -36.05 2501 2984 -2840 -17.35 -50.85 -31 -706 329
61.72 0.72 454 -124 242 -28.00 -38.07 3968 4384 -4311 -17.37 -50.30 21 -766 420
61.70 0.87 428 -137 250 -27.87 -41.21 463 922 13 -17.33 -49.65 63 -554 553
61.67 1.07 364 -112 187 -27.74 -41.82 -725 -1679 1317 -17.22 -48.79 -52 382 211
