61.80 0.99 -473 235 -168 -27.51 -40.85 62 107 -130 -16.78 -51.58 7 25 -11
61.69 0.73 -896 561 -447 -27.50 -40.85 60 113 -125 -16.77 -51.58 9 35 -14
61.69 0.73 -896 561 -447 -27.50 -40.85 60 113 -125 -16.77 -51.58 9 35 -14
61.69 0.73 -896 561 -447 -27.50 -40.85 60 113 -125 -16.77 -51.58 9 35 -14
61.35 -2.00 -1146 805 -460 -27.47 -40.92 76 82 -9 -16.77 -51.59 14 16 -11
61.80 -3.08 1944 -500 1154 -27.48 -40.97 68 38 14 -16.77 -51.58 15 -3 -2
61.72 -3.30 2062 -1039 1292 -27.44 -41.16 67 7 58 -16.78 -51.56 1 13 -4
61.34 -3.03 916 -718 418 -27.41 -41.35 20 20 71 -16.80 -51.54 -21 37 -14
61.39 -2.85 559 -371 -81 -27.36 -41.58 -23 -39 106 -16.80 -51.52 -13 29 -4
61.46 -2.75 814 -240 -32 -27.37 -41.59 -261 -325 363 -16.81 -51.49 27 -42 23
61.53 -2.57 1013 -261 150 -27.43 -41.20 -364 -578 536 -16.85 -51.43 16 -96 30
61.56 -2.13 913 -313 201 -27.56 -40.55 -299 -644 538 -16.91 -51.34 9 -131 54
61.65 -1.58 874 -389 371 -27.80 -39.74 -342 -566 405 -16.97 -51.21 14 -199 97
61.59 -1.04 -229 -320 143 -28.10 -38.77 -384 -310 74 -16.99 -51.04 -26 -265 104
61.61 -0.70 -515 -110 25 -28.28 -37.69 -32 452 -657 -17.05 -50.79 -23 -456 206
61.67 -0.47 -495 17 53 -28.39 -36.77 1250 1640 -1627 -17.14 -50.41 11 -703 366
61.71 -0.29 -579 247 -166 -28.61 -36.62 2746 3355 -3193 -17.31 -49.82 97 -880 492
61.83 -0.26 -425 311 -199 -28.64 -38.68 3575 4611 -4539 -17.56 -49.08 136 -719 389
62.00 -0.34 -108 269 -103 -28.28 -42.02 839 2068 -1032 -17.84 -48.36 111 9 -22
62.08 -0.41 156 159 32 -28.16 -42.82 -683 -1168 1022 -17.93 -47.89 102 667 -197
