62.62 -0.33 134 -15 107 -27.42 -41.37 79 127 -127 -16.63 -51.23 19 24 -18
62.62 -0.32 166 12 90 -27.42 -41.37 82 133 -119 -16.65 -51.23 -1 12 -15
62.62 -0.32 179 24 71 -27.41 -41.37 108 148 -139 -16.65 -51.22 -15 28 -42
62.63 -0.31 171 17 78 -27.41 -41.37 87 135 -124 -16.65 -51.21 -19 16 -29
62.62 -0.31 139 -9 101 -27.41 -41.38 74 126 -127 -16.66 -51.20 -8 22 -20
62.62 -0.31 139 -9 101 -27.41 -41.38 74 126 -127 -16.66 -51.20 -8 22 -20
62.62 -0.31 139 -9 101 -27.41 -41.38 74 126 -127 -16.66 -51.20 -8 22 -20
62.62 -0.30 209 -38 129 -25.90 -46.68 171 152 250 -16.75 -51.21 -6 -32 -32
62.61 -0.27 222 -9 103 -25.42 -48.32 364 -22 229 -16.80 -51.24 32 -105 -4
62.60 -0.24 168 9 92 -24.83 -50.53 181 -444 365 -16.85 -51.23 35 -109 13
62.62 -0.22 239 6 103 -24.39 -52.52 -370 -1100 771 -16.91 -51.20 39 -98 16
62.63 -0.16 360 -7 117 -24.26 -53.71 -1032 -1447 965 -16.93 -51.20 137 -25 -40
62.62 -0.07 367 -46 134 -24.03 -54.86 -709 -281 118 -16.94 -51.24 42 -371 236
62.59 0.06 240 -44 113 -23.44 -56.49 -132 1533 -666 -16.83 -51.06 17 -1088 480
62.58 0.17 195 -67 122 -22.51 -58.54 692 3452 -1034 -16.87 -50.63 -42 -1505 525
62.60 0.31 291 -41 114 -21.22 -61.36 1984 5772 -1469 -17.06 -49.97 -198 -1376 437
62.62 0.50 637 -59 199 -19.48 -65.18 2307 6360 -1216 -17.28 -49.18 -151 -774 151
62.65 0.80 1110 -226 361 -18.12 -67.91 -1961 1342 2189 -17.43 -48.46 -51 -14 -192
62.59 1.28 1208 -345 390 -17.72 -68.64 -1010 296 1154 -17.43 -47.94 4 936 -509
62.37 1.84 855 -400 327 -17.23 -69.56 -807 -378 350 -17.14 -47.67 168 1804 -760
