62.36 -0.68 130 3 79 -25.87 -44.57 67 126 -114 -16.47 -50.61 19 26 -15
62.38 -0.69 152 10 91 -25.86 -44.57 65 112 -105 -16.49 -50.61 -19 37 -34
62.39 -0.70 176 -12 107 -25.87 -44.58 73 107 -109 -16.47 -50.61 -9 42 -34
62.38 -0.71 187 -30 111 -25.86 -44.59 98 88 -98 -16.46 -50.62 2 32 -12
62.37 -0.70 185 -25 95 -25.87 -44.60 82 105 -99 -16.44 -50.62 10 25 -9
62.37 -0.70 152 -3 69 -25.84 -44.68 124 68 5 -16.44 -50.62 5 25 -9
62.38 -0.70 141 8 65 -25.84 -44.79 54 60 22 -16.44 -50.61 -6 30 -11
62.38 -0.70 141 8 65 -25.84 -44.79 54 60 22 -16.44 -50.61 -6 30 -11
62.40 -0.69 164 -3 110 -25.62 -45.92 172 -124 261 -16.45 -50.62 6 2 -39
62.40 -0.68 158 -7 109 -25.48 -46.95 172 -145 257 -16.45 -50.61 10 24 -33
62.39 -0.68 169 -16 116 -25.23 -48.11 66 -421 393 -16.46 -50.61 17 13 -7
62.38 -0.67 168 -22 119 -24.93 -49.42 -229 -925 679 -16.49 -50.60 29 7 13
62.38 -0.65 163 -27 112 -24.73 -50.66 -573 -1236 911 -16.54 -50.62 -10 -138 22
62.38 -0.63 134 5 76 -24.45 -52.20 -414 -578 488 -16.59 -50.63 44 -230 35
62.39 -0.60 184 17 91 -23.95 -54.03 -207 868 -338 -16.67 -50.57 41 -585 288
62.40 -0.57 248 12 106 -23.04 -56.17 909 3451 -1217 -16.65 -50.32 38 -1181 479
62.42 -0.50 425 -47 157 -21.80 -58.97 2355 6624 -2348 -16.86 -49.96 -15 -1191 356
62.40 -0.37 503 -117 198 -20.28 -62.51 418 3508 -264 -17.19 -49.47 -10 -900 249
62.35 -0.18 592 -145 223 -19.49 -63.78 -1329 230 1359 -17.42 -48.94 53 -366 13
62.37 0.14 877 -184 281 -18.92 -64.79 -761 -233 580 -17.45 -48.57 105 360 -209
