62.93 -1.18 214 7 67 -26.74 -43.24 65 128 -117 -16.75 -49.60 -23 61 -37
62.93 -1.18 189 -20 91 -26.71 -43.31 75 93 -99 -16.75 -49.61 -14 52 -31
62.91 -1.17 159 -41 111 -26.66 -43.44 71 53 -23 -16.73 -49.61 9 46 -25
62.88 -1.16 136 -38 128 -26.58 -43.70 85 69 12 -16.73 -49.61 1 35 -23
62.88 -1.16 136 -38 128 -26.58 -43.70 85 69 12 -16.73 -49.61 1 35 -23
62.89 -1.13 144 20 66 -26.38 -44.45 79 60 105 -16.71 -49.61 4 13 -21
62.89 -1.13 168 12 67 -26.21 -45.14 88 -5 133 -16.71 -49.61 4 -9 -33
62.89 -1.12 147 -2 79 -25.93 -46.15 120 -4 76 -16.72 -49.61 11 -42 -18
62.90 -1.11 124 -8 81 -25.56 -47.34 258 -34 61 -16.74 -49.60 17 -17 -22
62.91 -1.12 156 -42 111 -25.17 -48.59 284 -123 127 -16.77 -49.59 31 -16 -6
62.90 -1.11 200 -60 131 -24.83 -50.00 5 -395 266 -16.81 -49.58 47 -79 29
62.89 -1.07 222 -34 118 -24.61 -51.19 -469 -988 713 -16.88 -49.54 56 -237 89
62.89 -1.07 222 -34 118 -24.61 -51.19 -469 -988 713 -16.88 -49.54 56 -237 89
59.11 2.64 -95 -85 23 -24.20 -53.33 -296 -288 397 -16.88 -49.55 15 -773 330
59.11 2.83 -390 -121 86 -23.82 -54.56 39 890 -72 -16.90 -49.34 110 -945 375
59.05 2.98 -1167 312 -284 -23.19 -56.12 911 2978 -1006 -17.05 -48.94 -9 -1163 468
59.30 2.77 -1035 435 -286 -21.93 -59.11 2331 5901 -1994 -17.25 -48.33 -158 -1290 490
59.64 2.39 -868 541 -355 -20.05 -63.54 1418 5078 -1093 -17.51 -47.65 -88 -975 229
60.01 1.86 -598 511 -330 -18.83 -65.88 -1103 485 1981 -17.74 -47.08 136 -257 -132
60.39 1.26 -168 299 -77 -18.32 -67.01 -549 326 659 -17.89 -46.67 229 629 -481
