62.29 -0.60 136 1 90 -26.10 -44.71 56 140 -111 -15.65 -49.99 -55 44 -4
62.28 -0.63 160 -13 107 -26.09 -44.74 51 145 -123 -15.61 -49.87 -155 37 86
62.28 -0.63 160 -13 107 -26.09 -44.74 51 145 -123 -15.61 -49.87 -155 37 86
62.23 -0.70 128 5 69 -26.07 -44.76 56 152 -108 -15.43 -48.76 -14 95 -93
62.19 -0.77 102 17 74 -26.06 -44.77 58 143 -101 -15.43 -48.23 59 171 -238
62.15 -0.87 101 -8 105 -26.06 -44.78 63 148 -97 -15.44 -47.78 79 302 -357
62.07 -1.02 37 25 93 -26.06 -44.78 67 135 -101 -15.43 -47.45 78 310 -334
61.98 -1.19 10 119 23 -26.06 -44.78 65 126 -113 -15.40 -47.13 65 -20 -164
61.96 -1.38 183 109 29 -26.05 -44.78 67 123 -117 -15.47 -46.68 3 -158 -187
61.87 -1.59 181 49 17 -26.06 -44.78 66 124 -120 -15.66 -46.07 54 -209 -126
61.72 -1.81 54 19 10 -26.07 -44.78 71 133 -115 -15.93 -45.24 22 -254 -19
61.57 -2.05 126 5 70 -26.08 -44.78 64 141 -107 -16.12 -44.04 -21 -467 250
61.40 -2.26 579 -106 244 -26.09 -44.78 59 136 -95 -16.30 -42.57 -27 -427 242
61.17 -2.32 884 -196 320 -26.08 -44.80 67 127 -85 -16.49 -40.83 -91 48 -93
60.77 -2.26 831 -176 207 -26.09 -44.82 58 136 -92 -16.69 -38.86 40 821 -771
60.28 -2.17 496 -81 62 -26.10 -44.83 54 138 -87 -16.92 -36.99 814 2119 -2535
59.80 -2.15 340 -17 25 -26.10 -44.84 39 154 -89 -17.67 -36.59 822 2012 -2584
59.31 -2.20 309 -10 91 -26.10 -44.89 17 97 -32 -17.72 -37.43 -876 -858 610
58.64 -2.31 -32 110 4 -26.11 -44.91 42 96 68 -17.84 -36.79 -503 -1204 143
57.80 -2.56 -657 485 -305 -26.15 -44.99 72 130 153 -17.92 -36.28 -339 -1355 240
