61.43 -1.26 135 -8 106 -26.79 -46.71 99 87 -43 -16.55 -48.60 6 66 -26
61.44 -1.26 131 13 84 -26.81 -46.70 93 73 -29 -16.52 -48.58 8 85 -25
61.45 -1.27 157 10 96 -26.88 -46.63 17 36 87 -16.50 -48.56 -7 52 -12
61.45 -1.28 170 -4 124 -26.93 -46.59 51 -95 303 -16.48 -48.53 -3 40 -23
61.45 -1.28 150 -9 103 -26.97 -46.53 -69 -682 971 -16.45 -48.49 21 23 -12
61.44 -1.29 146 -15 94 -27.26 -46.16 -488 -1268 1225 -16.42 -48.44 75 -51 33
61.42 -1.33 117 -7 90 -27.68 -45.64 -737 -1189 770 -16.40 -48.32 26 -112 99
61.39 -1.38 129 -13 94 -28.10 -45.22 -549 -487 74 -16.38 -47.99 -200 -225 392
61.37 -1.43 140 -14 105 -28.57 -44.73 -202 591 -523 -16.25 -47.12 -24 -56 86
61.35 -1.45 155 17 71 -29.07 -44.02 143 1526 -813 -16.22 -46.10 -32 -145 112
61.35 -1.47 220 16 99 -29.53 -43.11 560 2132 -861 -16.21 -44.59 -12 -611 385
61.31 -1.51 229 -9 139 -29.83 -42.31 1575 2681 -1143 -16.33 -42.48 -152 -725 301
61.22 -1.56 115 5 137 -29.97 -42.33 2337 2832 -1820 -16.50 -40.10 -163 -191 -349
61.14 -1.62 165 14 127 -29.61 -43.70 640 -405 -653 -16.61 -37.77 -116 347 -705
61.04 -1.72 325 -104 205 -29.67 -44.11 -1545 -2511 140 -16.49 -35.43 -7 1071 -1224
60.81 -1.80 572 -205 294 -29.74 -43.71 -1033 -1909 91 -16.35 -33.43 602 2509 -3001
60.45 -1.80 762 -272 330 -29.68 -43.10 506 -817 -71 -16.75 -33.37 1740 4055 -5621
59.89 -1.77 492 -222 178 -29.78 -42.41 714 -367 -244 -17.32 -36.10 81 888 -1884
59.06 -1.94 -321 15 -96 -30.02 -41.42 377 -464 -412 -16.29 -36.85 -637 -1243 -589
58.16 -2.42 -1205 507 -460 -30.16 -40.57 -33 -740 -451 -15.86 -37.09 -494 -1356 -688
