56.57 -5.41 -531 419 -715 -29.21 -33.85 1673 566 -535 -12.04 -53.46 444 -560 -940
56.14 -6.15 -222 391 -597 -29.24 -34.64 163 -1073 1194 -12.37 -52.99 -9 -710 -920
55.79 -7.20 860 -262 619 -29.32 -34.79 119 -1172 587 -12.70 -52.70 -385 -866 -672
55.60 -7.88 1387 -764 1482 -29.24 -35.19 160 -987 -30 -12.74 -52.44 -26 -360 -612
55.46 -8.09 1306 -823 1463 -28.93 -35.70 -52 -797 -136 -12.85 -52.27 164 -311 -328
55.32 -7.88 1055 -629 948 -28.61 -36.17 -80 -551 -81 -12.88 -52.11 315 -85 -124
55.28 -7.58 509 -315 79 -28.46 -36.44 50 -385 -40 -12.83 -51.74 100 386 -83
55.28 -7.41 42 -220 -513 -28.55 -36.43 240 -354 -151 -12.59 -51.21 73 861 -255
55.40 -7.23 -121 -295 -680 -28.83 -36.11 235 -637 -101 -12.25 -50.83 344 1154 -488
55.65 -6.89 -233 -488 -562 -29.16 -35.61 377 -846 -269 -12.06 -50.64 368 1107 -571
56.02 -6.57 -273 -694 -221 -29.52 -34.60 -443 -1486 131 -12.06 -50.71 311 769 -480
56.67 -6.27 246 -760 182 -29.54 -34.40 347 -495 -762 -12.33 -50.80 148 374 -242
57.21 -5.89 251 -540 185 -29.73 -33.66 -371 -861 96 -12.67 -50.92 -85 399 32
57.76 -5.50 601 -391 211 -29.83 -33.06 584 -108 -534 -13.00 -50.86 -234 637 122
58.24 -5.04 301 -145 -67 -29.76 -33.02 700 424 -768 -13.36 -50.79 -281 810 191
58.66 -4.79 -62 37 -243 -29.58 -33.39 792 919 -1106 -13.56 -50.93 -289 1009 50
59.06 -4.68 -113 82 -163 -29.28 -34.30 977 1199 -1133 -13.79 -51.18 -86 739 131
59.39 -4.54 13 123 -31 -28.91 -35.63 849 1206 -992 -13.81 -51.48 -24 282 232
59.59 -4.37 298 70 170 -28.52 -37.18 386 731 -257 -13.83 -51.79 139 -47 285
59.71 -4.06 356 128 223 -28.39 -37.81 -682 -116 908 -13.96 -52.04 12 -197 326
