61.82 -1.43 153 4 92 -27.32 -45.52 3 168 108 -15.90 -48.47 27 27 1
61.83 -1.42 164 -22 90 -27.20 -46.69 -6 124 119 -15.92 -48.35 44 -19 27
61.81 -1.42 132 -37 93 -27.05 -47.60 44 172 168 -15.99 -48.23 -29 24 12
61.80 -1.42 129 -24 92 -26.86 -48.66 61 -125 475 -16.06 -48.06 -31 180 -15
61.80 -1.42 129 -24 92 -26.86 -48.66 61 -125 475 -16.06 -48.06 -31 180 -15
61.80 -1.42 129 -24 92 -26.86 -48.66 61 -125 475 -16.06 -48.06 -31 180 -15
61.73 -1.44 192 -1 103 -27.39 -49.24 -850 -1791 678 -16.38 -45.95 -135 -31 -57
61.69 -1.45 175 -12 121 -27.98 -48.58 -462 -829 -55 -16.43 -44.90 -57 37 -201
61.63 -1.49 156 -38 112 -28.46 -47.84 172 528 -537 -16.51 -43.81 54 39 -320
61.54 -1.55 29 -4 58 -28.88 -46.88 518 1662 -714 -16.58 -42.65 39 -419 12
61.45 -1.66 62 -10 84 -29.32 -45.60 693 2247 -747 -16.56 -41.18 -101 -1098 501
61.31 -1.79 121 -26 134 -29.66 -44.39 1163 2720 -746 -16.55 -39.15 -207 -1588 750
61.15 -1.87 178 2 104 -29.78 -43.58 2194 3479 -1084 -16.67 -36.78 -210 -1474 492
60.94 -1.94 164 59 14 -29.73 -43.58 2390 1805 -1396 -16.74 -34.45 -54 -637 -297
60.74 -2.04 252 29 47 -29.62 -44.34 -700 -2430 344 -16.63 -32.40 195 515 -1220
60.57 -2.09 582 -108 219 -29.94 -43.87 -2508 -3097 218 -16.62 -30.68 759 2115 -3068
60.41 -1.96 985 -268 387 -30.03 -42.74 -700 -1729 -119 -17.48 -30.90 1772 4190 -5767
60.16 -1.68 1025 -343 378 -30.04 -41.66 746 -445 -451 -18.50 -34.05 2232 4786 -6535
59.81 -1.40 450 -267 145 -30.33 -40.40 856 -35 -653 -18.59 -37.15 -2018 -601 -167
59.28 -1.33 -474 -36 -173 -30.73 -39.06 398 -137 -672 -18.06 -37.29 -1424 -1286 -489
