62.41 -1.87 125 5 97 -28.33 -42.89 74 136 -114 -16.07 -48.66 -7 33 -27
62.41 -1.87 125 5 97 -28.33 -42.89 74 136 -114 -16.07 -48.66 -7 33 -27
62.42 -1.88 167 -8 99 -28.33 -42.90 69 134 -130 -16.03 -48.66 13 34 -12
62.43 -1.88 165 -14 93 -28.32 -42.90 72 133 -129 -16.02 -48.66 26 22 -10
62.42 -1.87 160 -20 93 -28.31 -42.90 74 136 -118 -16.02 -48.65 22 10 -8
62.42 -1.87 160 -20 93 -28.31 -42.90 74 136 -118 -16.02 -48.65 22 10 -8
62.41 -1.87 154 -20 104 -28.30 -42.91 78 135 -112 -16.03 -48.62 -13 -40 44
62.42 -1.86 179 -16 100 -28.30 -42.91 84 137 -102 -16.04 -48.58 6 -77 39
62.42 -1.86 191 -21 97 -28.30 -42.91 87 135 -109 -16.03 -48.52 -25 -241 112
62.42 -1.85 163 -30 95 -28.30 -42.92 87 132 -118 -16.03 -48.37 -104 -532 315
62.41 -1.84 150 -36 98 -28.29 -42.92 69 127 -115 -15.95 -47.96 -64 -1021 548
62.40 -1.83 169 -39 103 -28.29 -42.92 64 119 -122 -15.96 -47.39 -10 -1062 471
62.39 -1.81 219 -68 148 -28.29 -42.92 64 125 -129 -16.01 -46.66 -120 -911 399
62.37 -1.77 277 -91 173 -28.29 -42.91 77 130 -117 -16.01 -45.85 -143 -127 -107
62.36 -1.68 382 -84 177 -28.29 -42.91 74 135 -109 -15.94 -45.24 59 1144 -866
62.38 -1.54 516 -63 199 -28.29 -42.91 72 128 -119 -16.06 -45.23 761 3371 -2531
62.45 -1.32 777 -53 217 -28.28 -42.91 72 128 -123 -16.76 -46.71 1393 5118 -3784
62.48 -1.02 740 -128 195 -28.29 -42.90 71 131 -122 -17.18 -49.34 227 1762 -872
62.45 -0.69 384 -126 89 -28.28 -42.89 74 130 -116 -16.46 -50.59 -1624 -1551 1455
62.36 -0.44 -166 -48 -15 -28.28 -42.89 82 126 -119 -15.51 -51.03 -824 -1148 433
