62.88 -1.36 174 -25 126 -27.08 -43.71 29 -18 79 -15.47 -51.59 -2 16 -10
62.87 -1.35 148 -33 98 -27.02 -44.20 -315 -370 309 -15.46 -51.54 -3 1 -15
62.86 -1.35 136 -34 103 -27.03 -44.01 -401 -673 510 -15.47 -51.50 1 -21 -15
62.85 -1.35 156 -36 116 -27.02 -43.65 -361 -781 540 -15.47 -51.46 -3 -21 -22
62.85 -1.34 146 -25 100 -27.13 -43.20 -250 -730 422 -15.47 -51.41 -32 -85 13
62.84 -1.33 165 -27 111 -27.30 -42.79 -88 -432 123 -15.44 -51.33 -82 -181 60
62.84 -1.33 190 -31 110 -27.46 -42.39 104 80 -237 -15.46 -51.11 -166 -363 130
62.82 -1.31 191 -19 89 -27.52 -42.08 243 585 -520 -15.42 -50.83 -55 -488 143
62.81 -1.29 190 -16 79 -27.50 -41.79 293 890 -607 -15.42 -50.42 -103 -775 326
62.81 -1.28 183 -13 89 -27.45 -41.47 320 1127 -619 -15.39 -49.78 -81 -963 432
62.82 -1.25 227 -28 111 -27.40 -41.23 516 1639 -814 -15.44 -48.87 -18 -795 193
62.82 -1.19 313 -44 134 -27.22 -41.17 1257 2198 -836 -15.59 -48.09 102 -119 -319
62.82 -1.11 371 -100 201 -27.12 -41.24 1595 1820 -1195 -15.77 -47.69 150 464 -576
62.82 -0.95 436 -92 175 -27.05 -42.04 389 -338 -488 -15.83 -47.61 190 828 -593
62.86 -0.73 583 -131 216 -27.27 -42.40 -1162 -1696 387 -15.83 -47.67 181 1407 -857
62.87 -0.46 659 -134 199 -27.39 -42.08 -840 -1404 350 -16.00 -48.13 595 2892 -1977
62.83 -0.15 532 -153 178 -27.40 -41.75 133 -387 -217 -16.60 -49.79 1388 4549 -3186
62.77 0.19 272 -138 118 -27.46 -41.63 253 14 -368 -17.24 -52.66 733 1960 -746
62.67 0.47 -117 -63 -5 -27.54 -41.56 -47 -45 -232 -16.76 -53.67 -1431 -1470 1764
62.61 0.65 -430 42 -97 -27.59 -41.39 -249 -168 -97 -16.07 -53.94 -761 -1240 611
