63.19 -1.37 170 -22 112 -26.87 -43.82 -7 -198 76 -15.49 -51.94 23 14 -12
63.18 -1.35 172 -24 98 -26.98 -43.40 -190 -520 230 -15.51 -51.91 16 -35 4
63.17 -1.35 167 -35 100 -27.11 -42.71 -288 -814 415 -15.54 -51.86 -33 -86 24
63.17 -1.35 167 -35 100 -27.11 -42.71 -288 -814 415 -15.54 -51.86 -33 -86 24
63.17 -1.33 164 -7 93 -27.60 -40.92 -68 -353 -96 -15.55 -51.67 -5 -219 113
63.17 -1.33 174 -1 87 -27.77 -40.11 5 -89 -273 -15.57 -51.50 18 -114 7
63.17 -1.32 184 -4 97 -27.88 -39.21 -59 -34 -256 -15.60 -51.34 17 -384 147
63.16 -1.31 213 -16 111 -27.99 -38.24 -10 151 -388 -15.62 -51.04 -68 -689 249
63.14 -1.28 215 -33 145 -28.04 -37.38 209 638 -668 -15.70 -50.56 -121 -845 304
63.14 -1.24 274 -30 141 -27.99 -36.82 630 1347 -1071 -15.86 -49.87 -137 -612 125
63.12 -1.17 229 -14 92 -27.85 -36.75 1240 2188 -1287 -15.99 -49.21 -47 -268 -66
63.13 -1.10 255 -7 100 -27.75 -37.15 1705 2773 -1467 -16.04 -48.62 -50 -51 -129
63.12 -1.03 320 -45 122 -27.52 -38.33 1804 945 -1280 -16.03 -48.05 -148 126 -194
63.12 -0.91 473 -133 207 -27.44 -39.84 -762 -1541 588 -15.92 -47.51 -221 486 -390
63.10 -0.69 613 -205 269 -27.59 -39.85 -1879 -2284 1304 -15.77 -47.08 82 1467 -1060
63.03 -0.37 622 -226 265 -27.63 -39.20 -474 -1036 344 -16.07 -47.26 986 3875 -3077
62.90 0.03 355 -162 139 -27.68 -38.94 470 143 -584 -17.01 -49.29 1545 5211 -3913
62.81 0.40 46 -89 22 -27.81 -38.92 360 304 -550 -17.42 -52.47 800 1594 -287
62.77 0.67 -93 -54 9 -27.97 -38.83 -111 185 -453 -16.71 -53.36 -1005 -929 864
62.73 0.88 -185 -28 18 -28.01 -38.71 -257 41 -411 -16.02 -53.93 -587 -954 66
