62.47 2.37 -924 80 -354 -25.92 -43.86 6 46 -81 -14.88 -52.08 33 3 -1
62.40 2.45 -1434 317 -468 -25.86 -43.89 41 -56 10 -14.90 -52.12 29 1 13
62.43 2.11 -1470 461 -475 -25.84 -43.88 -61 -180 94 -14.88 -52.17 26 -34 43
62.48 1.44 -1545 534 -560 -25.82 -43.71 -48 -327 170 -14.92 -52.20 27 -22 26
62.57 0.51 -1102 609 -388 -25.82 -43.43 -73 -535 298 -15.00 -52.32 79 147 -181
63.19 -0.19 1351 -324 972 -25.88 -42.99 -259 -875 458 -15.12 -52.67 -23 33 3
63.31 -0.11 1835 -767 1241 -25.88 -42.42 -295 -1023 376 -15.17 -52.97 45 -9 -16
63.11 0.36 1162 -639 564 -25.89 -41.91 -179 -719 119 -15.25 -53.40 73 -72 -10
62.89 0.84 107 -361 -166 -25.94 -41.57 27 9 -312 -15.32 -53.99 39 -56 -21
62.91 1.05 -39 -99 -408 -25.89 -41.35 277 895 -674 -15.34 -54.86 64 -118 -34
63.01 1.05 318 -189 -28 -25.72 -41.18 650 1672 -876 -15.31 -55.98 51 -424 177
62.89 1.18 366 -264 215 -25.55 -41.18 863 2272 -1105 -15.23 -57.10 -122 -1117 587
62.72 1.42 110 -208 301 -25.39 -41.49 1189 2618 -1122 -15.15 -58.00 -234 -1331 539
62.68 1.68 -287 65 53 -25.32 -42.01 1395 2473 -1459 -15.27 -58.80 -187 -713 283
62.69 1.72 -507 305 -209 -25.08 -43.39 445 -129 -493 -15.39 -59.54 -218 361 59
62.80 1.57 -502 348 -255 -25.10 -43.95 -2135 -2338 1149 -15.25 -60.36 -78 1363 35
62.93 1.32 -436 288 -208 -25.02 -43.30 -1505 -2022 903 -14.91 -61.28 -32 2720 -341
62.93 1.32 -436 288 -208 -25.02 -43.30 -1505 -2022 903 -14.91 -61.28 -32 2720 -341
63.18 0.68 49 70 83 -24.89 -42.54 399 -153 -331 -13.15 -53.01 181 124 -632
63.29 0.44 147 3 162 -24.96 -42.34 204 -241 -110 -13.21 -52.93 29 -341 -297
