63.89 -1.21 161 -15 78 -25.46 -43.23 65 139 -123 -13.72 -53.00 23 -9 -11
63.90 -1.20 181 2 66 -25.46 -43.23 65 133 -127 -13.71 -53.07 32 -24 6
63.90 -1.20 181 2 66 -25.46 -43.23 65 133 -127 -13.71 -53.07 32 -24 6
63.90 -1.20 181 2 66 -25.46 -43.23 65 133 -127 -13.71 -53.07 32 -24 6
63.89 -1.17 165 -12 104 -25.45 -43.24 65 123 -113 -14.01 -53.85 6 -8 -7
63.88 -1.16 155 -18 105 -25.45 -43.24 61 124 -117 -14.12 -54.36 49 -2 -32
63.87 -1.15 162 -7 82 -25.45 -43.24 61 126 -110 -14.23 -55.06 65 57 -140
63.88 -1.13 187 11 69 -25.46 -43.24 58 122 -112 -14.33 -55.91 -12 42 -20
63.90 -1.10 225 5 87 -25.45 -43.24 61 119 -119 -14.31 -56.84 -37 2 2
63.89 -1.08 195 5 96 -25.45 -43.23 68 120 -116 -14.30 -57.77 -57 -385 199
63.89 -1.04 195 -30 124 -25.45 -43.22 67 117 -110 -14.36 -58.53 -163 -903 399
63.89 -0.99 266 -41 138 -25.45 -43.22 66 121 -113 -14.42 -58.97 -241 -1474 632
63.89 -0.89 310 -30 136 -25.45 -43.22 66 124 -112 -14.57 -59.15 -81 -985 388
63.87 -0.77 299 -57 133 -25.44 -43.23 67 129 -120 -14.87 -59.29 -41 -26 62
63.86 -0.65 278 -104 148 -25.43 -43.24 68 124 -130 -15.00 -59.75 50 1240 -467
63.85 -0.49 378 -152 182 -25.44 -43.24 61 121 -126 -15.09 -61.11 317 2943 -1234
63.81 -0.26 582 -189 205 -25.42 -43.25 68 115 -122 -15.18 -63.53 536 3979 -1217
63.77 0.10 879 -240 267 -25.40 -43.27 73 113 -128 -15.28 -66.27 801 4555 -949
63.73 0.65 1151 -301 360 -25.39 -43.30 65 122 -115 -14.94 -68.99 -408 1101 1943
63.58 1.37 945 -346 299 -25.36 -43.34 43 86 -114 -14.10 -70.16 -587 -2 1413
