64.67 -1.15 156 -12 96 -25.56 -42.49 -70 -239 80 -14.46 -52.22 23 -57 27
64.67 -1.14 180 -12 101 -25.64 -42.16 -88 -263 3 -14.51 -52.32 165 -8 -171
64.66 -1.13 170 -20 100 -25.69 -41.98 -55 -186 -83 -14.63 -52.78 83 -145 -55
64.65 -1.12 171 -13 101 -25.66 -41.88 -133 -393 78 -14.79 -53.37 103 -51 -99
64.66 -1.09 165 -7 92 -25.60 -41.65 -180 -476 46 -14.91 -54.16 60 -42 -18
64.67 -1.07 148 -2 84 -25.50 -41.49 -98 -328 -30 -14.94 -55.08 25 -15 44
64.68 -1.06 196 -16 105 -25.45 -41.32 69 48 -134 -14.95 -56.07 10 -100 109
64.68 -1.04 224 -18 114 -25.43 -41.10 268 716 -442 -15.01 -57.18 -60 -92 49
64.68 -1.00 278 -16 123 -25.35 -40.98 600 1578 -791 -15.12 -58.54 -42 -65 74
64.68 -0.93 378 -32 110 -25.22 -41.16 1239 2390 -877 -15.16 -59.95 -108 -357 323
64.68 -0.82 432 -70 111 -25.21 -41.60 1572 2899 -1359 -15.17 -61.14 -201 -622 455
64.65 -0.66 342 -57 70 -24.88 -42.86 1669 1178 -1224 -15.21 -62.03 -249 -402 379
64.64 -0.50 312 -65 84 -24.82 -44.36 -1329 -1441 687 -15.27 -62.76 -272 182 220
64.60 -0.32 328 -84 130 -24.83 -44.29 -2478 -2408 1528 -15.13 -63.56 -204 1180 -20
64.56 -0.10 417 -129 186 -24.71 -43.54 -782 -1266 404 -14.89 -64.71 170 2799 -436
64.51 0.17 462 -169 210 -24.66 -43.22 340 -387 -477 -14.72 -66.47 750 4273 -738
64.42 0.50 471 -170 171 -24.83 -42.96 271 -285 -457 -14.70 -68.76 547 3619 -194
64.33 0.89 572 -207 206 -25.15 -42.52 27 -233 -526 -14.43 -70.95 -1255 372 2125
64.24 1.37 698 -241 245 -25.45 -42.02 -180 -45 -525 -13.96 -71.34 -382 -579 981
64.06 1.93 470 -213 165 -25.68 -41.40 -425 -96 -379 -13.76 -71.81 -273 -726 227
