63.26 -1.60 416 10 121 -25.19 -44.64 -85 82 124 -13.58 -55.93 -286 1107 -407
62.57 -1.75 265 6 -33 -25.14 -44.73 -73 176 74 -13.17 -55.34 -308 1824 -1051
61.90 -1.94 104 79 -212 -25.14 -44.77 30 382 118 -12.84 -55.47 -604 488 -837
61.27 -2.14 258 98 -250 -25.26 -44.07 208 388 539 -12.79 -55.55 -1140 -1463 -511
60.61 -2.35 424 92 -219 -25.73 -43.03 -244 366 202 -12.78 -55.31 -1256 -2312 -185
59.88 -2.58 495 111 -130 -26.05 -42.12 23 248 83 -12.68 -54.82 -674 -1487 -452
59.06 -2.86 527 226 -138 -26.38 -41.22 310 190 -76 -12.61 -54.27 162 -395 -951
58.30 -3.14 476 460 -231 -26.76 -40.40 212 237 -282 -12.72 -53.70 650 260 -1296
57.47 -3.37 -286 819 -662 -27.08 -39.69 317 396 -522 -13.15 -53.05 792 366 -1414
56.84 -3.83 -792 891 -964 -27.34 -39.22 276 506 -625 -13.77 -52.38 544 207 -1304
56.59 -4.69 -467 279 -276 -27.54 -38.93 136 381 -499 -14.48 -51.74 -34 70 -1126
56.68 -5.55 582 -646 967 -27.59 -38.43 -183 2 -14 -14.93 -51.45 -418 -253 -730
56.96 -5.81 1627 -1218 1399 -27.65 -37.49 -296 -311 377 -15.21 -51.26 -453 -374 -606
57.03 -5.49 1245 -1206 835 -27.82 -36.04 -379 -275 279 -15.48 -51.31 -658 -418 -328
57.05 -5.02 562 -955 13 -28.02 -34.07 75 136 -351 -15.53 -51.41 -611 -200 -167
57.12 -4.72 -66 -733 -513 -28.19 -32.19 539 924 -1470 -15.33 -51.51 -432 211 -156
57.32 -4.50 -225 -605 -629 -27.91 -31.98 2324 2110 -2852 -14.96 -51.58 -121 673 -242
57.63 -4.23 -150 -694 -397 -27.60 -33.16 524 217 -816 -14.49 -51.65 425 789 -183
57.74 -3.95 -262 -640 -67 -27.14 -34.57 -310 -1648 586 -14.09 -51.65 807 727 -174
58.06 -3.62 287 -667 303 -26.58 -35.40 -171 -1492 -91 -14.03 -51.63 860 634 -91
