62.64 0.07 -103 146 68 -26.20 -41.23 -22 155 -19 -16.42 -52.48 49 -1186 486
62.43 -0.16 -262 206 27 -26.15 -41.32 68 184 38 -16.23 -50.52 403 -41 -150
62.20 -0.51 -128 85 149 -26.12 -41.42 26 233 137 -15.95 -48.49 649 1317 -894
61.82 -0.91 108 -80 287 -26.11 -41.53 -35 244 187 -15.56 -46.46 602 2314 -1608
61.35 -1.22 427 -136 284 -26.05 -41.75 -33 260 194 -15.11 -44.89 311 2820 -2289
60.79 -1.42 832 -228 368 -25.99 -42.03 -23 297 154 -14.38 -44.58 278 1695 -2031
60.13 -1.52 943 -169 301 -26.03 -42.27 -83 402 12 -14.22 -45.06 -973 -1844 -161
59.42 -1.58 796 -44 133 -26.26 -42.01 -239 370 65 -14.32 -44.97 -1546 -2828 437
58.76 -1.69 500 93 -44 -26.49 -41.36 -69 215 234 -14.26 -44.55 -1007 -1665 -119
58.06 -1.98 105 225 -260 -26.83 -40.55 141 280 60 -14.14 -44.22 -138 -425 -767
57.25 -2.41 -468 537 -803 -27.30 -39.77 97 195 -138 -14.23 -44.21 514 -64 -898
56.44 -3.12 -996 709 -1204 -27.71 -38.96 215 -29 -132 -14.55 -44.37 724 -281 -712
55.69 -4.06 -1133 838 -1329 -28.17 -38.07 58 -302 -132 -15.16 -44.52 191 -574 -389
55.69 -4.06 -1133 838 -1329 -28.17 -38.07 58 -302 -132 -15.16 -44.52 191 -574 -389
54.94 -6.34 798 -299 868 -29.30 -35.97 1475 1881 -1445 -16.42 -44.92 -597 -1067 60
55.10 -6.69 2295 -1163 1749 -28.73 -38.33 921 1564 -710 -16.72 -45.10 -139 -255 -298
54.92 -6.32 1407 -1066 1063 -28.33 -40.28 -1047 419 933 -17.10 -45.51 -233 319 -433
54.75 -5.94 608 -753 283 -28.29 -40.13 -1015 84 1246 -17.18 -46.12 -178 917 -667
54.91 -5.68 341 -457 -225 -28.15 -40.47 -675 459 578 -17.05 -46.96 -63 1254 -673
55.15 -5.32 376 -368 -309 -28.01 -40.52 -431 508 509 -16.69 -47.95 91 1268 -503
