61.89 1.72 152 -4 73 -26.29 -43.03 -414 215 427 -16.28 -53.00 55 41 69
61.90 1.81 108 17 70 -26.80 -41.49 154 612 -280 -16.38 -53.09 31 57 96
61.91 1.85 94 36 73 -27.05 -41.01 170 456 -301 -16.43 -53.22 80 90 107
61.93 1.87 98 28 90 -27.32 -40.49 74 169 -216 -16.53 -53.40 8 52 171
61.95 1.87 101 1 116 -27.61 -39.93 123 41 -114 -16.58 -53.64 138 42 225
61.95 1.89 126 -16 130 -27.92 -39.28 260 18 -51 -16.70 -53.89 203 88 275
61.95 1.90 153 -16 144 -28.23 -38.63 439 -2 -208 -16.89 -54.13 113 344 351
61.94 1.94 144 19 110 -28.57 -37.98 276 -121 -364 -16.99 -54.46 38 349 324
61.96 1.98 121 48 97 -28.89 -37.30 -15 -327 -391 -17.02 -54.92 -9 338 335
61.97 2.00 99 34 107 -29.12 -36.50 -161 -505 -236 -17.08 -55.30 -105 261 254
61.96 2.02 3 65 119 -29.36 -35.49 -320 -623 -226 -17.11 -55.71 -97 113 168
61.98 2.01 90 56 173 -29.56 -34.21 -353 -558 -294 -17.13 -56.13 22 -36 239
61.96 2.02 143 121 129 -29.65 -32.79 -27 -225 -389 -16.94 -56.54 237 -294 314
61.94 2.03 238 120 104 -29.71 -31.25 515 263 -702 -16.83 -56.79 32 -587 381
61.85 1.98 157 104 70 -29.81 -29.73 1293 891 -1305 -16.82 -56.72 -107 -519 179
61.59 1.78 -158 92 51 -29.84 -29.16 2814 2176 -2675 -16.82 -56.45 -160 -703 130
61.30 1.53 -243 116 67 -29.59 -31.14 3224 2170 -2701 -16.80 -55.84 -222 -1030 205
60.98 1.18 -289 115 55 -29.87 -32.73 -1610 -1370 1191 -16.76 -54.72 -270 -1135 118
60.64 0.84 -156 121 48 -29.77 -33.12 -885 -1695 864 -16.70 -53.22 -154 -804 -182
60.33 0.53 116 100 90 -29.49 -33.76 -656 -1510 426 -16.58 -51.63 128 -108 -522
