63.04 -2.24 129 -22 88 -26.95 -41.01 87 133 -139 -14.91 -50.30 41 352 -260
63.05 -2.24 137 -32 94 -26.96 -41.00 89 134 -146 -14.92 -50.40 92 347 -242
63.05 -2.26 177 -42 103 -26.97 -40.99 76 95 -110 -14.95 -50.55 45 199 -172
63.03 -2.26 189 -51 107 -26.98 -40.96 81 94 -120 -14.96 -50.71 11 65 -67
63.01 -2.25 160 -42 103 -27.00 -40.93 86 116 -132 -14.97 -50.82 15 -24 30
63.01 -2.24 131 -15 83 -27.01 -40.90 95 137 -130 -14.95 -50.88 26 -28 64
63.01 -2.23 145 4 77 -27.01 -40.89 72 102 -88 -14.93 -50.92 13 -24 56
63.02 -2.23 160 -2 74 -27.02 -40.83 56 38 -45 -14.93 -50.95 5 -32 45
63.03 -2.22 215 -29 93 -27.05 -40.74 27 9 -40 -14.93 -50.95 -11 -2 7
63.03 -2.22 215 -29 93 -27.05 -40.74 27 9 -40 -14.93 -50.95 -11 -2 7
63.01 -2.19 209 -33 66 -27.14 -40.39 103 87 -131 -14.88 -50.97 6 2 1
63.00 -2.18 184 -31 84 -27.18 -40.24 -38 -66 37 -14.85 -50.97 6 -3 5
63.00 -2.18 184 -31 84 -27.18 -40.24 -38 -66 37 -14.85 -50.97 6 -3 5
63.01 -2.13 573 -34 163 -27.42 -38.51 -605 -938 961 -14.79 -50.98 19 35 -7
62.96 -2.05 367 -85 197 -27.62 -37.36 470 692 -645 -14.76 -50.98 39 35 -3
62.82 -2.09 -518 259 -141 -27.71 -37.79 3991 4424 -4464 -14.76 -50.98 54 20 -4
62.82 -2.09 -518 259 -141 -27.71 -37.79 3991 4424 -4464 -14.76 -50.98 54 20 -4
61.96 -3.32 -1804 802 -850 -27.25 -42.20 -1014 -612 751 -14.82 -50.95 51 13 -9
61.74 -4.25 -119 805 -264 -27.11 -42.70 -756 -982 445 -14.85 -50.94 46 34 -9
62.13 -4.78 1786 -187 895 -26.86 -43.16 -409 -798 118 -14.87 -50.93 53 25 6
