61.09 1.60 236 -41 158 -26.90 -41.10 56 146 -79 -17.47 -51.07 5 41 -25
61.04 1.62 223 -36 125 -26.88 -41.18 39 160 -98 -17.48 -51.07 18 56 -16
61.02 1.65 272 -19 99 -26.87 -41.26 71 121 -74 -17.49 -51.07 25 49 -9
61.01 1.67 351 -60 167 -26.85 -41.34 74 121 -100 -17.49 -51.08 14 34 -10
60.96 1.73 360 -93 200 -26.85 -41.40 73 99 -100 -17.50 -51.08 -15 46 -7
60.96 1.73 360 -93 200 -26.85 -41.40 73 99 -100 -17.50 -51.08 -15 46 -7
60.92 1.96 109 8 134 -26.89 -41.45 81 25 -11 -17.45 -51.08 16 44 8
60.85 2.00 -172 236 64 -26.94 -41.47 76 -15 59 -17.43 -51.09 55 34 8
60.72 1.88 -821 584 -134 -27.05 -41.34 -115 -237 307 -17.44 -51.09 22 25 25
60.63 1.40 -1404 783 -599 -27.21 -40.92 -442 -625 700 -17.43 -51.11 -5 -23 31
60.49 0.49 -2055 831 -1025 -27.41 -40.22 -293 -625 533 -17.43 -51.16 -26 8 2
60.54 -0.74 -819 617 -376 -27.58 -39.44 -123 -539 371 -17.43 -51.22 -16 -15 16
60.54 -0.74 -819 617 -376 -27.58 -39.44 -123 -539 371 -17.43 -51.22 -16 -15 16
61.19 -1.54 2222 -937 1055 -28.07 -37.55 -121 700 -983 -17.48 -51.29 21 -146 83
60.81 -1.20 1098 -625 208 -28.05 -37.18 1208 2133 -1997 -17.44 -51.32 175 -355 206
60.79 -0.99 572 -397 -50 -27.87 -38.57 3145 4226 -4062 -17.41 -51.40 18 -413 274
60.82 -0.84 733 -292 87 -27.17 -42.33 942 2639 -1958 -17.48 -51.31 39 -419 218
60.88 -0.57 999 -382 313 -26.92 -43.34 -1622 -1383 1662 -17.63 -51.11 -12 -628 344
60.99 -0.03 1175 -501 507 -26.62 -43.79 -742 -1646 706 -17.85 -50.72 -63 -689 378
60.99 0.64 107 -395 157 -26.56 -44.05 -110 -1318 141 -18.03 -50.15 -231 -450 319
