61.97 0.95 471 -72 174 -27.51 -42.70 102 88 -90 -17.91 -48.27 -206 1273 -135
61.95 1.10 436 -92 173 -27.54 -42.67 78 86 -87 -17.40 -48.00 57 2399 -608
61.89 1.26 279 -105 141 -27.58 -42.62 97 85 -99 -16.63 -48.22 474 3187 -1191
61.81 1.38 72 -56 66 -27.62 -42.55 52 7 -31 -15.88 -48.92 71 2235 -1754
61.74 1.45 -36 -53 95 -27.66 -42.42 1 -105 128 -15.99 -50.01 -627 -1810 264
61.73 1.53 -30 -8 96 -27.66 -42.14 -183 -474 472 -15.87 -50.00 -910 -3134 1017
61.74 1.62 13 35 78 -27.83 -41.61 -240 -506 340 -15.63 -49.45 -379 -1766 207
61.75 1.67 27 89 27 -27.97 -41.08 -73 -293 85 -15.47 -49.10 200 -882 -239
61.67 1.64 -142 168 2 -28.15 -40.51 -50 -93 -120 -15.55 -48.83 270 -537 -293
61.57 1.46 -558 409 -108 -28.35 -39.83 -154 9 -259 -15.74 -48.66 158 -658 -217
61.45 1.04 -1189 778 -322 -28.50 -39.07 -57 29 -287 -16.22 -48.53 -72 -1004 -110
61.31 0.22 -1735 862 -742 -28.61 -38.32 80 14 -276 -16.47 -48.28 111 -72 -401
61.06 -1.10 -1939 705 -819 -28.74 -37.61 106 101 -346 -16.89 -48.20 -152 748 -575
61.57 -2.32 1271 -275 727 -28.85 -36.85 142 280 -482 -16.98 -48.38 174 1193 -480
61.89 -2.64 2684 -1116 1469 -28.98 -36.02 491 893 -868 -16.95 -48.70 226 1407 -399
61.48 -2.29 1564 -862 626 -29.12 -35.67 1677 2356 -2063 -16.75 -49.20 298 1361 -305
61.30 -1.93 612 -471 -50 -29.00 -37.36 3142 4302 -3982 -16.50 -49.71 311 1001 -101
61.42 -1.72 645 -293 -75 -28.27 -41.43 1071 2539 -1855 -16.20 -50.18 171 474 135
61.48 -1.49 981 -275 146 -28.04 -42.73 -1586 -1362 1883 -15.94 -50.51 43 45 238
61.59 -1.01 1176 -348 354 -27.70 -43.24 -659 -1681 738 -15.86 -50.71 -95 -161 145
