62.19 0.62 148 5 89 -26.87 -42.70 68 110 -112 -16.60 -51.73 -14 31 -15
62.19 0.63 144 10 81 -26.88 -42.67 78 122 -126 -16.59 -51.71 2 31 -3
62.19 0.63 128 7 80 -26.89 -42.64 72 115 -126 -16.58 -51.70 2 19 -13
62.20 0.62 130 4 87 -26.90 -42.63 57 103 -106 -16.57 -51.67 -13 28 -23
62.20 0.62 130 4 87 -26.90 -42.63 57 103 -106 -16.57 -51.67 -13 28 -23
62.22 0.61 165 -21 101 -26.91 -42.55 77 81 -75 -16.55 -51.62 29 41 -25
62.21 0.60 138 -23 98 -26.94 -42.49 95 51 -45 -16.56 -51.60 38 37 -24
62.21 0.60 130 -17 92 -26.99 -42.39 95 -33 11 -16.58 -51.59 -4 27 -24
62.22 0.60 145 3 78 -27.07 -42.21 -127 -384 294 -16.58 -51.57 -27 35 -29
62.22 0.60 175 9 80 -27.28 -41.36 -744 -1170 1007 -16.57 -51.56 -25 24 -21
62.23 0.60 181 4 72 -27.61 -40.01 -432 -995 608 -16.56 -51.54 7 -4 2
62.23 0.60 171 2 73 -27.97 -38.69 -204 -601 26 -16.55 -51.51 17 -45 28
62.23 0.60 143 -4 93 -28.22 -37.50 88 -352 -233 -16.55 -51.46 19 -57 31
62.22 0.59 129 -11 100 -28.43 -36.42 340 -25 -522 -16.56 -51.38 34 -162 128
62.21 0.57 159 -9 90 -28.67 -35.51 736 844 -1187 -16.48 -51.22 75 -333 230
62.21 0.56 188 -2 82 -28.82 -35.22 1780 2180 -2043 -16.48 -51.02 142 -527 259
62.21 0.56 188 -2 82 -28.82 -35.22 1780 2180 -2043 -16.48 -51.02 142 -527 259
62.21 0.56 188 -2 82 -28.82 -35.22 1780 2180 -2043 -16.48 -51.02 142 -527 259
62.21 0.56 188 -2 82 -28.82 -35.22 1780 2180 -2043 -16.48 -51.02 142 -527 259
62.20 0.54 154 -7 105 -27.95 -43.01 -1122 -1383 980 -17.53 -49.38 133 -721 107
