63.11 0.12 140 -24 124 -26.49 -44.94 -88 174 -18 -16.39 -50.71 -7 21 -13
63.12 0.16 374 -94 187 -26.18 -45.88 -87 235 -83 -16.41 -50.71 -4 8 -24
63.11 0.30 575 -155 228 -25.86 -46.78 -45 339 -117 -16.43 -50.70 -5 21 -16
63.10 0.55 718 -162 211 -25.59 -47.49 3 405 -32 -16.45 -50.69 29 49 -9
63.02 0.84 710 -149 177 -25.36 -48.07 79 362 -5 -16.51 -50.69 53 66 -4
62.90 1.17 631 -140 176 -25.18 -48.60 125 236 -19 -16.57 -50.73 46 -59 -19
62.76 1.56 593 -155 190 -25.02 -49.18 227 78 10 -16.59 -50.76 90 -43 -43
62.57 1.99 496 -149 146 -24.88 -49.79 194 -120 88 -16.66 -50.79 47 -41 -26
62.34 2.40 258 -128 65 -24.76 -50.39 209 -271 239 -16.77 -50.82 -17 1 -62
62.11 2.75 -45 -76 -44 -24.80 -50.64 -222 -845 734 -16.83 -50.86 -38 -14 -16
61.89 3.02 -420 68 -117 -24.94 -50.64 -254 -1026 760 -16.83 -50.88 -1 94 14
61.86 3.09 -916 248 -228 -25.00 -51.01 -173 -801 513 -16.81 -50.88 33 129 30
61.69 2.74 -1811 541 -565 -24.95 -51.69 3 -319 113 -16.78 -50.88 32 -17 86
61.64 1.82 -1898 916 -669 -24.73 -52.79 -43 467 -393 -16.65 -50.86 24 -333 198
62.29 0.89 754 266 430 -24.34 -54.07 373 1791 -1116 -16.57 -50.72 7 -626 275
62.56 0.53 1836 -445 1006 -23.48 -56.37 1836 4369 -2108 -16.57 -50.44 33 -797 320
62.28 0.69 1170 -596 643 -22.14 -60.04 2257 6218 -2557 -16.58 -50.02 54 -901 365
62.03 0.98 399 -610 184 -20.44 -63.96 207 3197 -477 -16.66 -49.44 37 -874 281
61.91 1.23 137 -539 -83 -19.32 -65.21 -539 1261 1114 -16.84 -48.85 -8 -703 104
61.82 1.41 150 -432 -40 -18.80 -66.09 -358 125 407 -17.02 -48.31 20 -445 -66
