62.82 -0.35 379 -49 147 -26.30 -43.43 77 103 -109 -16.85 -48.09 418 1793 -462
62.82 -0.20 619 -74 195 -26.30 -43.43 88 68 -89 -16.24 -48.16 513 2933 -929
62.82 0.08 1030 -149 285 -26.32 -43.41 78 38 -75 -15.78 -48.66 176 2735 -1238
62.75 0.53 1108 -293 358 -26.30 -43.49 65 -39 -17 -15.76 -49.51 -242 388 -131
62.59 1.14 904 -355 315 -26.24 -43.71 207 10 -41 -15.78 -49.70 -1211 -1952 1133
62.34 1.77 395 -256 80 -26.13 -44.21 159 -156 149 -15.43 -49.25 -1040 -1854 836
62.12 2.33 55 -143 -75 -25.96 -45.13 213 -444 247 -15.19 -48.69 -544 -1066 92
61.94 2.78 92 -127 4 -25.73 -46.10 -118 -833 602 -15.18 -48.16 -73 -441 -388
61.74 3.26 294 -118 87 -25.57 -47.15 -38 -675 676 -15.38 -47.75 208 -72 -562
61.41 3.75 284 -113 79 -25.45 -48.57 103 -23 275 -15.66 -47.53 263 -5 -501
60.91 4.08 -484 128 -235 -25.18 -50.31 -75 304 95 -15.98 -47.46 149 -36 -369
60.34 3.97 -1524 414 -650 -24.74 -51.93 -147 303 194 -16.49 -47.41 -137 -144 35
60.06 3.32 -2025 686 -755 -24.13 -53.83 -83 674 -19 -16.65 -47.24 81 690 -178
60.18 2.41 -581 494 -35 -23.32 -55.85 624 2037 -577 -16.94 -47.25 218 1519 -494
60.34 1.79 1120 -182 819 -22.31 -58.15 1481 3705 -964 -17.03 -47.53 378 1638 -453
60.19 1.80 1083 -470 825 -21.12 -60.99 1621 4905 -1319 -17.04 -47.92 282 1296 -141
59.97 2.09 510 -478 391 -20.10 -63.19 750 2820 -242 -16.70 -48.23 59 791 41
59.86 2.36 30 -345 -103 -19.25 -64.49 -486 778 1082 -16.35 -48.49 -183 320 -51
59.87 2.49 49 -296 -284 -18.81 -65.36 -260 41 264 -16.23 -48.77 -399 -124 -65
59.88 2.63 148 -211 -281 -18.41 -66.13 -250 -154 -176 -16.17 -49.06 -354 -358 -60
