62.20 -0.18 192 -44 109 -25.90 -45.20 58 122 -108 -17.06 -48.57 -48 -676 103
62.19 -0.15 199 -22 89 -25.89 -45.20 59 128 -104 -17.05 -48.17 89 -343 -106
62.19 -0.12 228 -12 101 -25.88 -45.20 62 113 -106 -17.01 -47.93 251 59 -219
62.17 -0.08 226 -5 107 -25.88 -45.20 65 95 -105 -16.84 -47.80 276 589 -340
62.17 -0.03 247 -7 106 -25.89 -45.19 73 109 -100 -16.38 -47.78 476 1298 -470
62.19 0.06 432 -14 125 -25.91 -45.14 -24 -9 -25 -15.72 -47.91 794 2235 -633
62.21 0.22 625 -83 212 -25.94 -45.09 82 20 -38 -15.18 -48.17 544 2970 -1013
62.17 0.45 542 -137 214 -26.00 -45.02 75 -16 14 -15.13 -48.86 47 1757 -976
62.14 0.76 460 -156 192 -25.98 -44.99 147 -169 167 -15.36 -49.49 -1084 -804 450
62.13 1.13 578 -165 197 -25.97 -45.07 -28 -263 124 -15.13 -49.51 -1317 -1908 1027
62.08 1.55 682 -189 227 -25.91 -45.25 -68 -369 232 -14.80 -49.07 -966 -1307 431
61.96 2.04 643 -158 154 -25.86 -45.41 23 -376 251 -14.62 -48.68 -390 -817 -78
61.83 2.61 427 -106 60 -25.74 -45.90 57 -227 54 -14.67 -48.33 23 -584 -155
61.69 3.17 180 -63 -20 -25.51 -46.86 13 -237 56 -14.91 -47.93 132 -496 -112
61.69 3.17 180 -63 -20 -25.51 -46.86 13 -237 56 -14.91 -47.93 132 -496 -112
61.15 3.90 -250 49 -83 -24.69 -45.39 1301 1295 -1632 -15.73 -47.46 -105 -473 -33
60.54 3.80 -851 189 -327 -25.02 -45.08 939 608 -1314 -16.22 -47.12 -341 271 -94
59.92 3.30 -1488 456 -474 -25.21 -45.09 459 -86 -835 -16.73 -46.88 -324 1174 -516
59.80 2.63 -399 347 91 -25.31 -45.19 -345 -1000 179 -17.20 -46.79 -188 1460 -532
59.78 2.19 681 -306 805 -25.33 -44.97 -137 -1187 632 -17.31 -46.93 119 1467 -380
