62.42 -1.43 241 -63 191 -25.98 -45.97 84 102 -101 -16.47 -50.06 3 46 -29
62.12 -1.31 235 -168 283 -26.02 -45.93 43 74 -21 -16.43 -50.07 -5 34 -25
61.83 -1.35 104 -191 311 -26.04 -45.91 -23 -116 179 -16.41 -50.07 4 42 -16
61.37 -1.50 -312 -61 99 -26.10 -45.74 -372 -389 606 -16.40 -50.07 -9 46 -18
60.70 -1.89 -795 178 -176 -26.39 -44.99 -320 -499 857 -16.37 -50.07 -9 43 -22
59.98 -2.60 -1160 627 -470 -26.89 -43.96 -317 -201 638 -16.35 -50.08 12 16 -18
59.14 -3.65 -1057 981 -614 -27.49 -42.78 -521 340 90 -16.34 -50.06 18 -8 -8
58.41 -5.02 -234 796 -584 -27.85 -41.56 -228 993 -258 -16.33 -50.03 -10 -76 37
58.14 -6.13 1462 62 446 -28.09 -40.27 398 1373 -444 -16.28 -49.93 -62 -222 151
58.34 -6.58 3075 -1164 1479 -28.38 -39.16 963 1624 -847 -16.22 -49.71 -236 -423 542
57.91 -6.20 2134 -973 734 -28.66 -38.69 1833 967 -1418 -15.95 -49.15 -190 -554 450
57.36 -5.62 777 -328 -381 -28.59 -39.64 361 -1385 -515 -15.71 -48.48 -318 -642 620
57.10 -5.26 -250 104 -952 -28.86 -39.87 -1270 -2158 -102 -15.39 -47.38 -224 -499 528
57.24 -5.13 -267 159 -732 -28.88 -39.55 -599 -1439 -112 -15.28 -45.79 -130 339 -39
57.63 -4.86 188 -28 -107 -28.87 -39.31 528 -465 -442 -15.24 -43.67 -58 1189 -673
58.02 -4.29 396 -253 332 -28.96 -39.10 878 -43 -553 -15.03 -41.24 439 2003 -1473
58.41 -3.58 194 -328 473 -29.17 -38.77 790 -59 -541 -14.99 -38.92 1109 3003 -2979
58.77 -2.92 -327 -160 120 -29.40 -38.46 368 -215 -390 -15.76 -38.45 2068 4526 -5633
59.03 -2.49 -847 193 -229 -29.62 -38.10 -39 -365 -318 -16.41 -40.73 -1362 -167 -204
59.53 -2.26 -628 329 -272 -29.76 -37.78 -329 -33 -290 -16.13 -40.77 -493 -1023 -726
