62.55 -0.85 110 -12 95 -26.95 -45.23 83 127 -125 -16.34 -48.58 1 -98 104
62.55 -0.85 112 -10 87 -26.96 -45.23 80 127 -124 -16.39 -48.37 -227 -262 404
62.56 -0.86 154 -2 80 -26.96 -45.24 68 131 -127 -16.25 -47.85 -134 -327 277
62.57 -0.85 189 5 76 -26.96 -45.23 63 136 -135 -16.18 -47.41 -12 -69 -1
62.55 -0.85 167 -3 92 -26.96 -45.24 74 141 -125 -16.13 -46.97 -78 -155 72
62.54 -0.86 145 -10 98 -26.96 -45.24 72 143 -108 -16.03 -46.38 20 -62 -24
62.54 -0.86 145 -10 98 -26.96 -45.24 72 143 -108 -16.03 -46.38 20 -62 -24
62.51 -0.87 162 -8 98 -26.97 -45.24 71 122 -118 -16.00 -44.46 -70 -409 85
62.50 -0.88 176 3 88 -26.97 -45.25 70 117 -114 -16.01 -43.04 -112 -362 -77
62.49 -0.89 185 -2 97 -26.97 -45.25 67 124 -105 -15.96 -41.56 -86 -170 -314
62.46 -0.89 188 1 103 -26.99 -45.25 71 134 -98 -15.85 -40.06 -51 -106 -373
62.43 -0.92 210 -25 128 -27.01 -45.25 84 121 -87 -15.77 -38.57 -33 -67 -442
62.36 -0.95 227 -59 173 -27.04 -45.24 88 109 -74 -15.70 -37.12 5 140 -653
62.25 -0.99 227 -57 180 -27.08 -45.25 88 72 -39 -15.69 -35.75 85 622 -991
62.13 -1.01 241 2 110 -27.15 -45.26 54 37 51 -15.66 -34.54 223 1319 -1492
62.03 -1.03 202 37 52 -27.23 -45.25 169 94 134 -15.64 -33.65 672 2159 -2406
61.93 -1.09 220 60 8 -27.26 -45.42 24 -28 236 -16.27 -34.01 1750 3928 -5058
61.77 -1.18 304 -4 32 -27.35 -45.47 -142 -130 285 -17.52 -37.28 1125 2469 -3026
61.55 -1.25 229 -6 51 -27.39 -45.60 -66 -45 156 -16.34 -38.22 -163 -806 -915
61.36 -1.34 309 -41 126 -27.35 -45.97 -80 -61 198 -16.10 -38.33 -532 -1048 -1132
