62.38 -0.74 175 -10 88 -27.01 -45.98 -237 -280 556 -16.77 -50.36 4 -3 -10
62.39 -0.73 191 -5 87 -27.23 -45.99 -432 -261 530 -16.77 -50.35 8 15 -10
62.38 -0.73 178 -6 94 -27.43 -46.03 -420 -69 291 -16.77 -50.32 8 2 19
62.38 -0.73 148 -20 97 -27.55 -46.02 -279 -155 251 -16.76 -50.26 -23 -61 102
62.38 -0.74 145 -27 90 -27.70 -45.77 -255 -364 267 -16.73 -50.12 -128 -124 250
62.38 -0.73 141 -17 82 -27.96 -45.23 -242 -158 8 -16.61 -49.71 -178 -382 332
62.38 -0.73 146 -3 86 -28.27 -44.51 24 472 -365 -16.52 -49.22 -125 -279 192
62.39 -0.73 155 -17 101 -28.59 -43.70 392 1229 -657 -16.41 -48.55 -64 -368 261
62.38 -0.72 168 -16 106 -28.92 -42.87 782 1795 -872 -16.34 -47.40 -57 -296 160
62.38 -0.71 163 -7 92 -29.21 -42.29 1384 2156 -1034 -16.40 -45.91 -97 19 -165
62.38 -0.70 150 -2 80 -29.37 -42.23 1739 1809 -1644 -16.45 -44.28 -99 149 -279
62.38 -0.70 150 -2 80 -29.37 -42.23 1739 1809 -1644 -16.45 -44.28 -99 149 -279
57.60 -5.89 792 -412 17 -29.02 -43.44 -908 -1424 -525 -16.09 -40.61 -73 -235 -297
57.84 -5.52 564 -216 -70 -28.95 -43.22 -671 -1391 -139 -15.89 -38.57 -42 -178 -462
58.29 -5.10 858 -343 219 -28.85 -42.60 180 -1007 63 -15.73 -36.49 97 310 -902
58.87 -4.39 999 -469 493 -28.94 -41.91 427 -733 -151 -15.68 -34.64 526 1359 -2028
59.52 -3.42 811 -521 424 -29.07 -41.31 238 -963 -255 -16.16 -34.01 1121 2968 -3932
59.96 -2.46 80 -276 145 -29.18 -40.70 -133 -1059 -267 -17.01 -35.75 1663 3930 -5223
60.41 -1.73 -250 12 -121 -29.24 -40.13 133 -562 -452 -17.06 -38.68 -758 -97 -372
60.77 -1.26 -560 223 -269 -29.17 -39.85 210 228 -650 -16.20 -38.90 -791 -1287 77
