62.54 0.33 430 -172 167 -27.31 -43.70 -188 -561 221 -16.61 -50.41 15 18 -21
62.51 0.58 351 -159 153 -27.41 -43.22 -152 -500 208 -16.62 -50.40 4 8 -20
62.48 0.89 297 -133 140 -27.58 -42.65 -106 -392 79 -16.63 -50.39 8 13 -11
62.43 1.20 193 -91 101 -27.80 -41.95 -243 -438 159 -16.64 -50.37 3 -54 32
62.28 1.44 -40 -53 60 -28.02 -40.97 -250 -375 179 -16.67 -50.34 29 -57 49
62.14 1.58 -576 144 -123 -28.24 -39.83 -119 113 -197 -16.68 -50.29 46 -190 138
62.03 1.39 -873 312 -180 -28.36 -38.79 202 894 -720 -16.69 -50.15 3 -506 324
61.88 0.81 -870 266 -84 -28.30 -38.09 709 1640 -1135 -16.61 -49.81 -63 -1063 614
61.44 -0.05 -1332 319 -392 -28.13 -37.91 1257 2227 -1240 -16.70 -49.34 -35 -964 401
61.19 -0.91 -669 757 -341 -28.08 -37.97 1649 2531 -1208 -16.85 -48.71 -291 -1044 460
62.07 -1.33 2652 -321 1105 -27.99 -38.58 2489 1002 -1644 -16.80 -47.94 -349 -902 278
61.98 -1.03 2175 -733 1064 -27.91 -40.44 -221 -1367 205 -16.63 -47.17 -257 -705 86
61.41 -0.53 896 -501 99 -28.04 -40.83 -2398 -2444 1217 -16.38 -46.41 -188 -470 -52
60.97 -0.12 -639 -172 -716 -27.99 -40.19 -1117 -1594 907 -16.19 -45.60 -256 200 -422
60.92 -0.06 -1515 57 -1041 -27.99 -39.60 403 30 -332 -15.96 -44.88 -34 1239 -979
61.11 -0.33 -1272 163 -629 -28.18 -39.31 854 803 -828 -15.91 -44.59 486 3039 -2328
61.48 -0.63 117 -93 402 -28.36 -39.16 446 715 -928 -16.63 -45.82 1515 6110 -4893
61.87 -0.47 1004 -276 814 -28.38 -39.28 -387 -43 -754 -17.89 -49.78 2094 7127 -5742
61.87 -0.02 682 62 286 -28.14 -39.44 -920 -282 -59 -18.38 -54.84 -966 2205 -18
61.84 0.18 151 253 -122 -27.80 -39.33 214 179 -29 -17.22 -55.51 -1039 1132 -593
