63.07 -2.25 240 -41 91 -26.70 -41.22 -33 -178 66 -13.84 -49.34 1 -47 26
63.05 -2.21 317 -54 111 -26.76 -40.94 20 -67 -102 -13.79 -49.23 -2 -111 11
63.03 -2.14 302 -87 140 -26.79 -40.72 125 144 -263 -13.77 -49.13 -5 -82 -38
63.01 -2.06 152 -67 116 -26.79 -40.59 204 280 -330 -13.78 -49.05 -31 94 -117
62.99 -1.99 75 -27 74 -26.81 -40.50 119 190 -195 -13.77 -48.98 -2 254 -167
62.98 -1.97 65 -2 68 -26.83 -40.35 89 113 -107 -13.71 -48.95 45 332 -131
62.96 -1.96 122 -2 74 -26.86 -40.19 145 136 -153 -13.60 -48.86 37 513 -45
62.94 -1.94 158 -1 70 -26.91 -40.07 152 162 -167 -13.34 -48.73 88 903 -52
62.93 -1.92 121 1 55 -26.95 -39.95 106 115 -129 -12.91 -48.62 162 1412 -366
62.90 -1.91 106 6 36 -26.99 -39.79 14 16 -80 -12.57 -48.83 76 1122 -565
62.89 -1.92 154 -27 79 -27.02 -39.57 7 -29 -71 -12.40 -49.19 -254 -25 -353
62.89 -1.91 189 -57 113 -27.04 -39.33 81 83 -185 -12.52 -49.53 -545 -1254 467
62.88 -1.88 168 -62 128 -27.06 -39.16 165 251 -301 -12.38 -49.45 -470 -958 251
62.87 -1.85 99 -36 90 -27.06 -39.06 298 375 -307 -12.24 -49.39 -94 -449 -130
62.85 -1.85 7 17 49 -27.12 -39.02 494 698 -419 -12.24 -49.34 180 -438 -128
62.82 -1.91 -103 53 21 -27.24 -39.11 1161 1633 -1238 -12.29 -49.25 170 -543 -16
62.74 -2.07 -361 237 -150 -27.17 -40.46 2434 3253 -2810 -12.37 -49.15 162 -472 -20
62.60 -2.41 -841 460 -383 -27.08 -41.82 1511 1339 -575 -12.50 -49.07 217 -176 -156
62.50 -3.05 -1040 527 -372 -27.21 -42.59 -889 -1056 1090 -12.73 -49.07 217 45 -203
62.47 -3.84 21 288 85 -27.06 -43.00 -564 -1039 546 -13.08 -49.16 24 -189 -6
