62.75 -0.60 126 23 66 -27.00 -44.31 74 139 -106 -16.03 -52.89 7 -16 -15
62.77 -0.62 153 8 78 -27.00 -44.31 79 147 -96 -16.03 -52.86 7 -24 -11
62.77 -0.65 202 -25 109 -27.00 -44.31 83 138 -92 -16.02 -52.82 15 -22 10
62.76 -0.65 181 -44 120 -27.00 -44.32 81 127 -90 -16.00 -52.77 2 -98 45
62.74 -0.64 134 -26 119 -27.00 -44.32 65 118 -111 -15.97 -52.66 -10 -384 200
62.74 -0.63 124 -8 111 -27.01 -44.32 58 124 -123 -15.78 -52.30 -82 -892 442
62.74 -0.64 130 -2 93 -27.01 -44.32 57 124 -113 -15.76 -51.75 -61 -709 157
62.75 -0.63 143 -12 82 -27.00 -44.32 73 132 -117 -15.79 -51.18 -83 -800 225
62.76 -0.64 164 -24 88 -27.00 -44.32 79 132 -119 -15.81 -50.46 -68 -524 52
62.76 -0.65 205 -43 111 -27.00 -44.32 80 128 -115 -15.81 -49.76 -60 -192 -134
62.75 -0.64 189 -44 120 -27.00 -44.32 81 117 -122 -15.83 -49.10 -162 65 -274
62.74 -0.63 173 -34 113 -27.00 -44.32 76 121 -121 -15.78 -48.53 -171 238 -305
62.72 -0.62 156 -13 103 -27.01 -44.31 62 118 -120 -15.64 -47.99 -148 366 -319
62.73 -0.60 168 -6 90 -27.01 -44.30 63 109 -122 -15.45 -47.48 -88 642 -469
62.73 -0.57 183 -1 88 -27.01 -44.30 73 108 -120 -15.26 -47.06 78 1171 -783
62.72 -0.55 190 -5 92 -27.00 -44.29 68 109 -114 -15.27 -46.80 552 2415 -1727
62.73 -0.53 226 -24 118 -26.99 -44.28 70 91 -113 -15.90 -47.58 1685 4644 -3645
62.71 -0.48 363 -45 146 -26.98 -44.31 108 26 -79 -17.46 -50.42 1493 4614 -2450
62.70 -0.38 540 -26 143 -26.99 -44.31 16 -152 114 -16.97 -53.46 -1681 -552 883
62.72 -0.19 715 -133 224 -27.04 -44.16 -166 -557 370 -16.38 -54.01 -1159 -510 91
