62.71 -0.63 198 -19 102 -27.06 -44.37 108 90 -88 -15.96 -50.54 51 -87 3
62.68 -0.61 198 -13 121 -27.08 -44.39 144 83 -78 -16.00 -50.38 28 -143 34
62.68 -0.61 198 -13 121 -27.08 -44.39 144 83 -78 -16.00 -50.38 28 -143 34
62.64 -0.55 169 13 83 -27.05 -44.60 45 154 -62 -16.06 -49.92 -57 -116 26
62.63 -0.53 146 22 56 -27.01 -44.73 44 154 -51 -16.05 -49.65 -80 -156 64
62.62 -0.53 156 -29 100 -26.98 -44.85 56 168 -96 -15.95 -49.31 -114 -406 202
62.59 -0.51 119 -34 102 -26.96 -44.94 52 158 -118 -15.83 -48.82 -170 -520 203
62.58 -0.48 115 -29 103 -26.95 -45.00 42 158 -114 -15.76 -48.23 -105 -361 -11
62.58 -0.46 155 -18 101 -26.93 -45.05 50 140 -107 -15.77 -47.68 -53 -152 -161
62.57 -0.44 183 -19 110 -26.92 -45.08 49 116 -91 -15.71 -47.17 -13 -112 -117
62.57 -0.40 209 -21 113 -26.92 -45.11 40 73 -68 -15.56 -46.63 -31 -180 -32
62.57 -0.40 209 -21 113 -26.92 -45.11 40 73 -68 -15.56 -46.63 -31 -180 -32
62.54 -0.28 260 -42 107 -26.98 -44.93 -38 -77 69 -15.45 -45.53 -34 395 -504
62.51 -0.22 208 -40 92 -27.07 -44.68 -12 -88 73 -15.40 -45.30 -20 964 -716
62.49 -0.15 181 -33 82 -27.17 -44.38 14 -71 7 -15.36 -45.32 242 2299 -1502
62.48 -0.07 198 -40 104 -27.28 -44.04 42 -46 -81 -15.82 -46.10 1312 4813 -3622
62.46 0.02 196 -47 128 -27.38 -43.73 48 9 -138 -17.13 -48.90 2057 6340 -5096
62.44 0.12 147 -30 104 -27.49 -43.42 60 51 -179 -17.04 -52.65 -1999 618 1534
62.42 0.22 198 -37 120 -27.58 -43.11 32 -2 -154 -15.85 -52.59 -1131 -182 410
62.42 0.34 326 -93 194 -27.66 -42.76 -71 -201 -10 -15.33 -53.46 -87 -682 9
