63.66 1.20 572 -205 144 -25.02 -43.96 -133 -308 80 -14.52 -51.48 26 -23 5
63.46 1.64 251 -147 66 -25.08 -43.46 -62 -174 14 -14.50 -51.48 57 -10 -13
63.31 2.03 81 -159 96 -25.15 -42.93 -22 12 -183 -14.51 -51.47 30 1 -20
63.18 2.40 6 -134 96 -25.15 -42.55 79 278 -373 -14.53 -51.47 24 -81 28
63.03 2.74 -162 -64 33 -25.09 -42.27 198 592 -367 -14.56 -51.48 33 -285 101
62.85 2.97 -483 84 -105 -25.04 -41.91 369 1223 -539 -14.60 -51.78 456 -406 -132
62.70 2.95 -933 311 -302 -24.91 -41.71 827 2134 -782 -14.83 -52.62 244 -904 223
62.57 2.52 -1453 536 -604 -24.76 -41.63 1423 2860 -1319 -15.04 -53.57 78 -990 393
62.52 1.69 -1673 768 -719 -24.50 -42.22 1775 1826 -1427 -15.18 -54.55 -149 -509 251
63.09 0.82 369 144 493 -24.54 -43.50 -794 -812 -46 -15.26 -55.61 -49 81 -8
63.42 0.54 1691 -671 1295 -24.56 -43.63 -2136 -2031 885 -15.34 -56.91 -29 390 -38
63.18 0.87 1148 -667 730 -24.36 -43.15 -670 -1121 216 -15.42 -58.21 -141 613 -49
62.99 1.29 389 -405 -115 -24.22 -42.98 381 -446 -278 -15.39 -59.51 -194 819 32
62.96 1.52 265 -247 -389 -24.33 -42.84 257 -530 -48 -15.23 -60.70 -221 1501 -76
63.00 1.59 467 -290 -150 -24.56 -42.52 40 -639 104 -14.84 -62.17 130 2988 -562
62.87 1.74 399 -332 74 -24.85 -42.04 -176 -556 81 -14.37 -64.31 674 4436 -835
62.71 2.03 129 -285 245 -25.15 -41.45 -506 -430 59 -13.97 -67.00 -20 2302 613
62.67 2.35 -179 -153 263 -25.49 -40.64 -428 149 -130 -13.11 -68.43 -1188 -708 2052
62.71 2.53 -480 134 11 -25.65 -39.93 180 761 -415 -12.33 -68.96 -572 -1081 717
62.80 2.55 -576 314 -135 -25.72 -39.50 501 1133 -561 -11.97 -69.36 -313 -785 128
