63.86 1.35 855 -207 188 -25.83 -42.68 -116 -399 132 -14.44 -51.94 -1 -9 -27
63.62 1.98 464 -119 17 -25.85 -42.12 187 215 -230 -14.48 -51.95 -7 -52 -11
63.37 2.53 -94 10 -177 -25.86 -41.56 302 532 -372 -14.54 -51.94 5 -110 17
63.19 2.91 -389 74 -237 -25.84 -40.98 162 580 -453 -14.63 -51.91 30 -156 12
63.05 3.12 -392 76 -174 -25.78 -40.41 48 527 -469 -14.75 -51.90 103 -238 -128
62.96 3.27 -357 30 -68 -25.64 -39.81 249 606 -467 -15.02 -52.35 48 -410 -121
62.89 3.43 -396 83 -34 -25.58 -39.25 462 1119 -786 -15.28 -52.85 -34 -907 189
62.84 3.44 -606 149 -17 -25.49 -38.97 904 1885 -1058 -15.46 -53.50 20 -949 166
62.76 3.15 -1052 262 -189 -25.35 -38.99 1338 2343 -1466 -15.68 -54.41 61 -735 145
62.72 2.55 -1358 645 -504 -25.09 -39.81 1033 658 -916 -15.91 -55.61 147 -167 63
63.27 1.90 420 248 393 -25.05 -40.62 -1432 -1495 829 -16.12 -56.96 198 477 86
63.61 1.71 1631 -451 1038 -25.01 -40.33 -1410 -1656 970 -16.15 -58.30 221 939 104
63.46 2.04 1282 -597 651 -24.88 -39.95 -26 -575 -66 -16.15 -59.63 66 1158 113
63.20 2.49 457 -484 -35 -24.87 -39.92 438 -214 -303 -16.07 -60.87 -225 1279 122
63.06 2.78 62 -312 -365 -25.08 -39.84 211 -200 -212 -15.78 -62.06 -306 1636 -107
63.02 2.88 113 -315 -160 -25.35 -39.69 -193 -99 -96 -15.37 -63.49 82 2849 -661
62.88 2.95 -89 -291 130 -25.63 -39.38 -311 71 -51 -15.10 -65.62 582 4622 -1249
62.70 3.07 -365 -132 203 -25.87 -38.97 -561 328 2 -14.73 -68.01 249 1876 748
62.71 3.18 -520 7 203 -26.07 -38.29 -211 853 -423 -14.00 -68.78 -521 -447 1612
62.78 3.16 -754 293 -142 -26.02 -37.96 589 1365 -800 -13.39 -69.43 -196 -910 580
