64.43 -0.88 174 -25 105 -25.41 -43.57 53 119 -113 -14.79 -52.98 97 8 -11
64.44 -0.87 154 -19 96 -25.40 -43.56 47 105 -115 -14.87 -53.29 92 -32 9
64.44 -0.86 171 -13 88 -25.38 -43.56 38 93 -125 -14.95 -53.70 66 -104 27
64.45 -0.84 180 -3 79 -25.36 -43.56 54 89 -125 -15.05 -54.24 36 -88 56
64.46 -0.82 214 -6 84 -25.35 -43.56 55 108 -129 -15.21 -54.79 -7 38 64
64.48 -0.79 210 -3 81 -25.32 -43.57 39 127 -111 -15.31 -55.34 1 25 102
64.48 -0.76 189 -4 89 -25.26 -43.65 32 114 -97 -15.38 -55.85 -37 -55 137
64.50 -0.73 214 -21 104 -25.23 -43.67 36 91 -64 -15.43 -56.34 -70 -116 110
64.50 -0.71 199 -27 112 -25.20 -43.69 52 79 -92 -15.50 -56.95 -73 -103 54
64.49 -0.66 195 -26 105 -25.15 -43.75 71 99 -134 -15.56 -57.71 -6 -13 -15
64.50 -0.62 206 -18 93 -25.12 -43.78 41 31 -72 -15.59 -58.70 37 73 19
64.52 -0.55 248 -11 71 -25.08 -43.77 50 -9 -20 -15.54 -59.76 9 -50 184
64.53 -0.48 282 -11 75 -25.08 -43.75 95 21 -25 -15.46 -60.73 -45 -60 222
64.52 -0.39 253 8 45 -25.06 -43.79 151 125 -121 -15.35 -61.65 -248 355 45
64.54 -0.28 124 44 -11 -24.99 -43.94 131 70 -68 -15.07 -62.76 8 1462 -568
64.62 -0.17 89 84 -35 -24.94 -44.02 -12 -121 100 -14.76 -64.57 402 3184 -948
64.78 -0.05 201 69 3 -24.94 -43.94 -56 -221 201 -14.46 -66.76 -41 2289 631
64.93 0.06 355 -20 111 -25.02 -43.77 -24 -117 91 -13.69 -68.00 502 1945 1036
64.99 0.19 452 -145 209 -25.12 -43.55 -3 -50 -17 -13.18 -68.69 -264 160 1158
64.96 0.36 336 -153 181 -25.16 -43.38 36 21 -165 -12.83 -68.99 -288 -394 491
