64.81 -0.23 172 61 203 -24.42 -45.17 29 385 136 -15.31 -52.68 122 77 121
64.74 -0.20 159 105 186 -24.54 -44.76 -111 374 356 -15.30 -52.70 38 53 89
64.67 -0.17 99 176 103 -24.76 -44.14 -216 359 208 -15.29 -52.72 -20 5 64
64.51 -0.23 -75 265 5 -24.91 -43.63 13 388 -114 -15.29 -52.72 -11 30 44
64.34 -0.38 -74 246 40 -25.05 -43.30 20 214 -228 -15.28 -52.74 20 28 46
64.13 -0.59 25 139 179 -25.25 -42.87 2 14 -190 -15.28 -52.77 86 80 74
63.82 -0.77 309 -23 363 -25.50 -42.27 109 -27 -175 -15.32 -52.85 196 39 127
63.39 -0.88 535 -196 465 -25.83 -41.52 122 167 -338 -15.43 -53.02 133 52 155
62.80 -0.94 570 -197 346 -26.23 -40.72 130 328 -529 -15.57 -53.20 -125 97 211
62.17 -1.04 379 -180 149 -26.53 -39.97 -84 -21 -297 -15.70 -53.51 -148 255 148
61.45 -1.27 118 -111 -44 -26.88 -39.08 -254 -434 82 -15.64 -53.92 -130 274 422
60.84 -1.49 78 -50 -163 -27.16 -37.82 -127 -311 311 -15.42 -54.26 -106 402 431
60.33 -1.69 277 -30 -72 -27.49 -36.23 -137 71 115 -15.15 -54.68 -137 333 350
59.77 -1.86 348 105 -41 -27.87 -34.33 -298 614 -628 -14.84 -55.20 -137 113 273
59.77 -1.86 348 105 -41 -27.87 -34.33 -298 614 -628 -14.84 -55.20 -137 113 273
58.26 -2.67 -73 557 -208 -27.81 -31.90 1997 2451 -3519 -14.50 -56.35 62 -200 223
57.41 -3.22 -811 860 -739 -27.30 -33.57 439 840 -1493 -14.24 -57.41 501 -356 315
56.80 -4.03 -1421 923 -1072 -26.85 -35.02 -1309 -1891 1312 -14.40 -58.17 95 -501 718
56.24 -5.19 -1601 785 -1199 -26.39 -35.49 -528 -2275 818 -14.51 -58.39 153 -782 676
56.24 -5.19 -1601 785 -1199 -26.39 -35.49 -528 -2275 818 -14.51 -58.39 153 -782 676
