62.49 1.14 34 47 115 -26.03 -43.67 96 330 111 -17.27 -52.06 29 53 -7
62.45 1.07 79 78 87 -26.24 -43.28 -277 124 512 -17.30 -52.08 3 64 2
62.42 1.02 152 144 30 -26.54 -42.51 228 351 85 -17.31 -52.11 -2 51 25
62.35 0.92 169 204 -46 -26.80 -42.03 311 497 -306 -17.32 -52.13 -11 38 48
62.10 0.71 -73 284 -91 -27.13 -41.58 -115 209 -208 -17.33 -52.16 21 65 34
61.88 0.44 -127 261 -37 -27.46 -40.84 -133 -123 -37 -17.37 -52.20 51 97 48
61.62 0.05 -177 79 150 -27.87 -39.91 -88 -168 -189 -17.42 -52.25 34 120 83
61.32 -0.36 -92 -81 316 -28.29 -38.95 71 -49 -288 -17.45 -52.31 6 116 131
60.99 -0.73 279 -207 427 -28.71 -38.03 230 13 -324 -17.48 -52.40 -17 142 136
60.52 -1.01 546 -291 429 -29.07 -37.10 64 -178 -232 -17.47 -52.59 41 124 196
59.85 -1.26 497 -208 204 -29.39 -36.10 -154 -234 -204 -17.49 -52.83 73 157 301
59.14 -1.55 251 -26 -55 -29.71 -34.90 -178 -59 -262 -17.44 -53.11 115 230 345
58.61 -1.89 220 24 -77 -30.02 -33.50 25 207 -437 -17.33 -53.52 183 107 337
58.11 -2.30 305 -20 29 -30.32 -31.80 335 643 -959 -17.43 -53.86 -55 198 215
57.44 -2.67 94 110 -123 -30.47 -30.18 1031 1102 -1649 -17.41 -54.24 -114 97 124
56.68 -3.08 -245 369 -370 -30.41 -29.53 2545 2033 -2858 -17.39 -54.63 -93 -38 118
55.95 -3.64 -557 622 -629 -30.14 -31.38 1767 1528 -2504 -17.33 -55.07 84 -270 149
55.33 -4.47 -682 713 -693 -30.02 -32.60 -1809 -1930 1553 -17.30 -55.62 44 -595 504
54.76 -5.54 -566 648 -579 -29.83 -32.85 -1134 -1885 726 -17.27 -55.63 -71 -1107 654
54.21 -6.64 -338 417 -329 -29.52 -33.32 -585 -1470 266 -17.29 -55.16 -171 -1043 491
