60.96 1.90 99 27 98 -26.59 -43.28 60 168 67 -17.94 -56.32 -368 -889 655
60.97 1.90 104 19 111 -26.63 -43.36 25 204 103 -17.74 -54.89 -91 -138 265
60.97 1.91 154 17 107 -26.72 -43.40 17 251 111 -17.36 -53.15 191 695 -371
60.98 1.92 178 43 110 -26.82 -43.33 -416 -27 459 -16.76 -51.49 542 1369 -897
60.96 1.93 199 69 122 -27.04 -42.74 -314 28 239 -16.06 -49.83 681 1889 -1355
60.91 1.94 163 157 77 -27.19 -42.25 4 310 -70 -15.30 -48.61 770 2166 -1804
60.84 1.92 57 157 95 -27.42 -41.69 226 580 -254 -14.55 -48.24 507 1284 -1716
60.71 1.83 19 134 121 -27.64 -41.20 449 732 -461 -14.47 -48.61 -889 -1822 -327
60.55 1.70 -13 97 129 -27.92 -40.86 429 591 -526 -14.58 -48.51 -1757 -3012 385
60.27 1.49 -262 98 58 -28.31 -40.47 85 173 -315 -14.46 -48.06 -1221 -1754 -113
59.97 1.16 -311 97 19 -28.67 -39.96 -128 -274 -36 -14.43 -47.66 -568 -450 -566
59.68 0.74 24 4 132 -29.01 -39.13 -412 -628 349 -14.46 -47.44 309 116 -934
59.28 0.36 425 -106 280 -29.41 -37.78 -618 -624 548 -14.76 -47.30 574 -318 -847
58.79 0.09 610 -178 352 -29.92 -35.91 -476 -224 191 -15.29 -47.11 535 -646 -787
58.24 -0.11 522 -193 350 -30.43 -33.72 -112 402 -817 -15.96 -46.92 -89 -572 -593
57.69 -0.35 344 -163 311 -30.67 -31.55 761 1014 -1812 -16.49 -46.85 -590 -939 -218
56.96 -0.65 -51 48 -27 -30.67 -29.93 1767 1497 -2520 -16.62 -46.72 -147 -451 -303
56.20 -1.07 -515 413 -572 -30.42 -29.61 3142 2110 -3131 -16.82 -46.71 34 349 -564
55.56 -1.66 -722 701 -1026 -30.24 -31.14 485 317 -858 -16.98 -47.05 188 817 -751
55.04 -2.49 -821 813 -1167 -30.31 -31.96 -957 -2566 1694 -16.98 -47.75 279 853 -638
