60.38 -0.67 1468 -170 691 -27.89 -42.08 84 120 -130 -18.33 -50.53 124 -5 32
60.68 -0.92 2429 -882 1301 -27.90 -42.08 83 115 -125 -18.41 -50.35 -120 346 -55
60.35 -0.64 1456 -696 543 -27.90 -42.08 77 109 -134 -18.31 -50.17 -291 783 -110
60.14 -0.37 683 -508 19 -27.90 -42.09 78 97 -116 -18.00 -50.03 -209 1503 -263
60.16 -0.15 629 -296 -96 -27.90 -42.10 77 98 -104 -17.48 -50.07 82 2424 -673
60.18 0.10 931 -232 116 -27.93 -42.09 41 14 -1 -16.71 -50.51 371 2972 -1145
60.32 0.58 1260 -328 385 -27.97 -42.03 -77 -128 163 -16.41 -51.40 -325 555 -949
60.45 1.28 818 -472 246 -28.03 -41.79 -225 -430 573 -16.33 -52.05 -781 -2430 818
60.30 1.80 -444 -266 -37 -28.19 -41.22 -288 -548 599 -16.00 -51.68 -624 -2442 809
60.32 2.04 -847 -87 -105 -28.33 -40.60 -132 -441 314 -15.65 -51.03 -128 -1589 241
60.35 2.15 -1083 204 -222 -28.44 -40.09 80 -299 87 -15.50 -50.31 278 -914 -246
60.44 2.10 -872 412 -274 -28.59 -39.58 89 -73 -114 -15.69 -49.63 364 -601 -335
60.52 1.87 -545 372 -150 -28.77 -39.04 62 194 -372 -16.08 -49.10 93 -837 -317
60.67 1.60 -191 237 3 -28.88 -38.52 175 492 -585 -16.59 -48.69 -123 -954 -206
60.68 1.39 211 55 215 -28.97 -38.08 393 1005 -1028 -16.76 -48.22 97 179 -603
60.67 1.30 556 -102 371 -29.02 -38.05 1294 2107 -1920 -17.03 -47.95 53 1120 -676
60.65 1.33 660 -174 374 -28.78 -39.75 2994 4140 -4047 -17.04 -48.03 332 1907 -866
60.60 1.44 385 -132 186 -27.87 -43.58 689 2709 -1425 -16.94 -48.50 351 2090 -735
60.56 1.50 -15 -19 -20 -27.44 -44.41 -1088 -1225 1783 -16.70 -49.16 408 1706 -462
60.58 1.45 -118 66 -49 -27.22 -44.96 -714 -1459 696 -16.54 -49.82 368 1024 -78
