60.99 1.55 124 -30 98 -26.54 -44.03 73 132 -109 -16.90 -52.23 10 29 -14
60.99 1.55 124 -30 98 -26.54 -44.03 73 132 -109 -16.90 -52.23 10 29 -14
60.97 1.55 132 -17 115 -26.54 -44.02 73 117 -101 -16.90 -52.22 -16 32 -25
60.98 1.55 148 -3 102 -26.55 -44.01 76 110 -114 -16.89 -52.22 -11 24 -8
60.98 1.56 154 9 89 -26.55 -43.99 65 103 -113 -16.89 -52.22 3 31 -15
60.98 1.55 121 -1 85 -26.56 -43.98 69 80 -83 -16.88 -52.22 13 32 -16
60.98 1.54 128 -16 99 -26.59 -43.93 35 3 -85 -16.88 -52.22 -13 30 -28
60.98 1.53 177 -32 124 -26.64 -43.82 -114 -197 83 -16.89 -52.21 -28 43 -46
60.96 1.54 202 -33 117 -26.81 -43.51 -365 -546 289 -16.89 -52.22 -10 23 -24
60.95 1.56 203 -40 119 -26.98 -42.95 -307 -660 346 -16.89 -52.21 15 33 -6
60.92 1.59 221 -40 122 -27.17 -42.24 -195 -463 166 -16.89 -52.20 22 32 -6
60.91 1.64 315 -34 155 -27.41 -41.42 -210 -257 53 -16.91 -52.19 8 23 -3
60.92 1.73 518 -123 283 -27.65 -40.51 -183 -140 -69 -16.91 -52.18 5 12 2
60.92 1.73 518 -123 283 -27.65 -40.51 -183 -140 -69 -16.91 -52.18 5 12 2
60.86 2.11 252 -140 163 -27.91 -38.62 130 601 -592 -16.92 -52.14 19 -12 11
60.84 2.26 56 -107 109 -27.97 -37.90 1226 1643 -1385 -16.95 -52.09 2 -41 27
60.81 2.37 6 -55 104 -27.93 -38.34 3028 3668 -3187 -16.98 -52.03 -55 -154 89
60.76 2.45 -76 49 75 -27.42 -41.75 3765 4831 -4268 -16.96 -51.88 -93 -431 245
60.69 2.45 -329 196 -28 -26.93 -44.35 -1296 -189 1519 -16.99 -51.57 -130 -666 249
60.59 2.30 -824 559 -302 -26.74 -44.88 -620 -1480 937 -17.16 -51.16 -139 -686 199
