63.01 -2.72 192 -14 90 -26.64 -41.79 80 23 -54 -14.43 -50.57 19 -52 21
63.00 -2.73 230 -28 88 -26.70 -41.71 50 12 -63 -14.38 -50.49 48 -102 86
62.98 -2.72 254 -47 93 -26.78 -41.62 20 37 -108 -14.31 -50.32 33 -314 227
62.95 -2.70 231 -58 94 -26.80 -41.54 98 41 -81 -14.22 -50.06 -75 -395 189
62.94 -2.67 211 -67 116 -26.84 -41.42 -29 -89 -16 -14.10 -49.85 -42 -207 22
62.92 -2.61 173 -46 98 -26.89 -41.22 -10 -84 -37 -14.00 -49.70 -24 -54 -20
62.91 -2.57 201 -54 113 -26.90 -41.02 73 -55 -51 -13.89 -49.51 20 33 38
62.92 -2.50 247 -66 142 -26.95 -40.79 100 6 -106 -13.73 -49.23 -10 412 18
62.94 -2.40 240 -67 114 -27.02 -40.60 209 126 -163 -13.50 -48.82 47 1238 -166
62.95 -2.31 216 -60 85 -27.08 -40.43 239 113 -102 -13.07 -48.48 220 2343 -826
62.97 -2.24 182 -36 65 -27.16 -40.23 109 -3 1 -12.54 -48.69 135 2433 -1259
62.98 -2.17 167 -14 46 -27.26 -39.94 43 -79 -8 -12.29 -49.32 -199 165 -554
62.98 -2.11 227 -28 84 -27.35 -39.61 -31 -39 -112 -12.39 -49.82 -663 -1550 570
62.98 -2.05 223 -36 89 -27.43 -39.21 -42 -4 -91 -12.18 -49.82 -537 -1308 419
63.02 -1.99 177 -85 135 -27.59 -38.62 -4 168 -151 -11.98 -49.72 -199 -725 -25
63.02 -1.91 43 -76 109 -27.76 -37.98 201 702 -594 -11.95 -49.65 207 -447 -340
63.01 -1.87 -103 -33 93 -27.97 -37.53 1493 2210 -1938 -12.17 -49.61 252 -365 -354
62.97 -1.91 -287 106 -7 -27.74 -39.31 3487 4271 -4123 -12.43 -49.65 273 -366 -252
62.84 -2.16 -789 354 -237 -27.45 -41.79 529 735 85 -12.70 -49.79 154 -425 -94
62.62 -2.74 -1314 628 -555 -27.54 -42.29 -909 -1520 1254 -12.96 -49.92 35 -299 -117
