65.57 -2.98 101 4 51 -28.62 -43.03 123 108 -104 -17.68 -50.45 -39 49 -50
65.60 -2.98 157 -22 92 -28.64 -43.03 90 139 -119 -17.63 -50.46 -2 52 -39
65.60 -2.96 234 -35 111 -28.63 -43.02 78 140 -126 -17.60 -50.47 6 43 -20
65.60 -2.91 299 -47 130 -28.62 -43.01 64 141 -134 -17.59 -50.47 15 45 -22
65.57 -2.85 221 -39 93 -28.61 -43.02 65 135 -123 -17.59 -50.47 1 49 -24
65.55 -2.79 97 -18 55 -28.62 -43.00 79 129 -110 -17.58 -50.47 -3 57 -23
65.55 -2.79 97 -18 55 -28.62 -43.00 79 129 -110 -17.58 -50.47 -3 57 -23
65.59 -2.73 140 -18 93 -28.66 -42.98 66 90 -79 -17.53 -50.49 -13 47 -37
65.59 -2.72 217 -49 148 -28.71 -42.89 -46 -35 29 -17.52 -50.51 22 4 -25
65.55 -2.70 209 -66 150 -28.88 -42.58 -652 -389 262 -17.52 -50.52 49 5 -24
65.50 -2.68 253 -74 126 -28.97 -41.83 -589 -750 592 -17.55 -50.52 26 26 -31
65.44 -2.64 248 -51 111 -29.12 -40.78 -558 -1013 567 -17.56 -50.51 5 51 -24
65.37 -2.59 266 -61 148 -29.41 -39.38 -719 -1008 423 -17.55 -50.52 9 34 -9
65.30 -2.55 354 -98 207 -29.66 -37.69 -256 -581 137 -17.53 -50.52 34 27 -5
65.21 -2.46 494 -153 299 -29.93 -36.05 326 307 -670 -17.55 -50.52 40 24 17
65.09 -2.33 656 -239 368 -30.19 -34.89 1365 1913 -2257 -17.59 -50.52 32 39 14
64.93 -2.12 552 -315 401 -30.22 -35.30 3962 4294 -4406 -17.62 -50.51 24 -5 13
64.71 -1.91 254 -302 303 -29.66 -39.01 4912 5277 -5107 -17.65 -50.51 49 -17 10
64.39 -1.82 -190 -120 71 -29.33 -42.23 -1065 331 787 -17.70 -50.48 46 -46 27
63.94 -1.94 -628 172 -192 -29.46 -42.35 -589 -1149 381 -17.78 -50.44 27 -179 67
