64.43 -1.81 186 8 89 -28.77 -42.30 100 114 -90 -18.55 -48.43 -120 -163 -133
64.44 -1.79 186 1 92 -28.66 -42.56 64 35 16 -18.30 -48.12 131 826 -415
64.45 -1.77 198 -5 86 -28.44 -43.05 78 -72 133 -17.87 -47.97 297 1772 -648
64.45 -1.74 180 -20 100 -28.20 -43.79 88 -10 78 -17.27 -48.04 559 2958 -973
64.46 -1.72 183 -17 105 -27.92 -44.71 106 71 99 -16.60 -48.46 406 3046 -1457
64.46 -1.68 259 -20 112 -27.59 -45.75 166 99 124 -16.45 -49.30 79 831 -509
64.47 -1.58 360 -22 106 -27.23 -46.85 169 21 169 -16.44 -49.63 -949 -1515 912
64.47 -1.58 360 -22 106 -27.23 -46.85 169 21 169 -16.44 -49.63 -949 -1515 912
64.48 -1.27 472 -88 141 -26.36 -50.08 -35 73 64 -15.62 -48.75 -453 -1047 199
64.47 -1.05 321 -46 54 -25.96 -51.55 -370 -379 459 -15.56 -48.24 143 -395 -343
64.49 -0.84 364 -94 134 -25.62 -52.57 -537 -830 707 -15.80 -47.89 263 -45 -487
64.49 -0.61 431 -144 212 -25.30 -53.46 -441 -578 370 -16.08 -47.77 170 -110 -301
64.50 -0.32 558 -204 265 -24.82 -54.63 -167 661 -340 -16.46 -47.67 -143 -176 -193
64.46 0.01 552 -318 356 -24.03 -56.21 735 2484 -914 -16.88 -47.54 -50 120 85
64.34 0.42 617 -367 409 -22.91 -58.65 1857 4844 -1760 -17.07 -47.39 90 1185 -444
64.23 0.91 854 -486 532 -21.34 -62.15 492 3861 -629 -17.29 -47.45 205 1531 -461
64.00 1.52 834 -480 427 -20.15 -64.20 -2003 151 2030 -17.23 -47.72 193 1263 -185
63.60 2.12 324 -343 190 -19.84 -64.73 -1103 -62 933 -16.80 -47.90 118 862 36
63.07 2.51 -426 -125 -95 -19.40 -65.41 -700 -455 264 -16.19 -48.01 87 481 2
62.57 2.62 -1307 275 -496 -19.02 -65.94 -356 -246 -3 -15.91 -48.07 -187 97 -80
