61.53 -0.91 450 -10 259 -22.09 -61.54 1583 5349 -1030 -17.06 -46.39 250 1022 -246
61.69 -1.27 904 -195 458 -20.76 -64.63 -1236 2419 951 -17.35 -46.29 254 1444 -440
61.76 -1.40 923 -157 362 -19.81 -66.19 -2055 -53 1939 -17.38 -46.36 182 1501 -480
61.86 -1.42 955 3 136 -19.31 -66.99 -1216 -348 937 -17.03 -46.65 192 1336 -486
61.95 -1.44 728 81 6 -18.89 -67.67 -687 -461 -7 -16.58 -47.02 93 716 -334
62.05 -1.45 641 82 15 -18.46 -68.27 -385 -412 -262 -16.24 -47.44 -182 -19 -163
62.11 -1.44 387 77 20 -18.19 -68.53 -214 -461 -315 -16.01 -47.85 -233 -400 -106
62.19 -1.44 116 127 -24 -18.18 -68.37 -181 -642 -199 -15.93 -48.28 -151 -411 -196
62.31 -1.51 45 -54 195 -18.72 -67.41 -682 -1134 115 -15.95 -48.80 168 -442 -91
62.39 -1.59 170 -142 322 -19.62 -65.21 -1534 -3022 678 -15.93 -49.26 234 -668 401
62.42 -1.58 264 -116 272 -20.59 -62.21 179 -543 -341 -15.83 -49.40 186 -702 460
62.44 -1.57 279 -46 152 -21.67 -59.08 -493 -1014 -97 -15.85 -49.43 180 -357 265
62.48 -1.57 231 38 51 -22.84 -55.32 87 -224 -446 -15.88 -49.46 87 -228 174
62.55 -1.58 197 63 21 -24.11 -51.14 828 912 -1301 -15.93 -49.48 -55 -139 115
62.61 -1.57 156 88 -1 -25.32 -46.94 1296 1457 -2052 -15.93 -49.47 -90 -69 58
62.72 -1.54 57 73 11 -26.20 -43.83 1620 1680 -2606 -15.93 -49.46 -69 -40 29
62.83 -1.56 102 -37 158 -26.64 -42.50 1956 1644 -2872 -15.93 -49.44 -8 24 -3
62.88 -1.60 220 -143 277 -26.73 -42.75 1663 956 -2161 -15.95 -49.43 59 48 -9
62.87 -1.59 275 -137 250 -26.80 -43.97 617 20 -1125 -15.99 -49.43 75 41 -13
62.85 -1.57 241 -69 143 -26.78 -44.32 -1324 -2017 1343 -16.02 -49.43 68 18 -2
