63.41 -1.45 140 12 87 -27.25 -44.31 53 125 -120 -16.86 -49.38 5 25 -27
63.46 -1.44 171 -11 76 -27.20 -44.32 99 138 -101 -16.85 -49.37 -1 37 -32
63.46 -1.43 164 -22 107 -27.20 -44.33 86 126 -109 -16.84 -49.36 -6 53 -19
63.46 -1.42 161 -26 136 -27.19 -44.35 98 114 -104 -16.84 -49.35 -9 60 -21
63.46 -1.42 161 -26 136 -27.19 -44.35 98 114 -104 -16.84 -49.35 -9 60 -21
63.45 -1.37 150 -5 94 -27.19 -44.43 131 70 -55 -16.80 -49.36 28 39 -24
63.45 -1.37 150 -5 94 -27.19 -44.43 131 70 -55 -16.80 -49.36 28 39 -24
63.48 -1.33 168 -13 68 -27.04 -44.98 171 -90 8 -16.79 -49.36 7 17 -36
63.50 -1.30 191 -16 82 -26.92 -45.55 233 -363 70 -16.79 -49.35 -14 27 -29
63.52 -1.26 226 -21 102 -26.63 -46.48 68 -1191 532 -16.79 -49.34 -17 29 -14
63.53 -1.21 255 -35 125 -26.39 -47.52 -382 -1843 1034 -16.77 -49.34 -24 33 -17
63.52 -1.15 292 -44 128 -26.26 -48.66 -297 -1415 824 -16.74 -49.35 10 45 -23
63.53 -1.04 474 -87 178 -26.02 -50.32 -54 -563 454 -16.71 -49.35 37 19 -18
63.54 -0.85 768 -116 228 -25.54 -52.35 112 462 105 -16.69 -49.36 24 4 -22
63.57 -0.48 1433 -217 387 -24.78 -54.67 725 2288 -698 -16.67 -49.37 12 -14 -18
63.62 0.21 1994 -418 545 -23.64 -57.61 1864 4826 -1612 -16.66 -49.36 13 -25 -13
63.49 1.21 1934 -546 494 -22.00 -61.59 2077 5945 -1469 -16.69 -49.35 16 -75 -23
63.11 2.29 1233 -557 254 -19.86 -65.93 -378 3975 473 -16.75 -49.35 5 -202 10
62.62 3.32 330 -433 -49 -18.71 -67.87 -2232 -189 2428 -16.82 -49.32 -39 -599 198
62.10 4.07 -294 -375 -116 -18.27 -68.85 -1402 -492 1142 -16.70 -49.22 19 -1482 461
