62.30 -0.40 185 -17 111 -26.66 -46.04 -150 10 258 -16.41 -50.31 -12 42 -36
62.30 -0.38 207 10 81 -26.64 -46.32 -473 -150 546 -16.39 -50.31 -9 39 -41
62.30 -0.36 272 -28 120 -26.73 -46.21 -682 -378 868 -16.36 -50.31 -12 35 -26
62.25 -0.37 339 -103 202 -26.97 -45.64 -742 -275 825 -16.33 -50.30 -33 36 -27
62.13 -0.33 265 -103 205 -27.33 -44.72 -480 248 355 -16.30 -50.30 -27 39 -33
62.02 -0.26 230 -62 155 -27.68 -43.57 84 895 -197 -16.26 -50.28 12 18 -18
61.88 -0.24 278 -136 190 -28.03 -42.36 700 1357 -745 -16.23 -50.26 17 -41 7
61.61 -0.31 455 -262 315 -28.48 -41.47 1232 1278 -995 -16.22 -50.19 -23 -145 86
61.05 -0.41 332 -274 282 -28.67 -41.25 1607 237 -1203 -16.21 -49.98 -209 -222 255
60.23 -0.67 -130 -229 140 -28.86 -41.60 -298 -1411 -362 -16.13 -49.45 -191 -372 320
59.25 -1.19 -809 60 -248 -29.15 -41.29 -845 -1422 -477 -16.01 -48.79 -161 -326 195
58.25 -1.98 -1283 553 -707 -29.19 -40.86 222 -674 -588 -15.87 -47.94 -158 -276 256
57.46 -3.04 -1122 936 -823 -29.24 -40.52 731 -46 -754 -15.72 -46.62 28 -14 83
56.98 -4.30 -146 890 -658 -29.34 -40.10 679 74 -718 -15.75 -44.87 65 312 -166
56.78 -5.37 1329 252 382 -29.48 -39.67 375 -219 -558 -15.80 -42.79 106 798 -464
56.82 -5.90 2513 -787 1249 -29.53 -39.33 -116 -703 -481 -15.83 -40.34 205 1485 -1182
56.36 -5.61 1659 -697 626 -29.49 -38.96 -469 -484 -386 -15.80 -37.98 666 2367 -2676
55.97 -5.13 474 -249 -237 -29.34 -38.58 25 175 -566 -16.46 -37.24 1692 3498 -4850
55.92 -4.83 -215 74 -612 -29.16 -38.48 427 942 -775 -16.68 -38.75 -854 -174 -879
56.14 -4.66 -138 130 -329 -28.98 -38.71 769 1661 -1122 -15.96 -38.73 -440 -1353 -593
