61.75 -0.74 158 -21 116 -27.72 -44.10 85 129 -116 -16.87 -49.43 12 61 -11
61.75 -0.74 158 -21 116 -27.72 -44.10 85 129 -116 -16.87 -49.43 12 61 -11
61.75 -0.71 152 10 74 -27.72 -44.09 76 132 -112 -16.87 -49.42 14 47 4
61.75 -0.71 152 10 74 -27.72 -44.09 76 132 -112 -16.87 -49.42 14 47 4
61.75 -0.71 146 -6 92 -27.71 -44.10 74 146 -110 -16.89 -49.33 11 54 17
61.75 -0.71 132 -5 83 -27.71 -44.10 74 148 -109 -16.90 -49.25 -1 108 18
61.76 -0.71 124 -10 86 -27.72 -44.10 73 143 -109 -16.87 -49.15 -52 48 86
61.76 -0.71 146 -15 102 -27.73 -44.11 74 129 -111 -16.82 -48.85 -132 -168 301
61.76 -0.71 146 -15 102 -27.73 -44.11 74 129 -111 -16.82 -48.85 -132 -168 301
61.76 -0.70 169 11 92 -27.72 -44.10 68 105 -117 -16.50 -47.33 -203 -341 192
61.76 -0.70 139 20 72 -27.73 -44.08 77 95 -81 -16.42 -46.00 -107 -222 12
61.76 -0.70 113 15 78 -27.75 -44.05 61 112 -63 -16.37 -44.29 -95 -136 -148
61.78 -0.71 111 4 96 -27.75 -44.09 59 134 -58 -16.28 -42.40 -112 34 -306
61.79 -0.72 137 -12 99 -27.73 -44.16 81 151 -72 -16.17 -40.28 -1 554 -718
61.80 -0.73 164 -38 108 -27.67 -44.35 39 118 -20 -16.01 -37.92 276 1182 -1350
61.80 -0.74 166 -47 120 -27.62 -44.51 82 147 -15 -15.94 -35.70 779 2024 -2635
61.78 -0.74 170 -21 117 -27.60 -44.69 91 190 25 -16.45 -34.63 1703 2970 -4564
61.78 -0.74 170 -21 117 -27.60 -44.69 91 190 25 -16.45 -34.63 1703 2970 -4564
61.74 -0.74 151 32 63 -27.60 -45.05 24 170 85 -16.81 -35.60 -542 -1937 275
61.74 -0.75 152 10 72 -27.56 -45.38 38 71 127 -17.03 -35.11 -605 -1732 3
