61.51 -0.69 70 4 61 -28.09 -43.83 69 130 -128 -16.45 -49.05 11 -7 -2
61.44 -0.77 54 -5 115 -28.09 -43.82 73 129 -117 -16.49 -49.00 20 -22 18
61.35 -0.86 1 -50 164 -28.09 -43.83 75 135 -112 -16.57 -48.92 43 48 14
61.22 -0.97 -33 -42 99 -28.09 -43.83 82 132 -109 -16.66 -48.81 44 119 -16
61.08 -1.14 45 -41 89 -28.09 -43.83 79 136 -116 -16.78 -48.64 -24 89 12
60.83 -1.35 42 -49 77 -28.08 -43.84 81 134 -124 -16.84 -48.31 -59 16 53
60.51 -1.57 101 -56 95 -28.08 -43.85 83 131 -121 -16.93 -47.81 -108 46 24
60.19 -1.80 277 -111 235 -28.08 -43.87 91 142 -120 -16.96 -47.12 -90 41 55
59.78 -2.04 373 -133 266 -28.08 -43.88 82 143 -113 -17.02 -46.20 -109 162 -48
59.07 -2.45 -94 30 -63 -28.07 -43.90 68 140 -102 -16.99 -45.09 -37 173 -135
58.10 -3.14 -869 582 -699 -28.03 -43.97 81 132 -87 -16.87 -43.70 -74 -286 120
57.25 -4.15 -991 1084 -964 -27.97 -44.13 53 79 -31 -16.68 -41.80 -137 -778 423
56.71 -5.48 -251 932 -598 -27.87 -44.46 -23 65 23 -16.52 -39.31 -14 -553 88
56.42 -6.60 1064 276 297 -27.74 -44.84 30 135 50 -16.42 -36.41 181 408 -784
56.47 -7.09 2188 -769 1230 -27.63 -45.28 37 180 88 -16.27 -33.36 626 1611 -2475
56.21 -6.78 1546 -744 712 -27.51 -45.82 49 197 94 -16.77 -32.02 1545 3107 -5225
56.01 -6.36 530 -287 -158 -27.36 -46.47 53 198 112 -17.61 -33.61 319 673 -1954
56.11 -6.07 52 -95 -353 -27.23 -47.14 39 181 141 -17.22 -34.40 -1240 -2306 1367
56.45 -5.75 355 -171 49 -27.14 -47.79 -114 200 162 -17.05 -34.29 -933 -2133 686
57.00 -5.17 831 -319 488 -27.06 -48.46 -117 305 89 -16.89 -34.33 -320 -1554 340
