62.38 -0.80 175 -8 105 -27.76 -42.51 -220 -829 466 -16.22 -49.45 9 38 -22
62.39 -0.79 187 -8 97 -27.82 -42.01 -45 -555 329 -16.21 -49.45 -2 31 -11
62.40 -0.77 158 -15 95 -27.97 -41.41 -2 -207 104 -16.20 -49.45 -11 24 -21
62.40 -0.77 158 -15 95 -27.97 -41.41 -2 -207 104 -16.20 -49.45 -11 24 -21
62.43 -0.71 284 -69 183 -28.22 -40.09 135 1135 -641 -16.15 -49.46 11 14 -20
62.46 -0.62 599 -111 272 -28.16 -39.64 623 2105 -1163 -16.14 -49.46 15 14 -13
62.51 -0.40 931 -157 351 -27.98 -39.75 1486 2742 -1230 -16.13 -49.45 3 -20 -5
62.53 -0.03 884 -167 250 -27.92 -40.29 2058 2235 -1568 -16.10 -49.43 -42 -154 66
62.50 0.38 614 -109 78 -27.49 -42.21 1022 -531 -565 -16.03 -49.34 -99 -347 164
62.41 0.75 310 -78 5 -27.59 -43.32 -2250 -2480 1125 -16.00 -49.09 -240 -916 474
62.32 1.03 -140 -42 -42 -27.61 -42.83 -2162 -2345 1487 -15.92 -48.63 -114 -1005 368
62.16 1.12 -792 103 -142 -27.60 -41.98 -108 -736 130 -15.96 -48.14 -77 -1051 439
62.00 0.85 -1124 307 -218 -27.75 -41.55 784 453 -828 -15.94 -47.48 -21 -949 401
61.74 0.10 -1206 391 -284 -28.00 -41.27 477 501 -862 -15.89 -46.79 -22 -322 6
61.28 -0.91 -1302 678 -587 -28.31 -40.85 -14 281 -808 -15.80 -46.26 61 637 -502
61.68 -1.64 1407 137 669 -28.42 -40.46 -258 9 -733 -15.76 -46.02 277 2184 -1486
62.21 -1.66 2845 -759 1500 -28.37 -40.09 -651 -16 -251 -16.19 -46.78 1245 5170 -3813
61.70 -1.11 1567 -662 716 -28.24 -39.56 121 360 -174 -17.36 -49.66 2138 6647 -4833
61.20 -0.54 119 -269 -353 -28.16 -39.34 810 927 -363 -17.53 -53.19 -2013 819 216
61.06 -0.26 -895 -167 -747 -28.11 -39.59 1086 1312 -668 -16.53 -53.47 -1212 31 -212
