62.55 -0.64 183 -23 96 -27.32 -43.73 -162 -822 335 -16.18 -50.97 -11 37 -33
62.56 -0.62 182 -11 78 -27.57 -43.29 -124 -411 -35 -16.16 -50.94 -33 28 -32
62.56 -0.59 210 -13 102 -27.79 -42.79 -151 24 -158 -16.11 -50.91 -51 18 -37
62.56 -0.55 280 -45 156 -27.92 -42.25 -19 787 -379 -16.05 -50.86 -51 -5 -29
62.53 -0.47 375 -60 192 -27.98 -41.79 350 1662 -632 -15.97 -50.83 24 -7 -22
62.53 -0.31 573 -69 219 -27.90 -41.46 731 2359 -806 -15.92 -50.79 45 -26 -15
62.58 -0.04 863 -159 294 -27.74 -41.29 1603 2570 -573 -15.90 -50.74 39 -114 31
62.54 0.35 872 -252 333 -27.80 -41.12 2312 1346 -1048 -15.90 -50.65 -20 -287 135
62.46 0.83 648 -265 245 -27.93 -42.10 -1135 -1590 -169 -15.83 -50.43 -95 -792 474
62.32 1.30 271 -263 161 -28.04 -42.37 -1892 -2592 951 -15.68 -49.93 -65 -1217 642
62.15 1.65 -355 -140 3 -27.78 -41.78 -724 -1898 746 -15.53 -49.12 -242 -1737 973
61.97 1.71 -985 54 -153 -27.92 -41.05 351 -153 -704 -15.35 -47.74 -303 -1846 862
61.74 1.29 -1137 68 -49 -28.11 -40.76 726 624 -1099 -15.35 -46.01 -294 -1128 136
61.26 0.40 -1056 99 -33 -28.29 -40.52 412 561 -1043 -15.41 -44.49 -221 173 -793
60.56 -0.51 -1388 599 -715 -28.41 -40.17 -12 379 -897 -15.38 -43.51 -152 1539 -1499
60.55 -1.33 341 803 -134 -28.36 -39.88 -459 -79 -613 -15.34 -43.15 400 3587 -2900
61.50 -1.61 3064 -497 1395 -28.23 -39.50 -736 8 -268 -15.87 -44.39 1609 6432 -5211
61.15 -1.15 1982 -599 872 -27.95 -39.04 195 494 -145 -17.10 -48.31 2659 7097 -6295
60.47 -0.57 421 -344 -170 -27.77 -38.86 814 960 -283 -17.23 -52.84 -2430 1287 107
60.26 -0.15 -906 -95 -820 -27.74 -39.00 878 1154 -452 -15.88 -53.05 -1118 534 -465
