62.34 -0.76 151 -18 92 -26.62 -44.31 65 123 -112 -15.54 -51.25 9 19 -28
62.34 -0.77 176 -33 116 -26.62 -44.31 66 127 -108 -15.54 -51.25 7 8 -28
62.33 -0.76 160 -31 125 -26.62 -44.32 68 127 -106 -15.56 -51.24 -16 -27 -24
62.32 -0.75 143 -10 105 -26.61 -44.33 73 119 -108 -15.53 -51.23 3 -6 -15
62.32 -0.76 151 -11 90 -26.62 -44.33 76 122 -114 -15.51 -51.21 23 -5 -11
62.32 -0.77 143 -10 70 -26.62 -44.32 76 122 -114 -15.52 -51.18 36 -3 -10
62.33 -0.77 150 -5 75 -26.63 -44.32 73 130 -115 -15.54 -51.16 33 -49 19
62.34 -0.78 158 -6 89 -26.63 -44.32 65 136 -111 -15.55 -51.10 -27 -244 127
62.34 -0.78 138 -7 95 -26.63 -44.32 69 136 -107 -15.56 -50.87 -239 -799 466
62.34 -0.79 158 -16 117 -26.63 -44.33 68 132 -102 -15.49 -50.29 -218 -1032 413
62.33 -0.79 173 -17 112 -26.63 -44.34 82 119 -92 -15.43 -49.55 -322 -1218 537
62.32 -0.79 145 -11 89 -26.63 -44.35 113 102 -63 -15.40 -48.51 -151 -928 216
62.32 -0.79 127 -5 76 -26.65 -44.36 126 72 -38 -15.51 -47.49 -23 -223 -266
62.32 -0.79 138 -15 88 -26.62 -44.55 76 75 -28 -15.60 -46.76 73 498 -599
62.32 -0.80 148 -20 98 -26.58 -44.74 74 109 -43 -15.59 -46.33 193 1168 -836
62.32 -0.78 133 -6 101 -26.55 -44.92 63 149 -78 -15.55 -46.23 334 2087 -1356
62.32 -0.78 145 -10 118 -26.53 -45.08 63 151 -77 -15.66 -46.73 749 3776 -2755
62.32 -0.78 165 -12 117 -26.51 -45.22 50 121 -53 -16.46 -48.73 1828 5497 -4483
62.32 -0.76 172 -15 98 -26.45 -45.44 67 39 -45 -16.69 -51.90 -502 897 99
62.32 -0.76 180 -10 90 -26.39 -45.75 -115 -269 95 -15.78 -52.27 -749 -345 -125
