63.64 -3.03 171 -20 82 -26.16 -42.57 83 126 -121 -13.64 -51.85 -1 26 -12
63.63 -3.03 124 -15 86 -26.16 -42.58 87 130 -123 -13.64 -51.85 -3 17 -18
63.64 -3.03 124 -21 101 -26.15 -42.59 93 118 -113 -13.63 -51.86 -17 3 -19
63.66 -3.03 152 -19 90 -26.15 -42.59 84 111 -115 -13.62 -51.86 -5 8 -26
63.67 -3.03 190 -25 95 -26.15 -42.60 103 124 -123 -13.61 -51.86 12 6 -6
63.68 -3.04 188 -38 104 -26.10 -42.66 57 84 -95 -13.61 -51.85 13 11 -9
63.67 -3.03 138 -38 107 -26.07 -42.71 99 45 -85 -13.61 -51.85 13 17 -11
63.68 -3.03 152 -26 95 -26.01 -42.79 157 -17 -32 -13.60 -51.85 -2 18 -30
63.69 -3.01 233 -28 109 -25.90 -43.21 80 -235 65 -13.60 -51.85 -6 17 -27
63.70 -2.97 338 -62 127 -25.59 -44.01 251 -414 186 -13.59 -51.86 7 20 -16
63.71 -2.87 397 -69 112 -25.15 -45.17 23 -849 541 -13.59 -51.86 20 23 -23
63.78 -2.69 756 -142 215 -24.66 -46.32 -352 -1250 869 -13.59 -51.86 19 34 -20
63.88 -2.30 1090 -180 215 -24.12 -47.79 -137 -799 535 -13.60 -51.86 11 26 -15
63.98 -1.73 1179 -233 202 -23.56 -49.86 -36 73 96 -13.59 -51.87 -8 27 -29
63.98 -1.73 1179 -233 202 -23.56 -49.86 -36 73 96 -13.59 -51.87 -8 27 -29
64.28 -0.36 849 -352 225 -22.22 -54.26 1703 4142 -1972 -13.57 -51.88 23 22 -14
64.27 0.29 219 -294 143 -20.85 -57.85 1443 4782 -1778 -13.57 -51.89 34 21 -11
64.17 0.86 -598 -46 -128 -20.32 -59.20 1043 3402 -190 -13.57 -51.89 5 13 -23
64.07 1.12 -1433 325 -442 -19.61 -60.44 -389 406 1665 -13.57 -51.90 -9 20 -24
64.03 0.89 -2203 605 -662 -19.29 -61.34 -466 -61 829 -13.55 -51.90 3 -5 -1
