63.59 -1.00 148 -3 85 -25.16 -44.44 75 144 -102 -14.43 -51.28 14 15 -8
63.62 -0.98 188 -11 99 -25.16 -44.44 66 140 -102 -14.43 -51.29 33 29 -11
63.64 -0.96 308 -75 181 -25.15 -44.44 68 125 -107 -14.44 -51.30 25 23 -12
63.64 -0.96 308 -75 181 -25.15 -44.44 68 125 -107 -14.44 -51.30 25 23 -12
63.62 -0.71 507 -59 132 -25.14 -44.46 61 102 -115 -14.44 -51.31 16 -88 5
63.61 -0.53 580 -64 117 -25.14 -44.45 58 107 -113 -14.49 -51.30 6 -136 22
63.60 -0.25 785 -72 143 -25.14 -44.45 64 127 -110 -14.55 -51.33 116 -153 -66
63.61 0.16 1104 -198 294 -25.14 -44.45 66 134 -114 -14.67 -51.95 207 -231 -64
63.53 0.74 1143 -339 368 -25.14 -44.45 71 136 -115 -14.92 -52.77 319 -473 15
63.32 1.42 630 -335 206 -25.13 -44.44 65 115 -117 -15.11 -53.96 91 -1134 492
63.10 2.05 -25 -245 8 -25.11 -44.45 60 118 -120 -15.14 -55.26 -141 -1291 483
62.88 2.52 -656 -75 -144 -25.10 -44.46 60 118 -111 -15.29 -56.70 -129 -615 126
62.68 2.64 -1178 235 -361 -25.10 -44.47 60 136 -108 -15.52 -58.29 -110 139 -29
62.54 2.37 -1756 735 -821 -25.08 -44.48 61 131 -101 -15.62 -59.89 -414 1088 -51
62.46 1.51 -2078 883 -991 -25.08 -44.50 61 91 -102 -15.33 -61.46 -198 2633 -358
62.78 0.41 -542 605 -126 -25.04 -44.51 35 34 -108 -14.87 -63.51 566 4244 -550
63.47 -0.25 1968 -669 1521 -25.04 -44.53 -9 -32 -85 -14.42 -66.02 1302 5526 -822
63.23 -0.01 1937 -1000 1386 -25.04 -44.56 28 -69 -47 -14.05 -68.84 547 1786 1724
62.79 0.60 829 -774 354 -25.00 -44.58 16 -292 139 -13.44 -69.74 -467 -170 1528
62.54 1.08 -9 -402 -397 -24.98 -44.43 -5 -560 362 -13.02 -70.51 -689 -894 409
