63.98 -1.00 262 -43 131 -25.22 -41.62 75 42 -234 -14.17 -52.30 -5 15 -31
63.96 -0.95 365 -56 160 -25.17 -41.38 318 576 -471 -14.18 -52.29 -2 -11 -17
63.95 -0.85 454 -60 162 -25.10 -41.31 500 1099 -719 -14.19 -52.29 -3 -48 -9
63.92 -0.69 448 -34 128 -24.98 -41.40 674 1518 -755 -14.22 -52.29 -9 -111 -8
63.91 -0.48 431 -74 108 -24.86 -41.59 876 1985 -682 -14.30 -52.29 -1 -223 18
63.91 -0.24 534 -95 149 -24.75 -41.83 1237 2552 -964 -14.41 -52.34 98 -249 39
63.93 0.12 866 -215 308 -24.56 -42.47 1365 1719 -982 -14.65 -52.56 119 -101 -157
63.86 0.63 936 -302 343 -24.63 -43.61 -811 -833 139 -14.85 -53.06 67 -421 52
63.86 0.63 936 -302 343 -24.63 -43.61 -811 -833 139 -14.85 -53.06 67 -421 52
63.50 1.83 74 -171 14 -24.70 -43.04 -836 -1332 335 -15.23 -54.79 -87 -726 79
63.36 2.27 -344 -55 -137 -24.60 -42.74 244 -493 -217 -15.35 -56.14 -90 -635 175
63.24 2.53 -721 102 -299 -24.66 -42.55 243 -423 -80 -15.43 -57.58 -137 25 106
63.21 2.56 -1012 259 -367 -24.80 -42.24 95 -416 -32 -15.49 -58.99 2 938 -35
63.27 2.32 -1130 402 -418 -24.97 -41.89 -83 -302 -70 -15.41 -60.51 82 1562 -69
63.24 1.72 -1483 609 -596 -25.16 -41.49 -315 -282 -173 -15.16 -62.10 72 2172 -58
63.37 0.80 -936 642 -376 -25.29 -40.96 -253 249 -152 -14.76 -63.88 419 3258 -426
63.87 -0.02 1163 -285 987 -25.31 -40.49 358 855 -598 -14.42 -66.30 891 4292 -322
63.88 -0.12 1792 -781 1297 -25.29 -40.37 431 1043 -674 -13.84 -68.53 307 962 1817
63.57 0.28 1052 -601 531 -25.41 -40.24 433 1075 -748 -13.26 -69.23 -510 -540 1242
63.36 0.68 338 -272 -212 -25.46 -40.25 490 1032 -740 -12.86 -69.72 -507 -1054 314
