64.38 -1.47 180 -8 98 -25.35 -42.73 -205 -893 508 -15.15 -52.01 -2 25 -27
64.38 -1.47 180 -8 98 -25.35 -42.73 -205 -893 508 -15.15 -52.01 -2 25 -27
64.39 -1.43 178 -16 97 -25.07 -42.34 106 176 -158 -15.12 -51.98 2 18 -27
64.39 -1.39 246 -30 119 -25.00 -42.11 348 882 -309 -15.12 -51.98 -2 10 -28
64.40 -1.34 308 -44 134 -25.02 -41.76 531 1670 -497 -15.11 -51.98 -18 -17 -7
64.40 -1.24 397 -40 134 -25.03 -41.47 862 2384 -788 -15.09 -51.97 -11 -66 -2
64.40 -1.11 557 -66 172 -25.04 -41.31 1265 2315 -1185 -15.09 -51.96 11 -83 -12
64.41 -0.85 873 -149 262 -24.95 -41.79 623 594 -902 -15.12 -51.98 66 -153 -24
64.38 -0.39 1060 -230 301 -25.00 -42.35 -1591 -1449 441 -15.24 -52.08 32 -375 90
64.27 0.22 976 -267 239 -24.99 -41.90 -1440 -1462 469 -15.36 -52.60 159 -638 36
64.11 0.87 699 -286 171 -24.81 -41.42 41 -565 -243 -15.64 -53.62 206 -837 -25
63.91 1.51 234 -211 29 -24.80 -41.16 378 -269 -349 -15.95 -55.26 1 -747 54
63.69 2.03 -372 -32 -149 -24.91 -40.87 260 -301 -230 -16.15 -56.98 -183 -460 156
63.52 2.27 -910 220 -340 -25.08 -40.56 12 -355 -114 -16.23 -58.59 -312 280 95
63.34 2.06 -1352 414 -505 -25.25 -40.15 -126 -256 -146 -16.08 -60.10 -363 1431 -64
63.13 1.43 -1858 674 -722 -25.44 -39.76 -510 17 -102 -15.61 -61.81 84 2917 -334
63.34 0.55 -882 587 -306 -25.61 -39.12 -29 688 -435 -15.14 -63.89 785 4293 -513
63.87 -0.10 1259 -364 1057 -25.57 -38.77 645 1256 -756 -14.87 -66.42 320 2732 759
63.81 -0.03 1529 -756 1164 -25.63 -38.63 741 1386 -950 -14.26 -68.36 -1127 -106 1844
63.50 0.42 724 -577 349 -25.69 -38.80 666 1244 -801 -13.75 -68.59 -624 -827 894
