61.34 -3.14 251 251 103 -25.17 -43.97 51 138 -3 -15.38 -56.67 -7 -808 823
60.64 -3.57 237 413 31 -25.17 -44.07 -35 142 29 -15.54 -56.64 115 -201 614
59.79 -4.02 -333 626 -284 -25.16 -44.09 -67 193 30 -15.62 -56.34 -39 185 576
59.03 -4.64 -696 815 -584 -25.13 -44.15 -77 269 -6 -15.52 -55.59 -392 168 622
58.41 -5.47 -718 811 -693 -25.09 -44.26 -83 372 22 -15.24 -54.23 -254 429 274
57.79 -6.41 -594 803 -858 -25.02 -44.17 -70 321 452 -14.77 -52.73 -57 802 -339
57.25 -7.44 -319 414 -536 -25.21 -43.38 -98 240 379 -14.39 -51.39 155 1377 -970
56.95 -8.44 769 -361 233 -25.47 -42.73 -97 172 167 -14.07 -50.44 251 1854 -1488
56.77 -9.12 1818 -1201 1148 -25.80 -41.91 -53 -19 52 -13.74 -50.23 18 762 -1412
56.77 -9.12 1818 -1201 1148 -25.80 -41.91 -53 -19 52 -13.74 -50.23 18 762 -1412
56.39 -8.94 1023 -1200 547 -26.56 -39.89 -6 89 -197 -13.72 -50.23 -1057 -2220 -315
56.36 -8.64 428 -787 -131 -26.85 -38.88 -36 261 -240 -13.72 -50.02 -925 -1955 -389
56.61 -8.27 409 -563 -450 -27.11 -37.90 -50 523 -307 -13.57 -49.81 -305 -969 -777
57.04 -7.64 246 -450 -573 -27.46 -36.93 -132 635 -485 -13.57 -49.60 346 -417 -1016
57.53 -7.09 136 -567 -395 -27.72 -35.81 -361 726 -642 -13.78 -49.44 714 -343 -1046
57.99 -6.55 130 -514 -72 -27.78 -34.44 192 902 -973 -14.23 -49.42 789 -278 -1074
58.53 -5.91 169 -370 -77 -27.74 -33.32 1038 1372 -1836 -14.92 -49.53 188 -10 -1025
58.96 -5.29 350 -254 -40 -27.48 -33.35 2529 2002 -2601 -15.46 -49.95 -148 -238 -669
59.49 -4.62 415 -130 -66 -27.42 -34.13 139 -716 188 -15.57 -50.42 182 147 -659
59.98 -3.97 200 -27 -56 -27.43 -34.82 -877 -1774 1029 -15.86 -51.01 53 399 -618
