62.40 -0.80 -72 -7 120 -25.79 -42.46 55 135 36 -17.34 -55.12 -6 202 235
62.06 -1.10 -40 3 128 -25.81 -42.58 67 131 95 -17.34 -55.63 -124 269 267
61.67 -1.38 81 52 111 -25.87 -42.70 33 168 62 -17.23 -56.04 -178 299 238
61.24 -1.68 278 25 151 -25.89 -42.83 49 205 38 -17.01 -56.45 -85 192 176
60.63 -2.03 394 -61 158 -25.94 -42.94 20 260 -11 -16.86 -56.80 47 107 267
59.87 -2.44 322 -49 35 -25.98 -43.09 -2 298 -84 -16.60 -57.04 255 -138 384
59.04 -2.89 97 172 -254 -26.00 -43.25 -71 312 -46 -16.40 -57.09 242 -311 513
58.29 -3.42 -136 423 -539 -26.07 -42.99 -99 190 213 -16.23 -56.75 135 -521 596
57.64 -4.05 -221 620 -730 -26.22 -42.56 147 326 27 -15.88 -56.04 -6 -335 411
57.11 -4.77 -105 624 -614 -26.38 -42.26 265 289 -43 -15.27 -55.03 7 277 -140
56.84 -5.58 774 208 162 -26.66 -41.88 -4 216 -78 -14.59 -54.14 283 879 -811
56.50 -6.02 995 -165 702 -26.92 -41.43 -23 274 -150 -14.18 -53.78 117 698 -1038
56.35 -6.23 1397 -663 1077 -27.17 -40.92 42 308 -190 -13.94 -53.67 -329 -357 -619
56.20 -6.10 1050 -868 856 -27.42 -40.34 161 217 -155 -13.90 -53.56 -838 -1685 -66
56.20 -6.10 1050 -868 856 -27.42 -40.34 161 217 -155 -13.90 -53.56 -838 -1685 -66
56.05 -5.61 113 -787 -218 -28.90 -37.87 496 1283 -832 -13.86 -52.45 -655 -928 -654
56.18 -5.22 -26 -634 -575 -28.62 -38.30 -425 418 784 -13.87 -52.08 -104 -102 -1122
56.53 -4.71 -43 -513 -646 -28.53 -38.42 -49 579 511 -14.01 -51.85 471 169 -1292
56.96 -4.36 49 -502 -208 -28.42 -38.57 -138 559 511 -14.36 -51.64 788 51 -1219
57.42 -4.02 546 -513 267 -28.28 -38.83 -118 613 441 -14.89 -51.46 527 -226 -924
