62.57 0.86 162 -7 71 -26.70 -43.26 -136 158 52 -17.83 -52.27 -29 39 -24
62.57 0.86 191 -14 84 -26.64 -43.40 -6 288 -13 -17.82 -52.28 -5 38 -13
62.57 0.85 183 -39 97 -26.62 -43.55 -121 323 -27 -17.81 -52.29 15 43 -17
62.55 0.86 123 -40 99 -26.54 -43.78 -104 321 55 -17.80 -52.30 20 38 -31
62.54 0.87 74 -2 100 -26.37 -44.15 -24 310 156 -17.82 -52.31 1 26 -38
62.54 0.88 95 25 110 -26.41 -43.79 -434 -68 633 -17.81 -52.33 -27 33 -42
62.55 0.89 135 56 90 -26.57 -42.97 -290 -113 244 -17.80 -52.34 -29 45 -13
62.57 0.91 159 78 72 -26.60 -42.37 -114 -19 -62 -17.77 -52.37 -11 58 30
62.57 0.91 159 78 72 -26.60 -42.37 -114 -19 -62 -17.77 -52.37 -11 58 30
62.58 0.91 212 77 103 -26.68 -41.03 -218 -9 -4 -17.76 -52.44 41 63 81
62.58 0.93 152 77 121 -26.72 -40.12 187 275 -69 -17.78 -52.51 66 77 42
62.56 0.91 52 95 140 -26.85 -39.09 256 472 -239 -17.81 -52.62 14 68 69
62.55 0.88 8 127 162 -27.18 -37.83 25 706 -401 -17.85 -52.75 4 103 84
62.55 0.82 37 198 115 -27.52 -36.37 -123 909 -748 -17.87 -52.89 -14 117 132
62.59 0.79 160 239 89 -27.78 -34.77 94 1285 -1447 -17.88 -53.08 -9 133 182
62.60 0.71 248 174 131 -27.82 -33.65 1207 1949 -2444 -17.90 -53.38 34 111 230
62.49 0.61 -34 136 115 -27.44 -34.10 2988 2644 -3280 -17.92 -53.80 108 104 257
62.42 0.52 27 145 146 -27.13 -35.92 1676 656 -1317 -18.01 -54.28 18 293 248
62.43 0.48 192 106 230 -26.99 -36.41 -339 -2012 781 -18.04 -54.86 -89 234 155
62.38 0.47 281 74 238 -26.96 -36.46 7 -2127 56 -18.03 -55.53 -160 114 180
