62.55 1.61 53 -16 79 -26.86 -41.48 82 113 -123 -18.80 -49.15 8 60 -124
62.56 1.64 210 -29 138 -26.87 -41.48 -13 41 -34 -18.94 -48.84 -186 3 -89
62.51 1.71 218 -2 108 -26.91 -41.44 90 70 -81 -18.97 -48.51 -310 -56 -71
62.41 1.78 82 70 47 -26.98 -41.37 41 58 -46 -18.85 -48.19 -225 -78 -80
62.32 1.76 -309 238 -119 -27.05 -41.24 -58 -39 65 -18.62 -47.88 -48 100 -62
62.17 1.47 -977 501 -452 -27.16 -40.96 -442 -482 545 -18.23 -47.53 -24 712 -68
62.06 0.83 -1638 779 -812 -27.35 -40.18 -443 -885 885 -17.57 -47.13 256 1828 -472
61.92 -0.19 -2096 912 -1115 -27.59 -39.33 -193 -675 508 -16.73 -47.11 695 2966 -1083
61.92 -1.52 -715 724 -314 -27.80 -38.66 22 -266 -11 -15.73 -47.50 612 3382 -1518
62.58 -2.40 2635 -684 1554 -28.00 -38.03 75 11 -299 -15.52 -48.49 -3 504 -977
62.37 -2.38 2248 -1001 1396 -28.14 -37.39 9 93 -466 -15.64 -49.15 -890 -2747 1024
61.94 -1.97 1056 -680 494 -28.23 -36.75 -51 76 -563 -15.52 -48.76 -939 -2593 932
61.96 -1.68 624 -426 -46 -28.30 -36.07 -39 58 -569 -15.26 -48.25 -275 -1364 76
61.86 -1.51 509 -215 -164 -28.34 -35.40 268 181 -588 -15.25 -47.90 271 -534 -416
61.98 -1.33 814 -158 -15 -28.39 -34.87 574 650 -781 -15.46 -47.70 403 -226 -459
62.08 -0.89 1023 -184 238 -28.43 -34.69 1342 1925 -1801 -15.81 -47.63 138 -465 -258
62.15 -0.31 436 -338 299 -28.28 -35.81 3093 4014 -3785 -16.23 -47.69 -264 -821 59
62.13 0.09 -565 -79 -39 -27.61 -39.70 4052 5091 -4818 -16.35 -47.53 -76 -17 -178
62.18 0.24 -780 -1 -37 -27.04 -43.24 -1503 441 1026 -16.53 -47.54 -72 913 -475
62.22 0.27 -890 185 -169 -26.88 -43.69 -836 -1159 585 -16.58 -47.76 149 1467 -553
