62.82 0.76 124 -138 118 -26.94 -42.61 65 145 -131 -17.80 -49.87 85 -559 293
62.76 0.90 -74 -90 78 -26.94 -42.62 65 117 -122 -18.14 -49.46 11 -503 285
62.74 1.00 -82 -42 99 -26.94 -42.60 61 79 -134 -18.37 -49.19 80 -346 172
62.70 1.03 -153 -10 103 -26.94 -42.59 101 93 -149 -18.62 -49.01 166 -30 62
62.63 1.00 -438 146 -69 -26.94 -42.57 60 103 -115 -18.81 -48.95 221 439 -77
62.45 0.74 -895 420 -363 -26.96 -42.56 105 107 -72 -18.92 -48.97 140 1158 -275
62.45 0.20 -1390 769 -730 -27.03 -42.48 122 -50 8 -18.62 -49.23 129 2171 -617
62.42 -0.74 -1702 919 -963 -27.02 -42.48 209 -292 152 -17.82 -49.85 399 3012 -910
62.39 -2.01 -1079 971 -555 -27.11 -42.31 -449 -679 494 -16.80 -50.82 238 3029 -1187
63.04 -3.00 2360 -313 1170 -27.28 -41.79 -240 -477 272 -16.50 -52.15 -539 -688 35
62.95 -3.21 2475 -961 1387 -27.47 -41.25 -135 -331 263 -16.36 -52.53 -837 -2511 869
62.41 -2.89 889 -637 383 -27.80 -40.36 -356 -385 342 -16.21 -52.28 -566 -1500 277
62.43 -2.70 351 -375 -128 -28.12 -39.16 -307 -225 40 -16.04 -52.07 -24 -783 -104
62.39 -2.64 488 -317 -82 -28.39 -37.82 -154 165 -491 -16.01 -51.85 275 -265 -410
62.42 -2.56 640 -319 129 -28.59 -36.37 485 845 -1182 -16.17 -51.65 5 -314 -292
62.43 -2.21 664 -362 281 -28.77 -35.40 1612 2092 -2269 -16.28 -51.39 -174 -540 -118
62.50 -1.67 832 -325 408 -28.69 -36.39 3523 4016 -4254 -16.42 -51.03 -305 -596 -238
62.49 -1.12 -47 -235 189 -27.92 -40.47 2762 3826 -3721 -16.53 -50.65 -199 -177 -18
62.47 -0.78 -566 60 -75 -27.65 -42.55 -2044 -1114 1815 -16.56 -50.21 -154 856 -514
62.58 -0.65 -615 131 -66 -27.35 -43.17 -1071 -1587 833 -16.54 -50.05 99 1157 -450
