63.22 -0.94 174 -1 99 -27.55 -41.72 79 176 -129 -16.94 -50.65 -24 19 -31
63.21 -0.98 201 3 104 -27.56 -41.80 81 179 -153 -16.93 -50.65 -1 27 -15
63.20 -0.99 213 7 91 -27.57 -41.81 41 167 -141 -16.92 -50.65 -1 15 -5
63.20 -1.01 205 -9 105 -27.58 -41.80 138 228 -218 -16.92 -50.65 -11 12 -19
63.19 -1.01 156 5 79 -27.62 -41.76 113 189 -167 -16.91 -50.65 -4 18 -36
63.18 -1.01 135 -6 101 -27.64 -41.70 92 194 -147 -16.88 -50.64 -18 32 -29
63.17 -1.03 171 2 100 -27.68 -41.61 39 179 -145 -16.85 -50.64 -13 36 -14
63.17 -1.03 171 2 100 -27.68 -41.61 39 179 -145 -16.85 -50.64 -13 36 -14
63.16 -1.01 210 15 85 -27.78 -41.40 99 93 -165 -16.85 -50.63 64 14 10
63.16 -1.01 210 15 85 -27.78 -41.40 99 93 -165 -16.85 -50.63 64 14 10
63.13 -1.00 129 -11 94 -27.82 -41.19 -504 -625 484 -16.97 -50.63 10 33 -11
63.12 -0.99 79 2 65 -28.07 -39.72 -882 -1449 1163 -17.00 -50.63 6 78 -29
63.12 -1.02 100 15 49 -28.37 -38.15 -452 -1091 471 -17.02 -50.63 4 94 -31
63.12 -1.06 125 15 60 -28.70 -36.62 -379 -641 -32 -17.02 -50.64 19 61 -5
63.12 -1.10 171 3 84 -28.92 -35.10 96 121 -690 -17.02 -50.64 29 28 8
63.10 -1.14 182 -17 115 -28.97 -34.28 1687 1967 -2217 -17.04 -50.63 17 23 14
63.07 -1.18 130 5 86 -28.84 -35.48 3679 4483 -4487 -17.04 -50.62 14 43 9
63.07 -1.18 130 5 86 -28.84 -35.48 3679 4483 -4487 -17.04 -50.62 14 43 9
63.01 -1.33 47 1 93 -28.06 -41.75 -2374 -761 1915 -17.05 -50.62 18 31 38
62.98 -1.43 63 -8 91 -27.66 -42.32 -1010 -1537 996 -17.03 -50.64 14 -61 102
