62.73 0.26 549 -530 134 -21.64 -60.22 765 2738 -1185 -15.98 -47.62 -55 -588 -249
62.52 0.56 289 -357 130 -20.35 -63.22 -229 1318 210 -16.29 -47.38 -228 -456 -260
62.43 0.97 338 -338 333 -19.01 -65.92 1535 4789 -860 -16.61 -47.23 -159 -258 132
62.21 1.40 -467 -15 -1 -17.96 -67.49 92 2809 986 -16.71 -47.02 -50 790 -350
62.18 1.56 -740 181 -75 -17.45 -68.29 -47 1430 604 -16.98 -46.91 156 1364 -465
62.22 1.54 -1037 416 -276 -17.04 -68.91 -50 577 203 -16.99 -46.96 356 1639 -474
62.32 1.27 -1193 566 -512 -16.77 -69.29 51 167 -60 -16.80 -47.16 438 1635 -411
62.48 0.73 -1130 537 -532 -16.70 -69.34 141 -149 -199 -16.30 -47.46 371 1355 -344
62.80 0.04 -679 372 -325 -16.90 -68.99 276 -296 -280 -15.77 -47.80 172 636 -224
63.08 -0.63 281 56 148 -17.51 -68.09 -406 -1033 -150 -15.43 -48.09 -209 -222 5
63.17 -1.05 1068 -237 546 -18.29 -66.44 -632 -1908 225 -15.33 -48.23 -411 -732 113
63.13 -1.16 1076 -269 532 -19.28 -63.90 222 -540 -232 -15.32 -48.31 -313 -669 36
63.09 -1.12 613 -97 244 -20.11 -61.40 -516 -804 -159 -15.24 -48.45 -36 -261 -111
63.12 -1.16 233 81 -29 -21.16 -58.10 -261 -475 -153 -15.15 -48.69 184 103 -180
63.24 -1.32 160 153 -91 -22.24 -54.34 270 746 -973 -15.09 -49.03 286 116 -110
63.35 -1.52 442 52 80 -23.07 -50.61 1069 1535 -1579 -15.12 -49.34 163 -309 232
63.38 -1.62 629 -55 228 -23.75 -47.70 1690 2173 -2333 -15.12 -49.43 -12 -567 337
63.37 -1.61 577 -91 243 -24.15 -46.26 1988 2052 -2489 -15.18 -49.42 -29 -354 164
63.36 -1.56 352 -20 121 -24.44 -45.64 1360 660 -1546 -15.22 -49.43 45 -134 52
63.37 -1.55 218 21 54 -24.84 -45.06 175 -732 -569 -15.24 -49.46 7 -91 43
