64.96 -3.35 173 -26 91 -24.13 -44.61 64 88 -114 -13.24 -50.56 -174 -1287 355
64.96 -3.34 198 -16 81 -24.12 -44.60 88 58 -87 -13.50 -50.25 -225 -1119 188
64.96 -3.34 192 -12 81 -24.13 -44.57 60 82 -125 -13.64 -49.92 -133 -1055 218
64.95 -3.34 171 -21 78 -24.14 -44.54 65 126 -127 -13.69 -49.45 9 -1310 304
64.96 -3.33 169 -38 91 -24.15 -44.52 76 110 -103 -13.72 -48.81 13 -1468 298
64.96 -3.33 171 -62 119 -24.16 -44.52 68 -37 -51 -13.75 -48.16 -46 -782 -57
64.96 -3.32 183 -77 120 -24.22 -44.45 -83 -506 135 -13.79 -47.66 59 362 -430
64.95 -3.30 192 -38 85 -24.35 -44.10 -417 -1175 594 -13.74 -47.26 253 1779 -727
64.95 -3.28 276 -36 98 -24.42 -43.41 -105 -1144 369 -13.50 -46.99 480 3192 -1055
64.94 -3.22 498 -97 173 -24.42 -43.21 40 -522 -224 -12.92 -47.12 1037 4680 -1582
64.93 -3.06 770 -218 247 -24.18 -43.53 -150 -818 265 -12.39 -47.76 1019 5066 -2316
64.96 -2.69 928 -286 280 -23.94 -43.99 49 -982 476 -12.43 -49.44 743 1380 -1124
65.06 -2.16 811 -328 286 -23.66 -45.07 200 -581 206 -13.12 -50.41 -991 -2794 1810
65.20 -1.58 641 -305 236 -23.25 -46.85 284 386 -279 -13.06 -49.98 -1508 -3292 2021
65.33 -0.94 701 -246 218 -22.81 -48.65 725 2081 -895 -12.65 -49.28 -353 -1689 578
65.48 -0.12 991 -299 267 -22.30 -50.70 1892 4710 -2001 -12.73 -48.73 -55 -553 -378
65.53 0.82 906 -439 283 -21.36 -53.96 2662 7006 -3122 -12.90 -48.50 223 -60 -530
65.37 1.70 230 -402 96 -19.65 -58.71 256 5133 -773 -13.09 -48.47 126 -386 -117
65.11 2.37 -925 -57 -283 -19.46 -59.12 -1361 1359 2269 -13.44 -48.42 10 -725 252
64.88 2.50 -1935 420 -675 -19.38 -59.93 -1125 53 564 -13.51 -48.12 56 203 -13
