63.05 -0.13 707 -459 158 -21.16 -58.59 -6 1522 364 -16.11 -47.98 -13 -584 -109
62.87 0.23 668 -378 163 -20.61 -59.92 365 2333 185 -16.48 -47.70 -181 -449 -15
62.69 0.66 401 -274 240 -19.66 -61.96 -1669 935 1638 -16.67 -47.33 -62 125 114
62.40 1.04 -582 61 -99 -19.39 -62.50 -767 577 769 -16.83 -46.92 78 1185 -391
62.29 1.10 -1087 263 -201 -19.12 -63.09 -517 53 264 -16.96 -46.76 210 1743 -624
62.37 0.92 -1283 477 -359 -18.83 -63.59 -165 114 -167 -16.81 -46.94 333 1678 -547
62.49 0.50 -1220 560 -428 -18.60 -63.92 -1 -22 -228 -16.42 -47.18 180 1293 -333
62.69 -0.08 -943 497 -361 -18.58 -63.91 149 -263 -234 -15.79 -47.48 225 788 -215
62.96 -0.77 -489 336 -178 -18.80 -63.54 113 -476 -150 -15.30 -47.72 -2 101 -26
63.22 -1.42 301 14 199 -19.24 -62.80 -120 -874 13 -14.99 -47.91 -266 -495 74
63.33 -1.86 1070 -294 550 -20.03 -61.18 -1361 -2881 1105 -14.92 -48.01 -375 -849 181
63.27 -1.99 1176 -348 560 -20.98 -58.39 -181 -639 98 -14.94 -48.00 -172 -683 43
63.20 -1.95 765 -164 268 -22.02 -55.22 -656 -864 258 -14.94 -48.06 62 -235 -152
63.19 -1.95 369 6 12 -23.11 -51.37 -102 196 -588 -14.86 -48.27 190 73 -220
63.25 -2.05 150 101 -80 -24.03 -47.56 557 1187 -1632 -14.77 -48.55 209 97 -73
63.34 -2.19 123 132 -56 -24.70 -44.32 1476 1661 -2218 -14.62 -48.74 76 -224 163
63.43 -2.35 400 97 75 -25.22 -42.32 1800 1888 -2663 -14.57 -48.80 -17 -399 204
63.52 -2.41 661 -66 251 -25.39 -41.82 1588 1167 -2031 -14.56 -48.81 33 -265 128
63.51 -2.38 491 -89 185 -25.66 -41.97 393 -207 -792 -14.58 -48.81 70 -162 67
63.49 -2.32 264 -15 80 -26.01 -41.84 -495 -1059 -30 -14.59 -48.82 51 -96 48
