63.66 -1.78 237 -11 109 -26.39 -42.31 75 130 -112 -15.65 -48.83 24 -104 25
63.66 -1.72 330 -22 139 -26.39 -42.32 69 120 -119 -15.76 -48.79 57 -113 16
63.65 -1.62 386 -60 162 -26.39 -42.32 61 106 -121 -15.85 -48.77 137 -68 -24
63.61 -1.48 283 -37 100 -26.39 -42.32 61 90 -130 -15.96 -48.81 14 -89 -10
63.62 -1.35 294 -41 85 -26.38 -42.31 54 86 -121 -16.04 -48.80 -75 -367 125
63.62 -1.22 470 -114 188 -26.37 -42.29 47 88 -107 -16.06 -48.71 -134 -1070 447
63.63 -0.95 887 -244 337 -26.35 -42.28 81 104 -108 -16.11 -48.38 -238 -1877 748
63.64 -0.43 1479 -452 558 -26.34 -42.31 156 115 -98 -16.43 -47.75 -295 -1927 653
63.55 0.40 1815 -611 666 -26.36 -42.39 94 89 -33 -16.85 -47.01 -92 -1052 177
63.25 1.47 1249 -478 319 -26.30 -42.62 111 36 9 -17.04 -46.59 175 186 -347
62.82 2.45 26 -183 -190 -26.19 -42.99 110 20 39 -16.96 -46.44 381 1592 -732
62.54 3.06 -1141 98 -465 -26.08 -43.48 99 61 31 -16.56 -46.46 585 3003 -1018
62.36 3.10 -2096 441 -702 -25.91 -44.08 171 22 144 -15.77 -46.69 1080 4313 -1500
62.16 2.42 -3027 738 -989 -25.71 -44.92 140 -64 178 -15.39 -47.37 483 3113 -1665
62.16 2.42 -3027 738 -989 -25.71 -44.92 140 -64 178 -15.39 -47.37 483 3113 -1665
62.91 0.20 1295 50 727 -25.05 -43.99 1419 861 -2131 -15.72 -48.41 -1209 -2423 1548
62.94 -0.05 1778 -554 1052 -25.33 -43.89 757 -36 -1138 -15.43 -47.96 -833 -1533 610
62.55 0.15 709 -636 569 -25.63 -43.80 -106 -928 -10 -15.33 -47.67 -212 -553 -299
62.39 0.32 68 -520 47 -25.81 -43.33 -133 -948 316 -15.48 -47.48 179 -364 -379
62.25 0.36 90 -399 -212 -25.94 -42.92 265 -417 67 -15.66 -47.39 173 -299 -270
