63.28 -1.50 188 -38 121 -25.63 -44.81 50 134 -118 -15.47 -49.00 34 41 2
63.28 -1.50 188 -38 121 -25.63 -44.81 50 134 -118 -15.47 -49.00 34 41 2
63.22 -1.52 147 -44 142 -25.62 -44.84 63 132 -105 -15.49 -48.99 -15 55 -10
63.22 -1.52 147 -44 142 -25.62 -44.84 63 132 -105 -15.49 -48.99 -15 55 -10
63.12 -1.55 199 -22 117 -25.60 -44.89 46 120 -112 -15.46 -48.40 -292 -277 311
63.05 -1.58 203 -45 123 -25.59 -44.90 48 115 -120 -15.34 -47.97 -116 -265 160
62.92 -1.64 219 -25 118 -25.58 -44.90 55 110 -112 -15.32 -47.51 -95 -116 123
62.78 -1.67 288 -45 134 -25.59 -44.90 63 101 -97 -15.37 -46.91 35 201 -14
62.55 -1.75 251 -84 168 -25.60 -44.89 65 100 -87 -15.41 -46.19 -46 528 -186
62.18 -1.91 70 -99 109 -25.62 -44.90 67 107 -48 -15.31 -45.28 49 679 -424
61.73 -2.15 -303 -1 -29 -25.64 -44.90 88 98 36 -15.24 -44.32 3 885 -623
61.31 -2.55 -497 74 -104 -25.72 -44.90 75 65 90 -15.23 -43.14 61 1091 -831
60.91 -3.14 -347 84 -44 -25.85 -44.90 154 93 84 -15.24 -41.61 4 979 -715
60.35 -3.82 -265 95 34 -25.98 -44.99 82 -158 415 -15.22 -39.90 -2 258 -310
59.54 -4.56 -308 336 -87 -26.08 -45.10 -372 -579 817 -15.12 -38.26 332 242 -916
58.86 -5.30 -102 599 -222 -26.28 -44.87 -610 -672 779 -15.43 -37.62 1686 1772 -3484
58.39 -6.12 383 491 -89 -26.39 -44.97 -260 -138 289 -15.54 -37.87 -24 -1243 -764
57.95 -6.91 832 277 -154 -26.49 -45.45 -30 359 -121 -15.88 -37.30 -91 -1153 -743
57.61 -7.50 1087 -82 204 -26.58 -45.94 106 674 -353 -16.06 -36.97 63 -1059 -396
57.40 -7.82 1257 -488 521 -26.68 -46.40 105 810 -435 -16.26 -36.72 69 -899 -184
