63.06 -2.07 134 -7 76 -26.58 -45.26 68 135 -118 -15.77 -49.41 19 78 -18
63.03 -2.10 128 18 54 -26.58 -45.26 68 126 -122 -15.83 -49.25 41 82 -14
63.01 -2.15 150 8 66 -26.57 -45.26 71 132 -122 -15.98 -48.86 48 78 -15
62.96 -2.21 145 -17 102 -26.57 -45.26 77 140 -99 -16.17 -48.29 -38 124 -38
62.90 -2.28 177 -57 156 -26.58 -45.26 82 139 -89 -16.33 -47.48 -57 151 -75
62.77 -2.37 94 -48 141 -26.61 -45.25 70 138 -98 -16.44 -46.37 -39 144 -169
62.65 -2.48 -80 -2 87 -26.63 -45.25 58 144 -95 -16.59 -45.24 -6 66 -279
62.55 -2.67 -51 9 85 -26.62 -45.28 61 153 -73 -16.78 -44.22 -48 147 -444
62.44 -2.86 66 -24 118 -26.61 -45.32 65 148 -55 -16.97 -43.38 32 -58 -322
62.29 -3.04 243 -87 176 -26.59 -45.39 67 127 -42 -17.11 -42.59 51 -328 -134
62.06 -3.15 217 -44 112 -26.58 -45.50 106 99 -27 -17.20 -41.63 -11 -581 110
61.88 -3.24 304 -60 145 -26.59 -45.68 112 121 3 -17.19 -40.41 -84 -884 415
61.72 -3.28 528 -111 206 -26.67 -45.79 97 184 15 -17.20 -38.96 -10 -824 335
61.50 -3.24 625 -91 179 -26.79 -45.85 65 203 38 -17.21 -37.44 -20 -511 139
61.27 -3.14 547 -64 114 -26.90 -45.95 89 177 70 -17.19 -35.78 80 265 -504
61.01 -3.10 209 -38 11 -27.04 -46.14 57 117 76 -17.26 -34.28 779 2015 -2565
60.60 -3.24 -381 117 -171 -27.18 -46.43 22 53 133 -17.89 -34.70 1904 4083 -5277
60.07 -3.69 -989 555 -430 -27.38 -46.63 -101 -239 332 -17.84 -36.85 15 611 -1117
59.51 -4.53 -1194 1091 -733 -27.60 -46.50 -349 -738 578 -17.62 -37.11 -608 -1176 -174
59.01 -5.71 -909 1278 -828 -27.92 -45.97 -633 -968 489 -17.43 -37.34 -703 -1313 -195
