63.13 -1.89 137 -17 88 -27.23 -42.34 93 143 -102 -15.79 -47.30 24 47 -56
63.13 -1.90 119 1 71 -27.25 -42.34 93 147 -84 -15.82 -47.22 12 -28 -42
63.12 -1.90 127 14 77 -27.27 -42.37 89 120 -58 -15.86 -47.15 42 -48 -31
63.13 -1.91 183 -1 100 -27.26 -42.50 86 102 -34 -15.93 -47.08 37 -40 -25
63.12 -1.90 245 -28 117 -27.20 -42.82 77 82 31 -16.02 -47.02 35 -9 -19
63.07 -1.88 218 -55 114 -27.16 -43.11 149 108 61 -16.10 -46.97 39 12 15
63.06 -1.84 171 -49 93 -27.16 -43.40 101 160 5 -16.14 -46.90 29 -25 34
63.05 -1.79 168 -37 75 -27.17 -43.66 86 193 -43 -16.21 -46.75 -27 -119 132
63.02 -1.76 199 -36 91 -27.17 -43.86 72 189 -62 -16.26 -46.17 -189 -371 426
62.99 -1.73 210 -45 126 -27.14 -44.12 107 137 3 -16.13 -45.19 -125 -375 267
62.92 -1.71 167 -88 203 -27.08 -44.54 55 64 60 -16.02 -44.05 -125 -390 297
62.92 -1.71 167 -88 203 -27.08 -44.54 55 64 60 -16.02 -44.05 -125 -390 297
62.74 -1.65 366 -102 217 -29.18 -40.10 -334 -651 -250 -16.04 -40.83 52 278 -259
62.47 -1.71 330 -187 267 -29.16 -39.25 296 254 -604 -16.11 -38.96 42 827 -688
62.03 -1.87 137 -201 220 -29.08 -38.83 768 1090 -918 -16.04 -36.97 122 1377 -1245
61.39 -2.15 -355 -83 39 -28.95 -38.94 977 1493 -1029 -15.96 -35.01 373 2014 -2030
60.61 -2.66 -914 202 -213 -28.78 -39.51 944 1353 -810 -16.22 -33.80 1150 2818 -3824
59.86 -3.47 -1259 603 -431 -28.59 -40.34 716 885 -374 -16.81 -35.00 842 1516 -2579
59.11 -4.58 -1172 944 -553 -28.42 -41.19 347 418 25 -15.89 -35.99 -587 -1830 -59
58.39 -5.93 -643 913 -539 -28.35 -41.79 -154 -13 358 -15.72 -36.24 -517 -1653 -354
