62.33 -3.13 1825 -712 1006 -27.48 -40.98 -13 91 75 -15.55 -49.36 -35 33 -35
61.79 -2.70 576 -441 69 -27.60 -40.31 261 1263 -432 -15.48 -49.40 -25 37 -41
61.56 -2.39 -307 -145 -573 -27.66 -39.81 718 2214 -746 -15.42 -49.43 -6 18 -37
61.56 -2.30 -581 -53 -652 -27.57 -39.57 1650 2208 -1033 -15.38 -49.45 -7 26 -42
61.59 -2.30 -252 -122 -383 -27.33 -40.47 1226 243 -879 -15.36 -49.47 -56 16 -53
61.61 -2.11 -60 -100 -156 -27.38 -41.44 -1346 -1357 167 -15.28 -49.47 -45 17 -28
61.73 -1.83 35 -68 184 -27.28 -41.45 -1302 -1464 607 -15.20 -49.47 8 -15 -13
61.98 -1.55 452 -185 513 -27.15 -41.14 29 -505 -142 -15.16 -49.44 39 -39 -13
62.00 -1.20 -18 94 147 -27.20 -41.07 523 58 -604 -15.17 -49.40 14 -76 28
62.05 -1.04 -291 297 -174 -27.36 -40.94 412 90 -440 -15.16 -49.33 13 -135 31
62.12 -1.17 -493 347 -293 -27.61 -40.66 178 -30 -382 -15.15 -49.21 7 -532 296
62.18 -1.48 -478 276 -223 -27.80 -40.38 8 -113 -289 -15.14 -48.79 -175 -1268 707
62.29 -1.84 -191 130 -11 -27.88 -40.04 -173 -194 -246 -15.15 -48.08 -122 -946 286
62.32 -2.11 319 -43 274 -27.90 -39.68 -579 97 -88 -15.25 -47.41 -70 -337 -46
62.42 -2.20 890 -207 529 -27.81 -39.22 261 731 -402 -15.39 -46.88 413 1326 -1018
62.45 -2.05 749 -207 396 -27.69 -39.23 794 1252 -725 -15.91 -47.15 1321 4135 -2945
62.43 -1.86 241 -40 66 -27.59 -39.71 864 1474 -908 -16.83 -49.15 1277 4012 -1660
62.49 -1.84 19 54 -46 -27.40 -40.58 935 1277 -783 -16.75 -51.16 -1388 -389 1008
62.53 -1.93 114 31 32 -27.21 -41.67 484 721 -467 -16.05 -51.55 -985 -654 500
62.53 -2.02 192 -31 135 -27.06 -42.31 -1049 -1010 1134 -15.63 -52.40 -388 -831 142
