62.99 -2.09 196 -5 95 -27.27 -42.46 73 112 -118 -15.26 -48.81 -8 27 -33
62.98 -2.09 187 -35 103 -27.28 -42.45 82 119 -127 -15.25 -48.80 -41 -26 -7
62.98 -2.09 187 -35 103 -27.28 -42.45 82 119 -127 -15.25 -48.80 -41 -26 -7
62.96 -2.08 120 -11 82 -27.27 -42.45 78 143 -124 -15.24 -48.75 -3 -43 7
62.96 -2.08 171 -19 110 -27.28 -42.44 74 158 -124 -15.22 -48.70 -32 -86 17
62.96 -2.08 171 -19 110 -27.28 -42.44 74 158 -124 -15.22 -48.70 -32 -86 17
62.94 -2.06 183 -35 114 -27.27 -42.45 72 135 -121 -15.19 -48.43 -80 -549 399
62.94 -2.04 220 -39 116 -27.27 -42.45 69 131 -126 -15.10 -48.05 -80 -628 305
62.95 -1.98 286 -38 115 -27.26 -42.45 66 141 -123 -15.09 -47.65 -59 -498 212
62.96 -1.90 413 -59 155 -27.27 -42.45 61 131 -128 -15.06 -47.15 -79 -540 245
63.00 -1.75 583 -84 187 -27.27 -42.44 51 115 -122 -15.04 -46.55 -112 -343 13
63.00 -1.53 468 -131 169 -27.26 -42.44 49 92 -118 -15.04 -46.06 -157 -231 -89
62.97 -1.29 275 -121 118 -27.25 -42.43 36 53 -104 -14.99 -45.70 -176 -163 -89
62.97 -1.07 266 -106 120 -27.24 -42.37 8 -66 7 -14.89 -45.33 -109 124 -243
62.93 -0.85 257 -135 166 -27.27 -42.18 -150 -324 234 -14.76 -45.03 51 601 -479
62.88 -0.62 143 -111 130 -27.31 -41.86 -64 -384 191 -14.74 -44.90 502 1796 -1395
62.87 -0.39 -18 -74 75 -27.35 -41.59 -77 -335 119 -15.41 -45.61 1273 4044 -3258
62.85 -0.20 -232 18 -11 -27.39 -41.34 -40 -233 70 -16.63 -48.09 2001 5172 -4043
62.83 -0.14 -431 229 -160 -27.44 -40.98 65 -122 -60 -17.14 -51.18 -210 625 469
62.83 -0.36 -529 388 -230 -27.54 -40.67 -32 -81 -136 -16.39 -51.73 -986 -631 513
