63.04 -2.25 141 -21 85 -27.06 -42.44 75 134 -120 -15.08 -48.61 -22 -147 42
63.05 -2.25 217 -36 109 -27.07 -42.43 67 139 -116 -15.07 -48.48 -23 -172 103
63.04 -2.22 257 -61 143 -27.06 -42.43 64 143 -122 -15.06 -48.28 11 -128 58
63.04 -2.22 257 -61 143 -27.06 -42.43 64 143 -122 -15.06 -48.28 11 -128 58
63.02 -2.10 273 -45 116 -27.05 -42.45 66 127 -128 -14.99 -47.90 -24 -152 77
63.01 -2.04 230 -6 97 -27.05 -42.44 67 113 -130 -14.88 -47.63 -105 -444 254
63.01 -2.04 230 -6 97 -27.05 -42.44 67 113 -130 -14.88 -47.63 -105 -444 254
63.01 -1.90 171 -4 85 -27.04 -42.41 18 26 -103 -14.59 -46.60 -131 -453 158
63.02 -1.84 233 -37 130 -27.04 -42.40 42 5 -72 -14.49 -45.95 -30 -416 94
63.03 -1.74 344 -93 181 -27.06 -42.33 19 -37 1 -14.44 -45.23 -44 -403 49
63.02 -1.59 327 -121 175 -27.10 -42.23 57 39 -38 -14.39 -44.48 -13 -306 -92
63.00 -1.42 220 -104 124 -27.10 -42.20 92 85 -57 -14.39 -43.79 23 -86 -282
63.01 -1.26 231 -87 113 -27.13 -42.10 22 21 -20 -14.42 -43.23 -12 204 -461
63.01 -1.07 320 -84 134 -27.15 -41.97 2 -89 8 -14.41 -42.83 -18 520 -544
63.01 -1.07 320 -84 134 -27.15 -41.97 2 -89 8 -14.41 -42.83 -18 520 -544
62.94 -0.63 138 -55 61 -27.21 -41.54 -48 -123 -41 -14.67 -42.73 835 3315 -2649
62.90 -0.44 -26 -28 31 -27.27 -41.27 26 -53 -103 -15.81 -44.61 2012 5871 -5200
62.86 -0.35 -322 82 -31 -27.31 -40.98 20 -86 -70 -17.30 -49.24 1257 3975 -3429
62.81 -0.45 -671 335 -206 -27.36 -40.66 -5 -116 -37 -16.61 -51.56 -596 1248 -1264
62.71 -0.95 -987 547 -334 -27.45 -40.28 4 -97 -27 -15.86 -52.60 -854 702 -1280
