63.24 -0.86 1109 -260 946 -25.86 -39.88 312 1297 -619 -14.74 -49.85 30 8 8
63.40 -0.86 1931 -850 1360 -25.68 -39.47 862 2150 -953 -14.75 -49.89 54 -11 6
63.14 -0.38 1198 -708 609 -25.61 -39.12 1603 2805 -1382 -14.76 -49.95 13 -10 23
62.89 0.08 69 -390 -201 -25.60 -39.38 1748 2355 -1675 -14.79 -50.01 6 -5 -2
62.88 0.25 -232 -63 -550 -25.54 -40.63 6 -331 -374 -14.83 -50.21 102 3 -93
62.99 0.19 171 -170 -183 -25.60 -40.92 -2217 -2184 1077 -14.97 -50.57 16 -110 -26
62.91 0.28 255 -233 106 -25.48 -40.36 -1055 -1528 573 -15.09 -51.03 102 -196 -57
62.75 0.47 -60 -165 209 -25.35 -40.07 245 -323 -413 -15.25 -51.90 11 -346 -52
62.77 0.65 -183 -32 251 -25.32 -40.06 544 9 -429 -15.42 -53.13 31 -427 6
62.83 0.71 -382 175 -23 -25.43 -40.08 335 -4 -288 -15.49 -54.67 -48 -641 253
62.89 0.61 -560 342 -243 -25.58 -40.07 52 -108 -67 -15.44 -56.36 -10 -672 393
63.01 0.34 -573 298 -224 -25.76 -39.91 -292 -13 -66 -15.51 -57.98 -10 -362 295
63.15 -0.08 -376 193 -76 -25.84 -39.70 -430 60 -5 -15.68 -59.48 -89 154 256
63.28 -0.52 -80 74 114 -25.92 -39.26 -117 587 -207 -15.69 -60.81 -369 829 274
63.38 -0.87 214 -24 250 -25.92 -39.11 468 1088 -629 -15.25 -62.12 -342 2447 -65
63.46 -1.11 418 -63 297 -25.92 -39.35 527 1152 -734 -14.57 -64.03 504 4206 -537
63.53 -1.25 477 -64 262 -25.91 -39.71 462 922 -585 -14.06 -66.60 1116 5383 -942
63.60 -1.35 422 -23 184 -25.90 -40.12 318 612 -432 -13.54 -69.40 -189 1359 1956
63.67 -1.44 352 30 109 -25.89 -40.61 131 248 -225 -12.74 -70.50 -212 247 407
63.71 -1.56 233 77 40 -25.87 -41.03 -62 -110 67 -12.18 -71.68 -436 -887 404
