63.89 -1.83 216 -6 92 -25.99 -42.22 58 121 -123 -14.51 -52.95 54 -122 -28
63.89 -1.81 244 -14 100 -25.99 -42.22 60 110 -115 -14.65 -53.56 3 -123 -28
63.89 -1.81 244 -14 100 -25.99 -42.22 60 110 -115 -14.65 -53.56 3 -123 -28
63.89 -1.70 256 -5 100 -25.97 -42.22 45 108 -132 -14.82 -55.15 -15 103 82
63.91 -1.61 298 -61 131 -25.96 -42.22 69 101 -134 -14.84 -55.98 -5 183 93
63.93 -1.49 371 -99 160 -25.95 -42.25 95 66 -136 -14.84 -56.87 -4 107 106
63.91 -1.31 344 -117 159 -25.94 -42.29 50 67 -113 -14.88 -57.77 -2 -46 147
63.87 -1.12 230 -84 112 -25.91 -42.38 2 26 -101 -14.95 -58.71 -26 -282 209
63.84 -0.96 141 -57 65 -25.83 -42.52 -41 -85 -4 -15.02 -59.60 -121 -633 371
63.84 -0.81 183 -58 82 -25.73 -42.62 -119 -183 106 -15.08 -60.38 -160 -743 382
63.85 -0.64 361 -111 154 -25.66 -42.56 -10 -124 70 -15.19 -60.98 -264 -619 371
63.84 -0.38 521 -149 203 -25.66 -42.44 -14 26 -53 -15.26 -61.39 -247 -158 269
63.80 -0.04 616 -183 233 -25.67 -42.28 -8 22 -45 -15.16 -61.84 -201 773 -20
63.74 0.41 696 -239 265 -25.68 -42.08 6 -20 -100 -14.82 -62.66 81 2286 -441
63.66 0.94 665 -300 299 -25.67 -41.91 -15 -191 1 -14.46 -64.21 665 4298 -1077
63.52 1.55 386 -254 182 -25.69 -41.72 -5 -323 52 -14.25 -66.77 1081 5485 -1350
63.37 2.13 -59 -86 -57 -25.71 -41.55 -82 -407 5 -13.93 -69.89 -1093 1280 1321
63.26 2.55 -633 202 -337 -25.66 -41.35 -132 -532 76 -13.05 -71.55 -396 -114 717
63.25 2.64 -1116 487 -529 -25.64 -41.09 -155 -419 15 -12.71 -72.43 -139 -939 388
63.29 2.27 -1468 756 -673 -25.65 -40.84 -17 -65 -112 -12.64 -72.91 -270 -632 321
