65.64 -0.29 1919 -719 534 -24.64 -43.05 77 123 -119 -12.08 -50.35 14 1 2
65.36 2.31 112 -580 111 -24.65 -43.05 70 101 -116 -12.09 -50.34 -8 -26 -1
64.98 3.29 -1112 -228 -269 -24.65 -43.05 68 96 -118 -12.11 -50.32 9 -72 1
64.66 3.83 -1893 107 -559 -24.65 -43.05 75 100 -110 -12.14 -50.31 35 -116 20
64.58 3.88 -2084 367 -577 -24.65 -43.05 78 109 -112 -12.22 -50.28 32 -181 35
64.68 3.59 -2305 659 -600 -24.66 -43.05 75 109 -116 -12.33 -50.21 62 -286 70
64.92 2.74 -2745 861 -818 -24.66 -43.05 79 104 -112 -12.50 -50.09 -132 -726 269
65.22 1.25 -2475 1202 -829 -24.66 -43.06 80 101 -111 -12.77 -49.85 -203 -1192 277
66.15 -0.17 1079 355 398 -24.66 -43.06 77 100 -117 -13.14 -49.67 -303 -2032 467
66.15 -0.17 1079 355 398 -24.66 -43.06 77 100 -117 -13.14 -49.67 -303 -2032 467
66.23 -0.75 1941 -915 1107 -18.00 -64.45 -378 -878 380 -13.91 -48.88 -104 -2267 603
65.95 -0.45 823 -807 369 -18.63 -63.19 -873 -1323 565 -14.11 -48.15 16 -718 -87
65.72 -0.18 616 -875 33 -19.22 -61.45 -430 -47 385 -14.14 -47.57 325 1084 -681
65.49 0.00 22 -531 -172 -20.07 -58.62 -1222 -352 455 -14.03 -47.22 591 2177 -901
65.44 0.06 275 -445 134 -20.95 -54.77 -681 601 -569 -13.94 -47.02 556 2685 -913
65.39 0.30 593 -364 320 -21.50 -50.92 466 1153 -1459 -13.74 -47.06 578 3177 -971
65.19 0.64 106 -341 366 -22.16 -47.77 1218 1208 -1988 -13.30 -47.52 756 3935 -1211
64.82 0.82 -1168 237 -159 -22.77 -45.57 1260 624 -1810 -12.81 -48.54 678 4526 -1838
64.82 0.55 -1456 489 -281 -23.21 -44.05 1079 -115 -1078 -12.87 -50.39 730 1289 -896
64.94 0.03 -1285 601 -262 -23.59 -43.02 790 -332 -747 -13.41 -51.31 -1197 -2728 1793
