64.68 -1.35 175 -39 94 -25.79 -42.37 2 152 -64 -14.61 -52.85 -30 63 39
64.68 -1.35 175 -39 94 -25.79 -42.37 2 152 -64 -14.61 -52.85 -30 63 39
64.67 -1.23 219 -70 124 -25.52 -42.95 3 149 -30 -14.60 -52.84 -3 35 24
64.63 -1.17 113 -47 84 -25.36 -43.37 -31 164 -22 -14.59 -52.85 36 11 7
64.61 -1.12 -11 -12 51 -25.22 -43.71 37 164 -62 -14.60 -52.87 49 -44 14
64.62 -1.12 35 -22 86 -25.10 -44.00 52 180 -77 -14.64 -52.96 62 -63 -106
64.63 -1.11 144 -37 102 -25.03 -44.24 59 209 -100 -14.80 -53.25 54 -165 -116
64.63 -1.07 181 -16 81 -24.99 -44.37 31 234 -129 -14.98 -53.74 45 -382 -18
64.64 -1.03 186 5 70 -24.94 -44.42 29 220 -132 -15.13 -54.48 -56 -717 201
64.65 -1.00 273 -16 114 -24.91 -44.43 44 174 -115 -15.24 -55.31 -48 -730 199
64.64 -0.93 374 -85 194 -24.89 -44.43 63 146 -103 -15.41 -56.44 116 -251 -84
64.63 -0.77 472 -111 195 -24.89 -44.42 65 120 -106 -15.62 -58.08 233 103 -74
64.63 -0.54 629 -155 226 -24.89 -44.43 87 57 -98 -15.78 -59.92 170 340 83
64.61 -0.20 768 -188 262 -24.91 -44.45 -11 -66 -60 -15.88 -61.64 -105 984 159
64.57 0.26 764 -173 218 -24.87 -44.59 31 -130 -88 -15.74 -63.23 -396 2303 -139
64.46 0.78 560 -135 123 -24.84 -44.67 -144 -466 198 -15.26 -65.25 241 4016 -594
64.32 1.26 283 -89 3 -24.86 -44.50 -280 -735 410 -14.85 -67.69 -241 2240 583
64.20 1.69 80 -41 -65 -24.94 -44.12 -199 -641 301 -14.19 -69.71 -1276 -75 2150
64.06 2.00 -248 55 -127 -24.95 -43.70 -35 -400 164 -13.47 -70.20 -125 80 480
63.93 2.10 -769 248 -232 -24.98 -43.25 39 -189 70 -13.16 -71.05 -207 -759 299
