64.88 -1.89 166 86 -3 -25.06 -45.10 8 150 -57 -15.74 -51.93 -20 44 -8
64.95 -1.87 90 1 71 -24.97 -45.28 30 163 -25 -15.68 -52.01 58 13 45
65.01 -1.85 75 -56 136 -24.87 -45.48 42 176 41 -15.64 -52.08 60 49 45
65.05 -1.82 68 -83 156 -24.79 -45.72 33 245 67 -15.62 -52.15 15 62 -1
65.11 -1.79 172 -61 150 -24.71 -45.96 64 306 109 -15.60 -52.21 -40 79 -31
65.18 -1.73 264 -44 135 -24.67 -45.92 69 374 179 -15.59 -52.29 -101 106 -31
65.18 -1.73 264 -44 135 -24.67 -45.92 69 374 179 -15.59 -52.29 -101 106 -31
65.26 -1.61 203 -27 114 -24.90 -44.90 -299 29 354 -15.43 -52.49 -27 45 60
65.26 -1.61 142 -51 153 -25.07 -44.18 -200 37 291 -15.33 -52.60 20 7 53
65.25 -1.60 71 -67 175 -25.35 -43.33 -295 224 164 -15.26 -52.71 40 3 14
65.25 -1.60 65 -12 121 -25.65 -42.35 -124 409 -75 -15.24 -52.86 38 42 2
65.30 -1.59 93 11 108 -25.95 -41.34 -103 385 -317 -15.23 -53.02 4 65 48
65.36 -1.58 200 2 124 -26.29 -40.21 -334 244 -371 -15.19 -53.19 18 69 101
65.39 -1.55 285 -56 149 -26.57 -38.83 -280 435 -550 -15.14 -53.38 41 58 115
65.39 -1.48 240 -28 114 -26.78 -37.20 183 926 -866 -15.11 -53.56 30 52 75
65.40 -1.43 181 10 82 -26.94 -35.48 952 1408 -1662 -15.13 -53.74 71 57 70
65.43 -1.39 172 51 66 -26.78 -34.68 2598 2699 -3541 -15.19 -53.94 115 58 113
65.45 -1.35 181 74 55 -26.39 -36.24 1648 1148 -2144 -15.30 -54.16 137 74 173
65.47 -1.29 183 74 45 -26.18 -36.85 -425 -1915 485 -15.46 -54.42 140 93 225
65.49 -1.26 188 23 86 -26.15 -36.83 -228 -2166 -71 -15.67 -54.75 167 117 304
