64.87 0.45 256 6 73 -25.64 -44.86 32 166 -69 -16.83 -56.24 111 253 271
64.88 0.50 212 34 40 -25.49 -45.20 62 175 -101 -16.87 -56.84 -3 215 510
64.86 0.52 115 31 67 -25.35 -45.52 47 169 -45 -16.73 -57.58 204 210 705
64.81 0.48 115 -31 175 -25.23 -45.84 49 178 -1 -16.45 -58.61 410 136 743
64.75 0.44 130 -45 242 -25.13 -46.16 4 198 7 -16.14 -59.74 364 -217 1055
64.60 0.35 -19 4 231 -25.01 -46.48 5 199 19 -15.79 -60.36 137 -920 1370
64.39 0.27 -270 261 134 -24.90 -46.78 4 216 -3 -15.44 -60.11 27 -1132 1100
64.25 0.09 -375 391 97 -24.94 -46.72 -141 373 123 -15.13 -59.10 -234 -615 513
64.03 -0.33 -214 266 253 -25.23 -45.58 -242 107 456 -14.69 -57.60 -471 440 -242
63.50 -0.90 8 122 336 -25.56 -44.47 -393 217 537 -14.10 -56.28 -267 1577 -1291
62.63 -1.60 203 -24 399 -25.89 -43.08 -118 375 328 -13.75 -55.85 -285 1384 -1781
61.50 -2.32 310 70 188 -26.31 -41.63 -26 675 -189 -13.54 -56.10 -435 -830 -1080
60.38 -2.97 329 377 -279 -26.67 -40.22 196 877 -542 -13.49 -55.99 -784 -1866 -754
59.37 -3.70 -98 613 -707 -26.98 -38.77 24 694 -700 -13.42 -55.70 -550 -1039 -990
58.46 -4.63 -491 683 -968 -27.16 -37.23 29 484 -862 -13.33 -55.60 221 -9 -1293
57.80 -5.76 -232 210 -471 -27.15 -35.87 823 844 -1499 -13.46 -55.58 935 314 -1359
57.53 -6.76 911 -510 457 -26.74 -36.00 1947 1866 -2836 -13.90 -55.39 914 226 -1259
57.37 -7.22 1697 -1105 934 -26.10 -37.55 1212 288 -1325 -14.51 -55.00 451 -384 -1137
57.22 -7.19 1423 -1250 665 -25.72 -38.24 187 -1705 413 -15.16 -54.41 -336 -774 -783
57.09 -6.94 676 -979 -18 -25.61 -38.65 160 -1858 -70 -15.58 -53.54 -907 -646 -672
