63.54 0.39 141 150 113 -26.24 -42.53 10 190 159 -17.32 -55.12 99 30 327
63.50 0.34 81 86 153 -26.20 -42.75 68 245 112 -17.34 -55.58 132 -74 331
63.46 0.35 183 96 83 -26.20 -43.00 10 274 38 -16.97 -56.44 326 -684 547
63.38 0.42 318 147 -51 -26.17 -43.31 9 252 27 -16.76 -57.03 -42 -1083 927
63.38 0.42 318 147 -51 -26.17 -43.31 9 252 27 -16.76 -57.03 -42 -1083 927
62.79 0.46 422 186 26 -26.16 -42.85 -316 -424 1154 -16.36 -56.55 -511 -252 893
62.40 0.41 292 65 171 -26.66 -41.41 32 -413 812 -15.97 -55.67 -434 536 507
62.40 0.41 292 65 171 -26.66 -41.41 32 -413 812 -15.97 -55.67 -434 536 507
61.51 0.24 115 -50 116 -27.83 -38.94 113 183 -591 -14.56 -53.56 312 1920 -1073
61.03 0.05 445 -96 308 -28.23 -37.90 87 191 -691 -13.76 -53.07 545 2063 -1583
60.36 -0.16 159 -3 365 -28.48 -36.85 144 287 -814 -13.33 -53.11 -129 564 -1526
59.51 -0.47 -280 143 149 -28.77 -35.87 -12 590 -973 -13.35 -53.37 -989 -2002 -443
58.55 -0.87 -810 443 -353 -28.95 -34.94 -319 819 -901 -13.35 -53.25 -1094 -2433 -145
57.82 -1.40 -1179 745 -891 -29.05 -33.85 -301 1159 -1067 -13.19 -52.98 -567 -1445 -466
57.25 -2.17 -1233 884 -1203 -29.05 -32.68 464 1503 -1650 -13.08 -52.78 260 -356 -889
56.87 -3.29 -931 506 -924 -28.81 -32.15 1845 1921 -2307 -13.13 -52.65 853 60 -1118
56.72 -4.59 1010 -684 839 -28.26 -33.55 2443 1923 -2645 -13.52 -52.54 810 -26 -1190
56.66 -5.10 2121 -1382 1786 -27.80 -35.08 -1287 -1563 1019 -14.18 -52.55 414 -560 -1107
56.49 -4.88 1879 -1424 1393 -27.80 -34.96 -734 -2135 455 -14.93 -52.58 -524 -826 -741
56.31 -4.36 950 -984 343 -27.34 -35.40 -413 -2169 317 -15.24 -52.59 -520 -469 -586
