62.11 1.01 204 5 75 -26.75 -41.16 74 139 -103 -17.01 -52.11 17 14 21
62.09 0.99 168 -15 67 -26.76 -41.15 91 133 -90 -17.02 -52.09 8 -29 21
62.08 0.99 117 -14 66 -26.78 -41.16 93 128 -99 -17.05 -52.02 25 -75 16
62.07 0.98 117 -6 77 -26.80 -41.20 92 130 -117 -17.09 -51.94 29 -209 109
62.08 0.97 138 9 78 -26.80 -41.21 78 137 -116 -17.05 -51.76 -1 -573 324
62.07 0.94 153 19 77 -26.82 -41.21 78 130 -88 -17.15 -51.43 6 -694 317
62.06 0.92 187 -2 104 -26.83 -41.25 60 100 -20 -17.25 -51.09 85 -716 503
62.04 0.90 174 -35 133 -26.84 -41.29 78 108 -51 -17.26 -50.61 141 -68 420
61.99 0.89 163 -32 131 -26.88 -41.32 46 74 -52 -17.16 -50.03 148 966 101
61.97 0.90 239 -35 156 -26.95 -41.27 -8 2 -4 -16.70 -49.53 315 2109 -535
61.95 0.93 373 -22 173 -27.04 -41.12 -131 -115 108 -15.99 -49.56 80 2641 -1188
61.95 1.00 541 -74 238 -27.16 -40.72 -477 -515 564 -15.53 -50.19 -495 16 -476
61.88 1.12 367 -19 171 -27.31 -40.04 -281 -561 429 -15.27 -50.39 -970 -2158 783
61.70 1.12 -292 139 -73 -27.46 -39.49 -212 -152 -84 -14.94 -49.91 -862 -1940 523
61.48 0.82 -1146 503 -514 -27.52 -38.99 -140 625 -544 -14.61 -49.32 -311 -1282 -16
61.31 0.08 -1853 886 -978 -27.48 -38.60 825 1955 -1619 -14.58 -48.67 153 -475 -670
61.20 -1.14 -1880 1100 -1047 -27.14 -39.91 3372 4298 -3934 -14.90 -48.19 388 -5 -868
61.58 -2.40 861 348 431 -26.70 -42.60 533 1290 -213 -15.32 -47.95 271 -276 -595
61.97 -3.03 2398 -739 1557 -26.41 -43.50 -665 -1273 1150 -15.76 -47.82 -71 -708 -416
61.61 -2.90 1568 -774 993 -25.90 -44.37 -244 -1311 488 -16.21 -47.72 -141 -535 -32
