62.59 -0.56 187 -20 104 -27.07 -42.81 60 133 -90 -17.46 -51.65 3 36 -25
62.57 -0.55 138 -21 97 -27.08 -42.80 55 111 -92 -17.45 -51.65 8 42 -27
62.56 -0.54 114 -19 93 -27.07 -42.79 50 101 -98 -17.46 -51.66 11 41 -30
62.57 -0.52 159 -13 99 -27.07 -42.76 47 91 -111 -17.47 -51.67 -7 32 -23
62.57 -0.52 159 -13 99 -27.07 -42.76 47 91 -111 -17.47 -51.67 -7 32 -23
62.60 -0.43 312 -22 135 -27.03 -42.69 72 65 -95 -17.47 -51.67 22 19 -5
62.58 -0.37 298 -35 132 -27.04 -42.64 33 2 -35 -17.49 -51.66 21 25 -2
62.55 -0.31 251 -69 135 -27.07 -42.53 -65 -107 101 -17.49 -51.66 -5 28 -12
62.53 -0.22 314 -123 208 -27.17 -42.18 -144 -277 212 -17.50 -51.64 -26 37 -20
62.51 -0.08 370 -152 252 -27.30 -41.71 -199 -363 163 -17.49 -51.64 2 44 -21
62.48 0.14 369 -182 265 -27.47 -41.06 -400 -649 372 -17.50 -51.64 11 47 -22
62.41 0.38 239 -140 204 -27.73 -39.99 -552 -867 601 -17.50 -51.64 -11 34 -20
62.36 0.61 -102 7 42 -28.08 -38.53 -360 -708 408 -17.49 -51.64 -8 13 -23
62.26 0.65 -679 281 -263 -28.38 -37.00 86 171 -391 -17.48 -51.63 -9 10 -20
62.12 0.27 -1371 641 -654 -28.61 -35.84 981 1510 -1454 -17.47 -51.61 16 29 -22
62.03 -0.55 -1776 921 -980 -28.69 -35.72 3025 3476 -3169 -17.48 -51.59 30 47 -20
61.91 -1.83 -1787 890 -988 -28.43 -38.32 4487 5270 -5178 -17.49 -51.59 10 21 -8
61.91 -1.83 -1787 890 -988 -28.43 -38.32 4487 5270 -5178 -17.49 -51.59 10 21 -8
62.57 -3.94 2799 -854 1846 -27.77 -42.79 -743 -937 493 -17.50 -51.54 -98 -28 14
62.24 -3.80 1782 -891 1233 -27.60 -43.37 -316 -1124 16 -17.45 -51.48 -40 -64 19
