62.79 -0.70 143 -10 96 -27.64 -41.77 62 125 -135 -16.71 -50.51 -18 -18 2
62.77 -0.70 155 -19 96 -27.60 -41.78 69 134 -138 -16.69 -50.42 23 -72 21
62.77 -0.71 174 -23 96 -27.58 -41.78 77 123 -119 -16.69 -50.35 26 -211 109
62.75 -0.70 154 -10 95 -27.57 -41.77 73 110 -111 -16.70 -50.19 -65 -415 142
62.74 -0.69 159 3 88 -27.57 -41.77 77 112 -118 -16.85 -49.98 -94 -468 137
62.73 -0.68 165 -3 102 -27.56 -41.76 66 104 -118 -16.95 -49.80 -54 -435 223
62.72 -0.67 147 -3 93 -27.55 -41.75 55 103 -119 -16.98 -49.49 -49 -424 433
62.71 -0.66 188 -37 107 -27.54 -41.74 58 101 -126 -16.77 -49.02 120 -77 515
62.69 -0.65 263 -57 117 -27.53 -41.72 38 48 -98 -16.36 -48.44 335 992 187
62.67 -0.62 363 -98 173 -27.57 -41.61 -66 -128 23 -15.66 -48.03 753 2334 -649
62.65 -0.54 458 -153 254 -27.66 -41.41 -207 -362 158 -14.98 -48.17 561 2492 -1372
62.58 -0.39 434 -162 262 -27.73 -41.00 -214 -381 153 -14.98 -48.89 -677 -631 31
62.51 -0.23 296 -103 187 -27.84 -40.50 -224 -243 56 -14.81 -48.90 -1153 -2040 640
62.38 -0.12 -65 80 24 -27.95 -39.87 -371 20 2 -14.61 -48.44 -921 -1526 206
62.13 -0.26 -723 406 -295 -27.99 -39.04 -22 837 -457 -14.33 -47.99 -250 -862 -348
61.83 -0.81 -1670 936 -889 -27.95 -38.60 2334 3095 -2385 -14.36 -47.55 352 -230 -769
61.65 -1.87 -2114 1191 -1237 -27.65 -40.81 1923 3109 -2308 -14.70 -47.30 464 -146 -659
61.75 -3.16 -384 826 -271 -27.86 -41.87 -1648 -770 1363 -15.14 -47.20 113 -568 -370
62.27 -4.11 2196 -597 1457 -27.62 -42.26 -827 -1273 646 -15.69 -47.13 -362 -923 -91
62.27 -4.11 2196 -597 1457 -27.62 -42.26 -827 -1273 646 -15.69 -47.13 -362 -923 -91
