63.00 -0.82 218 -14 75 -26.93 -43.26 92 110 135 -16.64 -50.26 -32 -147 63
63.00 -0.77 202 -25 77 -26.76 -44.01 88 120 145 -16.66 -50.16 -82 -198 65
63.02 -0.72 224 -36 93 -26.47 -45.10 -24 91 181 -16.61 -50.02 -97 -453 160
63.02 -0.66 226 -49 116 -26.14 -46.42 -85 173 89 -16.62 -49.79 -115 -794 306
63.01 -0.58 181 -44 113 -25.74 -47.85 12 308 3 -16.64 -49.43 -135 -992 395
63.01 -0.58 181 -44 113 -25.74 -47.85 12 308 3 -16.64 -49.43 -135 -992 395
63.00 -0.44 230 -44 118 -24.94 -50.50 43 321 40 -16.69 -48.47 74 -406 35
62.98 -0.35 207 -81 164 -24.68 -51.34 56 147 111 -16.70 -48.10 125 91 -212
62.96 -0.24 256 -111 198 -24.50 -52.06 -134 -85 218 -16.64 -47.91 65 566 -361
62.99 -0.08 457 -161 264 -24.42 -52.45 -354 -739 512 -16.39 -47.77 45 1212 -423
63.01 0.18 738 -189 324 -24.35 -52.84 -339 -1055 515 -15.88 -47.69 446 2293 -659
62.96 0.57 808 -197 283 -24.27 -53.24 -218 -954 385 -15.12 -47.82 826 3269 -1203
62.93 1.02 638 -147 161 -24.20 -53.67 -90 -375 10 -14.77 -48.38 245 2523 -1536
62.85 1.45 370 -102 28 -24.05 -54.27 146 448 -372 -15.00 -49.29 -347 -779 373
62.68 1.81 89 -30 -71 -23.69 -55.19 278 1146 -581 -15.10 -49.26 -1222 -2722 1554
62.53 2.09 -258 121 -179 -23.11 -56.29 539 2620 -1090 -14.88 -48.62 -842 -2124 831
62.42 2.15 -879 291 -332 -22.10 -58.14 1519 4765 -1606 -14.75 -48.07 -263 -1184 -13
62.24 1.81 -1735 408 -465 -20.70 -61.05 2338 6287 -1870 -14.87 -47.65 58 -582 -410
62.18 0.97 -2266 551 -742 -19.10 -64.58 -245 2635 389 -15.18 -47.39 65 -362 -404
62.28 -0.14 -921 638 -233 -18.42 -65.34 -987 1268 1237 -15.64 -47.24 -339 -548 -239
