62.13 -0.90 126 8 73 -26.37 -43.98 80 124 -108 -15.98 -49.42 9 -229 29
62.15 -0.90 180 -1 86 -26.37 -43.99 103 98 -78 -16.05 -49.39 -53 -567 260
62.16 -0.89 209 -37 105 -26.38 -44.01 157 86 -70 -16.07 -49.22 -76 -795 294
62.15 -0.87 256 -48 118 -26.37 -44.14 112 15 -15 -16.13 -49.01 -118 -840 273
62.14 -0.81 279 -21 103 -26.28 -44.46 76 9 11 -16.15 -48.76 -49 -687 221
62.14 -0.73 326 -28 120 -26.14 -45.03 52 39 27 -16.19 -48.44 16 -519 168
62.14 -0.63 317 -20 111 -25.94 -45.80 107 18 48 -16.27 -48.06 104 -182 -21
62.17 -0.49 395 -72 155 -25.68 -46.82 66 -2 78 -16.30 -47.80 169 234 -205
62.17 -0.31 507 -140 229 -25.35 -48.00 38 -53 58 -16.26 -47.66 134 718 -330
62.16 -0.03 664 -208 300 -24.96 -49.42 79 11 -90 -16.13 -47.52 232 1458 -490
62.15 0.37 707 -266 337 -24.56 -50.79 -83 -340 351 -15.75 -47.59 531 2556 -850
62.08 0.86 579 -219 237 -24.28 -51.87 -266 -572 641 -15.40 -47.94 437 2481 -1054
62.01 1.38 492 -200 163 -24.03 -52.82 -212 -482 636 -15.38 -48.62 -75 664 -212
61.91 1.92 336 -151 60 -23.78 -53.81 -211 125 154 -15.38 -48.96 -658 -1281 895
61.78 2.39 95 -120 -10 -23.29 -55.09 254 1246 -450 -15.17 -48.62 -798 -1651 961
61.65 2.79 -227 -7 -92 -22.59 -56.79 1247 3236 -1334 -14.96 -48.03 -436 -1093 191
61.54 3.00 -667 159 -234 -21.47 -59.64 2087 5166 -2042 -15.02 -47.51 -99 -781 -226
61.37 2.86 -1421 423 -571 -20.52 -61.96 549 2416 281 -15.23 -47.04 67 -581 -328
61.37 2.86 -1421 423 -571 -20.52 -61.96 549 2416 281 -15.23 -47.04 67 -581 -328
61.94 -0.96 149 103 -33 -19.36 -64.26 -713 96 656 -15.79 -46.52 -294 -514 -80
