62.98 -0.24 176 -31 113 -26.24 -43.66 93 69 -84 -15.74 -49.15 -34 68 -11
62.98 -0.22 196 -23 95 -26.24 -43.66 111 70 -60 -15.73 -49.16 -18 47 -5
62.99 -0.18 194 -14 78 -26.23 -43.71 173 48 20 -15.73 -49.18 3 38 -25
63.00 -0.16 213 -7 78 -26.22 -43.92 117 -33 34 -15.73 -49.19 3 21 -24
63.01 -0.15 337 -37 141 -26.11 -44.42 200 -101 134 -15.73 -49.20 -1 24 -23
63.03 -0.06 486 -77 200 -25.98 -45.25 167 -65 140 -15.73 -49.20 7 29 -16
63.03 0.09 459 -41 123 -25.85 -46.25 181 60 139 -15.74 -49.19 36 26 -4
63.07 0.22 363 6 29 -25.72 -47.26 67 43 147 -15.75 -49.20 55 34 -12
63.15 0.19 286 80 -67 -25.57 -48.30 -29 -66 -12 -15.75 -49.21 35 36 -1
63.28 -0.04 542 -19 137 -25.32 -49.61 -283 -553 204 -15.76 -49.21 -27 42 -16
63.36 -0.23 908 -161 373 -25.12 -50.70 -549 -1047 494 -15.76 -49.22 -37 42 -28
63.42 -0.36 966 197 -186 -25.03 -51.69 -698 -698 333 -15.76 -49.22 -21 37 -29
63.79 -1.22 774 618 -746 -24.88 -52.50 -385 151 138 -15.76 -49.22 4 27 -19
63.86 -2.77 214 686 -807 -24.58 -53.11 68 1184 -108 -15.75 -49.22 16 10 -20
63.86 -2.77 214 686 -807 -24.58 -53.11 68 1184 -108 -15.75 -49.22 16 10 -20
63.32 -6.10 -794 285 6 -23.55 -54.41 1260 3313 -989 -15.74 -49.23 2 -18 -21
63.32 -6.10 -794 285 6 -23.55 -54.41 1260 3313 -989 -15.74 -49.23 2 -18 -21
62.55 -8.52 -1560 915 -65 -21.83 -58.91 -897 1473 962 -15.71 -49.23 10 -5 -30
62.38 -9.85 -2009 588 136 -21.20 -59.77 -2091 -304 1630 -15.71 -49.24 17 -3 -23
62.38 -11.12 -684 -95 718 -20.89 -59.98 -703 -627 399 -15.74 -49.25 -18 -170 4
