65.84 -3.14 201 -24 67 -24.68 -44.56 86 102 -132 -11.95 -50.48 -10 -3 88
65.83 -3.13 173 -10 65 -24.70 -44.58 117 122 -82 -11.91 -50.18 83 23 48
65.82 -3.15 93 -12 81 -24.72 -44.61 116 133 -38 -11.93 -49.88 90 -71 70
65.83 -3.19 89 -29 103 -24.75 -44.65 97 135 -27 -11.96 -49.43 92 -216 137
65.83 -3.21 164 -41 128 -24.80 -44.69 98 105 -45 -12.08 -48.79 203 -187 56
65.84 -3.22 234 -39 115 -24.87 -44.73 93 98 -91 -12.29 -48.13 52 111 -150
65.84 -3.22 210 -2 61 -24.93 -44.78 108 94 -107 -12.52 -47.47 -52 303 -290
65.82 -3.24 162 22 48 -25.00 -44.81 83 141 -107 -12.60 -46.82 -90 -59 -11
65.81 -3.28 114 28 56 -25.09 -44.81 63 165 -86 -12.54 -45.91 -239 -821 609
65.78 -3.34 140 -3 103 -25.17 -44.82 113 71 6 -12.31 -44.48 -160 -1250 716
65.75 -3.37 178 -36 123 -25.26 -44.73 251 -125 329 -12.10 -42.84 14 -893 325
65.73 -3.39 185 -43 103 -25.33 -44.54 159 -235 386 -12.09 -41.18 87 17 -385
65.69 -3.43 154 -25 70 -25.65 -44.19 -196 -154 144 -12.14 -39.67 -77 580 -785
65.63 -3.50 124 34 32 -25.93 -43.83 -252 43 -128 -12.12 -38.12 -204 784 -984
65.59 -3.55 247 32 71 -26.15 -43.50 -295 -39 -151 -12.04 -36.40 -201 1226 -1415
65.54 -3.59 245 14 75 -26.31 -43.07 -363 -392 106 -11.95 -34.61 234 2197 -2835
65.47 -3.63 253 -14 56 -26.50 -42.42 -375 -687 207 -12.37 -34.24 1295 3733 -5418
65.39 -3.73 199 -162 166 -26.68 -41.60 -261 -528 105 -13.25 -36.71 864 2165 -3337
65.19 -3.85 -13 -107 110 -26.99 -40.55 15 145 -352 -12.36 -37.64 -210 -1024 -640
64.98 -4.00 81 -40 114 -27.45 -39.29 319 598 -655 -12.35 -37.81 -815 -1028 -622
