60.99 0.35 185 -5 89 -26.48 -44.70 81 117 -111 -15.75 -48.56 -2 40 -27
60.99 0.34 195 -10 92 -26.49 -44.70 72 125 -126 -15.75 -48.55 -26 27 -17
60.98 0.33 149 -27 117 -26.50 -44.70 67 120 -128 -15.74 -48.53 -13 43 -25
60.96 0.33 112 -21 121 -26.50 -44.70 68 121 -124 -15.74 -48.52 9 58 -23
60.96 0.34 102 -8 105 -26.50 -44.70 72 122 -121 -15.72 -48.51 30 73 -5
60.97 0.35 145 4 100 -26.50 -44.70 72 123 -116 -15.70 -48.48 -12 129 -8
60.99 0.34 184 -9 101 -26.50 -44.69 68 130 -121 -15.66 -48.43 -41 105 28
60.98 0.34 183 -40 124 -26.50 -44.70 63 123 -119 -15.59 -48.36 -67 75 54
60.95 0.32 168 -56 152 -26.50 -44.70 63 119 -118 -15.50 -48.27 -71 64 2
60.92 0.31 148 -49 145 -26.50 -44.71 65 133 -95 -15.43 -48.19 -58 -100 37
60.89 0.29 147 -32 120 -26.49 -44.73 79 150 -66 -15.33 -47.97 -173 -563 449
60.87 0.28 128 4 75 -26.49 -44.76 58 184 -30 -14.92 -47.26 -258 -1294 888
60.85 0.26 101 17 58 -26.50 -44.79 41 157 46 -14.64 -45.74 -376 -1154 706
60.82 0.17 48 -19 99 -26.50 -44.84 64 133 112 -14.52 -43.44 32 -116 -153
60.75 0.07 99 -47 145 -26.54 -44.92 73 103 92 -14.72 -40.68 467 1256 -1164
60.64 -0.03 149 -72 197 -26.47 -45.31 73 -12 141 -14.97 -37.63 686 2273 -2387
60.52 -0.11 126 -25 165 -26.37 -45.94 38 14 44 -15.44 -35.43 1397 3083 -4000
60.41 -0.19 272 -28 197 -26.24 -46.63 -113 -249 149 -16.38 -35.33 1434 2851 -4248
60.27 -0.31 411 -123 318 -26.04 -47.39 -380 -686 503 -16.54 -36.55 -1116 -899 -165
60.10 -0.42 604 -205 440 -26.06 -47.72 -925 -958 976 -16.23 -36.26 -778 -1973 -79
