60.75 0.01 145 3 60 -27.16 -44.70 78 108 -125 -15.84 -47.39 -11 5 -17
60.76 -0.02 189 -1 88 -27.16 -44.71 69 122 -121 -15.85 -47.37 -12 17 -20
60.77 -0.02 199 -23 120 -27.15 -44.72 69 124 -116 -15.84 -47.34 -5 15 -10
60.76 -0.02 153 -7 97 -27.13 -44.76 47 116 -102 -15.85 -47.31 -14 1 6
60.76 -0.01 145 -25 120 -27.13 -44.78 69 116 -108 -15.85 -47.25 -42 -21 33
60.75 -0.01 167 -29 128 -27.12 -44.81 69 115 -104 -15.88 -47.10 -135 -157 166
60.74 0.01 160 -34 118 -27.11 -44.85 72 108 -89 -15.82 -46.82 -74 -234 207
60.73 0.02 149 -33 106 -27.09 -44.91 61 118 -95 -15.75 -46.45 -138 -143 122
60.72 0.03 175 -36 110 -27.08 -44.97 67 124 -86 -15.69 -45.94 -114 35 48
60.71 0.04 168 -33 103 -27.07 -45.04 60 122 -87 -15.57 -45.20 -85 -43 147
60.69 0.05 167 -12 90 -27.05 -45.11 46 106 -85 -15.36 -44.17 -125 -235 213
60.69 0.05 163 -13 112 -27.04 -45.18 40 115 -49 -15.15 -42.75 -164 -260 85
60.66 0.03 152 -32 146 -27.07 -45.18 -61 3 41 -15.04 -41.00 -23 101 -378
60.62 -0.00 170 -76 212 -27.07 -45.27 -110 -5 74 -15.07 -39.15 82 547 -818
60.55 -0.03 186 -79 224 -27.11 -45.29 -186 1 139 -15.08 -37.28 266 1071 -1322
60.45 -0.07 238 -110 236 -27.17 -45.25 -264 -48 255 -15.18 -35.48 545 1802 -2220
60.30 -0.17 269 -138 214 -27.26 -44.99 -269 -224 386 -15.71 -34.72 1651 3025 -4377
60.03 -0.27 170 -82 112 -27.40 -44.58 -285 -273 296 -16.78 -36.31 853 1609 -2655
59.72 -0.40 35 -19 62 -27.60 -44.04 -259 -134 98 -16.10 -37.14 -513 -1798 247
59.46 -0.59 21 -24 107 -27.83 -43.40 -96 255 -146 -16.38 -37.05 -644 -1613 -205
