59.42 -1.03 -315 110 -79 -27.45 -48.38 553 1523 29 -16.42 -49.39 -11 75 -27
59.02 -1.51 -440 255 -212 -27.62 -48.56 116 511 290 -16.43 -49.37 9 119 -34
59.02 -1.51 -440 255 -212 -27.62 -48.56 116 511 290 -16.43 -49.37 9 119 -34
57.75 -3.08 -392 774 -529 -27.75 -49.38 -60 -846 -687 -16.43 -49.29 -2 67 11
57.17 -3.99 -15 850 -594 -27.70 -49.69 -295 -880 -477 -16.42 -49.23 -15 7 19
57.10 -4.82 1572 -98 752 -27.84 -49.45 -312 -824 -213 -16.39 -49.14 -45 -61 56
57.13 -5.05 2025 -762 1113 -28.07 -48.56 -17 -568 -198 -16.31 -48.97 -109 -142 119
56.78 -4.74 1059 -438 198 -28.41 -47.13 66 -645 -229 -16.17 -48.68 -152 -304 256
56.56 -4.40 194 -147 -357 -28.84 -45.50 -70 -852 -340 -15.99 -48.21 -193 -387 316
56.60 -4.12 79 -62 -371 -29.18 -44.03 -300 -935 -375 -15.71 -47.36 -306 -623 423
56.77 -3.87 350 -95 -54 -29.49 -42.47 -35 -262 -483 -15.53 -45.96 -316 -515 162
57.06 -3.50 549 -136 153 -29.68 -41.16 629 641 -896 -15.55 -44.28 -141 23 -350
57.40 -2.97 435 -231 316 -29.78 -40.20 962 1107 -981 -15.64 -42.46 167 425 -736
57.59 -2.41 -272 6 -80 -29.87 -39.60 994 1439 -1206 -15.58 -40.64 324 592 -912
57.87 -2.05 -649 273 -296 -29.82 -39.61 1097 1630 -1365 -15.51 -38.80 541 945 -1143
58.22 -1.93 -517 248 -187 -29.66 -40.15 1056 1412 -1120 -15.53 -36.84 965 1758 -2039
58.51 -1.86 -305 256 -114 -29.47 -40.94 766 841 -593 -16.10 -35.47 1534 2913 -3924
58.77 -1.80 -199 270 -84 -29.37 -41.72 142 246 -102 -17.46 -36.39 683 1810 -2745
58.95 -1.75 -149 293 -67 -29.30 -42.23 -273 -214 301 -16.90 -37.20 -916 -1962 606
59.17 -1.76 -66 205 12 -29.30 -42.43 -474 -391 414 -17.20 -36.85 -1022 -1812 22
