61.22 -0.51 151 -113 184 -26.67 -43.27 80 145 -72 -15.40 -48.94 9 27 6
61.21 -0.49 129 -49 132 -26.69 -43.28 87 129 -83 -15.40 -48.93 17 28 2
61.22 -0.48 134 -7 116 -26.71 -43.29 98 106 -79 -15.40 -48.93 18 17 4
61.22 -0.48 134 -7 116 -26.71 -43.29 98 106 -79 -15.40 -48.93 18 17 4
61.24 -0.47 151 11 89 -26.77 -43.28 78 116 -121 -15.41 -48.88 -5 -56 6
61.26 -0.47 180 -5 87 -26.79 -43.27 72 124 -130 -15.40 -48.83 6 -194 101
61.28 -0.45 144 -16 85 -26.80 -43.26 82 128 -120 -15.42 -48.73 17 -361 176
61.29 -0.45 117 -49 114 -26.81 -43.26 111 110 -73 -15.47 -48.52 -141 -822 493
61.29 -0.45 142 -59 136 -26.83 -43.26 95 117 -80 -15.39 -48.14 -49 -986 449
61.29 -0.44 176 -27 108 -26.86 -43.26 99 98 -88 -15.43 -47.71 -227 -923 432
61.30 -0.42 167 20 74 -26.87 -43.26 76 54 -92 -15.34 -47.13 -171 -730 329
61.31 -0.42 165 20 75 -26.91 -43.23 66 -45 -38 -15.26 -46.52 -98 -219 -75
61.31 -0.44 177 -22 129 -26.98 -43.17 -51 -203 30 -15.20 -46.03 -71 357 -452
61.30 -0.43 220 -73 173 -27.02 -43.06 -195 -505 284 -15.14 -45.72 -58 674 -544
61.29 -0.37 267 -78 180 -27.08 -42.70 -193 -737 476 -15.00 -45.51 60 960 -630
61.30 -0.29 382 -73 192 -27.20 -42.30 -70 -572 302 -14.92 -45.48 320 1744 -1204
61.33 -0.17 513 -75 212 -27.36 -41.91 -64 -261 41 -15.37 -46.10 1039 3672 -2877
61.35 0.01 670 -95 242 -27.49 -41.50 -10 -34 -76 -16.61 -48.21 1654 4835 -3824
61.40 0.24 681 -127 253 -27.65 -40.99 -55 214 -310 -17.28 -51.36 284 1394 -1127
61.41 0.50 381 -100 129 -27.73 -40.46 11 495 -501 -16.33 -52.59 -1370 -1411 864
