61.69 -1.06 132 -18 95 -27.05 -43.14 75 125 -118 -15.92 -50.37 19 21 -9
61.68 -1.06 115 -16 96 -27.05 -43.14 81 124 -112 -15.92 -50.36 9 15 -5
61.69 -1.06 149 -7 82 -27.06 -43.15 69 133 -124 -15.94 -50.34 -36 -13 -10
61.70 -1.07 206 -17 93 -27.07 -43.15 76 140 -122 -15.93 -50.33 -17 -10 -15
61.70 -1.05 196 -21 105 -27.06 -43.17 74 136 -112 -15.93 -50.30 -9 -15 -15
61.68 -1.04 139 -18 105 -27.07 -43.18 69 125 -103 -15.91 -50.28 -8 -70 18
61.67 -1.03 116 -7 95 -27.07 -43.18 85 110 -96 -15.87 -50.21 -32 -238 102
61.67 -1.03 124 -2 86 -27.07 -43.20 76 112 -98 -15.78 -49.99 -115 -680 396
61.67 -1.03 124 -2 86 -27.07 -43.20 76 112 -98 -15.78 -49.99 -115 -680 396
61.70 -1.02 181 -8 79 -27.09 -43.20 58 118 -116 -15.64 -49.05 -189 -931 431
61.70 -1.01 195 -21 108 -27.09 -43.21 60 118 -117 -15.50 -48.27 -226 -1000 455
61.68 -0.99 186 -37 130 -27.08 -43.23 66 82 -107 -15.41 -47.30 -190 -690 143
61.66 -0.96 165 -33 129 -27.05 -43.30 83 -27 -76 -15.39 -46.33 -167 -38 -314
61.65 -0.93 157 -21 105 -27.03 -43.34 -76 -315 141 -15.31 -45.60 -93 679 -671
61.65 -0.90 175 -18 100 -27.07 -43.09 -313 -654 420 -15.20 -45.11 388 1874 -1434
61.66 -0.86 256 -53 134 -27.19 -42.56 -270 -658 354 -15.62 -45.40 1079 3977 -3273
61.66 -0.79 413 -103 194 -27.31 -41.98 -134 -474 155 -16.90 -47.78 2521 6249 -5555
61.66 -0.64 594 -114 227 -27.48 -41.36 -64 -254 -25 -17.94 -52.26 -736 2273 -1151
61.65 -0.42 675 -154 219 -27.65 -40.77 29 103 -227 -17.45 -53.62 -753 844 -923
61.56 -0.13 546 -168 206 -27.76 -40.18 164 599 -403 -17.11 -54.96 -685 81 -541
