62.04 -1.10 153 -7 91 -26.95 -43.36 67 102 -102 -15.89 -50.77 61 67 -10
62.02 -1.09 119 -3 91 -27.00 -43.19 11 17 -68 -15.88 -50.74 17 -72 22
62.04 -1.08 166 -4 100 -27.06 -43.04 -122 -29 -51 -15.90 -50.67 -32 -106 29
62.04 -1.07 196 -5 93 -27.08 -42.82 56 27 -81 -15.91 -50.55 -41 -111 35
62.04 -1.07 200 -21 101 -27.10 -42.69 175 197 -225 -15.92 -50.46 11 -19 -30
62.02 -1.06 193 -32 111 -27.10 -42.66 205 232 -210 -15.92 -50.36 18 -82 16
62.01 -1.04 164 -48 122 -27.11 -42.65 121 136 -139 -15.92 -50.24 8 -97 18
62.01 -1.01 161 -20 115 -27.13 -42.60 58 28 -84 -15.92 -50.09 25 -145 55
62.01 -0.96 159 20 72 -27.16 -42.50 19 6 -84 -15.89 -49.90 -16 -283 119
62.01 -0.94 128 43 33 -27.20 -42.38 68 47 -102 -15.89 -49.61 -68 -343 136
62.03 -0.94 144 14 60 -27.24 -42.27 100 73 -108 -15.87 -49.25 -92 -163 -8
62.03 -0.94 144 14 60 -27.24 -42.27 100 73 -108 -15.87 -49.25 -92 -163 -8
62.02 -0.90 269 -81 163 -27.33 -42.03 68 31 -74 -15.85 -48.76 8 346 -270
61.99 -0.84 226 -30 96 -27.38 -41.88 28 -17 -39 -15.80 -48.67 -2 560 -375
61.99 -0.79 186 -2 54 -27.43 -41.68 -8 -120 13 -15.78 -48.73 98 1090 -716
61.99 -0.79 186 -2 54 -27.43 -41.68 -8 -120 13 -15.78 -48.73 98 1090 -716
61.64 -0.85 74 199 -71 -27.58 -41.08 -32 15 -132 -16.92 -50.96 770 2465 -1257
61.64 -0.99 -134 195 -135 -27.63 -40.77 30 210 -259 -16.69 -53.24 -1048 -665 1047
61.65 -1.23 -188 95 -23 -27.64 -40.53 125 391 -373 -16.33 -54.03 -491 -772 602
61.69 -1.46 -87 -4 114 -27.60 -40.41 218 539 -388 -16.34 -55.02 -261 -783 394
