63.12 1.21 -144 -29 14 -25.38 -41.26 1516 976 -1249 -15.00 -53.11 163 -86 98
63.01 1.29 -613 157 -139 -25.40 -42.63 -1116 -1446 411 -15.13 -54.05 228 24 79
62.90 1.02 -1024 402 -371 -25.41 -42.56 -2363 -2567 1382 -15.27 -55.20 410 -13 47
62.76 0.38 -1347 620 -632 -25.24 -41.79 -641 -1612 636 -15.55 -56.72 590 -124 140
62.62 -0.61 -1416 775 -703 -25.23 -41.33 477 -666 -188 -16.08 -58.23 314 -389 464
63.03 -1.56 587 125 571 -25.45 -41.02 314 -399 -268 -16.73 -59.26 -70 -339 545
63.39 -1.87 2098 -753 1496 -25.65 -40.69 -40 -325 -255 -17.16 -60.09 -450 59 355
63.12 -1.46 1651 -763 886 -25.83 -40.32 -261 -313 -283 -17.29 -60.80 -525 133 287
62.86 -0.91 727 -510 -11 -25.93 -39.89 -435 -29 -79 -17.22 -61.43 -422 20 269
62.73 -0.57 26 -297 -364 -26.00 -39.33 259 698 -449 -17.14 -61.97 -369 69 194
62.75 -0.50 38 -275 -201 -25.93 -39.22 844 1234 -593 -17.03 -62.46 -422 245 100
62.72 -0.42 185 -383 163 -25.95 -39.39 686 1330 -582 -16.83 -62.98 -370 460 35
62.64 -0.13 286 -346 391 -26.00 -39.58 599 1202 -544 -16.52 -63.55 -286 825 61
62.59 0.30 -39 -70 211 -26.07 -39.84 408 919 -559 -16.02 -64.19 -157 1903 -87
62.55 0.60 -400 336 -215 -26.11 -40.22 160 516 -422 -15.30 -65.39 446 3587 -468
62.62 0.60 -597 472 -386 -26.12 -40.60 -77 92 -135 -14.57 -67.30 1029 5042 -989
62.70 0.38 -626 438 -383 -26.13 -40.84 -173 -79 36 -13.99 -69.63 141 1173 1096
62.78 0.02 -501 288 -224 -26.10 -41.03 2 3 33 -13.30 -70.49 -800 -634 894
62.81 -0.39 -245 129 1 -26.09 -41.27 153 154 -4 -12.64 -71.25 -463 -1151 90
62.85 -0.75 42 3 215 -26.11 -41.63 75 139 34 -12.28 -71.63 -153 -1032 -60
