63.47 -1.22 185 -25 125 -26.01 -42.25 71 122 -122 -14.77 -51.37 -2 40 -22
63.46 -1.21 199 -11 104 -26.01 -42.26 69 113 -122 -14.77 -51.40 -3 -10 -20
63.45 -1.20 152 -1 85 -26.00 -42.25 67 108 -124 -14.76 -51.43 -14 -33 -17
63.45 -1.20 152 -1 85 -26.00 -42.25 67 108 -124 -14.76 -51.43 -14 -33 -17
63.46 -1.21 127 -11 79 -25.99 -42.25 69 125 -129 -14.73 -51.50 36 -34 20
63.47 -1.20 156 -16 91 -25.98 -42.27 78 134 -134 -14.77 -51.57 33 -90 -27
63.47 -1.19 167 -16 88 -25.98 -42.29 78 116 -133 -14.96 -52.17 79 -406 -29
63.47 -1.18 170 -28 103 -25.97 -42.31 80 90 -138 -15.24 -52.94 -28 -813 147
63.47 -1.18 200 -21 100 -25.96 -42.32 66 87 -123 -15.45 -53.75 -294 -931 284
63.46 -1.16 204 -10 94 -25.95 -42.34 48 104 -97 -15.55 -54.58 -141 -536 219
63.46 -1.16 175 -1 65 -25.93 -42.36 43 75 -97 -15.59 -55.51 63 -240 145
63.46 -1.15 136 -16 53 -25.87 -42.51 42 -170 -57 -15.73 -56.75 168 -3 105
63.46 -1.15 162 -40 83 -25.80 -42.71 -161 -601 202 -15.90 -58.15 -23 484 2
63.47 -1.14 200 -37 103 -25.77 -42.61 -429 -1022 623 -15.97 -59.69 -111 1209 -96
63.48 -1.10 208 -5 92 -25.82 -42.26 -294 -731 343 -15.79 -61.35 -159 2123 -73
63.48 -1.06 289 -6 138 -25.83 -41.97 -101 -270 33 -15.36 -63.04 308 3212 -162
63.50 -0.98 606 -93 250 -25.80 -41.55 -76 -165 45 -14.95 -64.91 787 4819 -726
63.47 -0.76 895 -260 373 -25.82 -41.08 18 79 -185 -14.53 -67.41 357 2460 293
63.39 -0.36 870 -271 271 -25.78 -40.80 105 358 -355 -13.88 -68.38 -825 -650 1230
63.37 0.13 748 -269 231 -25.72 -40.50 166 712 -296 -13.28 -68.96 -407 -1058 196
