63.48 -1.17 159 -32 85 -25.92 -43.17 66 128 -123 -14.81 -50.35 9 9 1
63.47 -1.15 165 -4 71 -25.92 -43.17 61 102 -128 -14.82 -50.32 21 10 -15
63.47 -1.16 143 -1 76 -25.93 -43.16 55 111 -124 -14.82 -50.31 5 18 -24
63.47 -1.17 148 1 81 -25.93 -43.15 58 123 -116 -14.83 -50.30 -14 -25 -1
63.47 -1.17 159 -19 97 -25.93 -43.15 65 119 -112 -14.84 -50.27 -42 -167 40
63.47 -1.17 150 -23 94 -25.92 -43.15 66 104 -108 -14.89 -50.21 -35 -559 210
63.46 -1.18 168 -28 103 -25.92 -43.13 73 107 -117 -14.92 -50.13 -32 -953 191
63.46 -1.18 184 -27 116 -25.91 -43.13 68 101 -125 -15.23 -50.54 184 -786 -96
63.45 -1.18 163 2 91 -25.91 -43.12 43 84 -125 -15.67 -51.79 182 -362 -159
63.44 -1.17 157 10 83 -25.91 -43.08 -75 -81 -70 -15.94 -53.52 195 14 -35
63.44 -1.17 176 3 77 -25.90 -43.09 -36 -253 1 -16.04 -55.41 59 367 27
63.44 -1.16 178 -15 77 -25.92 -42.88 -367 -941 548 -16.03 -57.41 48 715 -92
63.44 -1.16 177 -25 88 -26.04 -42.21 -360 -1068 516 -16.04 -59.69 37 1064 -223
63.44 -1.14 179 -31 104 -26.19 -41.60 2 -535 55 -16.03 -62.20 -223 1510 -152
63.43 -1.12 261 -40 131 -26.22 -41.31 162 10 -303 -15.69 -64.71 -278 1985 222
63.42 -1.06 448 -75 186 -26.11 -41.15 351 383 -478 -15.04 -67.05 -43 3031 324
63.42 -0.92 671 -127 250 -25.97 -41.13 320 453 -506 -14.35 -69.50 595 4424 190
63.45 -0.63 909 -191 328 -25.83 -41.24 228 450 -515 -13.61 -71.76 387 1654 1294
63.46 -0.18 981 -232 299 -25.68 -41.46 229 516 -417 -13.08 -72.74 -736 -891 1513
63.37 0.32 514 -162 74 -25.55 -41.64 254 884 -374 -12.61 -73.21 -611 -1250 441
