55.52 -6.76 191 -139 393 -26.13 -42.61 30 172 19 -15.03 -52.53 173 224 611
55.51 -7.32 1229 -903 1175 -26.17 -42.60 28 183 49 -14.77 -53.19 500 -93 696
55.53 -7.31 1265 -1114 1017 -26.22 -42.63 -60 216 66 -14.51 -54.14 588 -297 704
55.46 -7.07 610 -917 237 -26.26 -42.64 -182 247 297 -14.60 -54.83 159 -185 829
55.48 -6.84 131 -675 -462 -26.46 -41.70 -300 -32 906 -14.57 -55.16 62 -74 725
55.64 -6.62 92 -538 -706 -26.85 -40.48 41 304 457 -14.51 -55.17 62 261 379
55.96 -6.22 273 -563 -561 -27.34 -39.32 122 614 -328 -14.41 -55.00 137 609 80
56.28 -5.72 70 -667 -341 -27.72 -38.31 196 649 -553 -14.22 -54.65 290 770 -107
56.48 -5.35 -346 -657 -110 -28.02 -37.39 253 779 -609 -14.12 -54.14 37 754 -238
56.86 -4.96 5 -685 275 -28.37 -36.64 204 850 -855 -13.92 -53.52 -99 455 -428
57.32 -4.45 108 -518 396 -28.44 -36.15 373 831 -840 -13.68 -53.04 -524 -306 -442
57.82 -3.87 672 -411 461 -28.43 -35.79 275 691 -585 -13.51 -52.56 -902 -393 -770
58.34 -3.10 797 -179 274 -28.48 -35.15 171 507 -298 -13.56 -52.51 -1408 -1544 -403
58.89 -2.36 601 -15 124 -28.68 -33.96 -415 29 -87 -13.55 -52.38 -941 -1290 -586
59.32 -1.75 256 93 31 -28.82 -32.43 195 -78 -445 -13.59 -52.29 -215 -341 -962
59.69 -1.21 -19 204 -83 -28.80 -31.66 1078 61 -1087 -13.56 -52.36 345 -12 -1085
59.98 -0.74 -245 295 -139 -28.60 -32.79 -939 -1448 558 -13.57 -52.23 691 -159 -1001
60.16 -0.34 -356 415 -159 -28.00 -33.49 -528 -1528 104 -13.82 -51.84 842 -300 -1040
60.32 -0.08 -452 463 -74 -27.41 -34.33 -58 -1264 -185 -14.35 -51.33 390 -180 -985
60.32 -0.08 -452 463 -74 -27.41 -34.33 -58 -1264 -185 -14.35 -51.33 390 -180 -985
