65.09 -3.92 165 -42 89 -25.83 -43.95 15 68 80 -12.33 -49.78 15 -49 39
65.09 -3.92 165 -42 89 -25.83 -43.95 15 68 80 -12.33 -49.78 15 -49 39
65.09 -3.90 153 -22 79 -25.49 -44.98 4 163 -17 -12.25 -49.55 -12 -40 38
65.09 -3.90 163 -14 89 -25.36 -45.41 51 242 -41 -12.20 -49.38 -8 58 -54
65.10 -3.91 211 -18 93 -25.29 -45.67 79 305 -74 -12.17 -49.19 -1 -31 62
65.11 -3.91 265 -39 97 -25.30 -45.75 98 292 -121 -12.12 -48.82 59 -132 96
65.09 -3.89 260 -58 82 -25.31 -45.78 65 169 -99 -12.10 -48.29 42 -225 146
65.07 -3.87 177 -61 77 -25.36 -45.71 108 134 -150 -12.10 -47.49 -23 -292 119
65.05 -3.86 75 -56 87 -25.39 -45.67 143 173 -216 -12.10 -46.47 -40 -215 63
65.03 -3.87 22 -32 85 -25.41 -45.71 181 221 -221 -12.11 -45.25 -72 -184 35
65.00 -3.91 -2 6 61 -25.43 -45.76 41 146 -122 -12.03 -43.84 -138 -391 156
65.00 -3.97 96 18 67 -25.45 -45.71 24 54 4 -11.89 -42.15 -147 -452 49
64.99 -4.02 203 -14 109 -25.52 -45.58 94 -14 42 -11.82 -40.29 -162 -295 -227
64.97 -4.03 229 -25 98 -25.62 -45.36 4 -178 172 -11.73 -38.28 -59 72 -564
64.96 -4.04 187 -29 81 -25.77 -45.01 -27 -179 116 -11.66 -36.08 39 660 -1059
64.94 -4.08 140 -33 71 -25.94 -44.61 -31 -39 10 -11.83 -34.25 691 2292 -3444
64.91 -4.14 140 -27 75 -26.17 -44.10 -28 14 -6 -12.98 -35.39 1832 4463 -6719
64.86 -4.20 171 -34 101 -26.47 -43.39 -196 -181 107 -13.95 -39.56 -390 994 -2170
64.81 -4.25 297 -63 144 -26.82 -42.40 -320 -345 103 -13.44 -40.43 -559 -726 -722
64.76 -4.24 295 -40 119 -27.18 -41.24 -264 -217 -168 -12.89 -41.12 -550 -824 -366
