61.80 0.69 142 48 97 -26.47 -42.62 23 272 13 -16.71 -51.38 -13 34 -24
61.81 0.70 211 33 111 -26.42 -42.87 -82 266 55 -16.72 -51.38 -37 39 -42
61.80 0.72 180 15 139 -26.34 -43.18 56 224 29 -16.71 -51.39 -23 42 -44
61.80 0.75 125 38 118 -26.31 -43.52 -105 214 -65 -16.70 -51.39 -10 40 -26
61.79 0.77 81 53 135 -26.21 -43.74 -30 331 -56 -16.69 -51.40 -5 47 -13
61.79 0.76 83 55 153 -26.41 -42.97 -102 325 149 -16.68 -51.40 2 58 -4
61.79 0.76 97 100 87 -26.60 -42.28 180 555 -55 -16.67 -51.41 7 74 7
61.80 0.75 112 130 50 -26.86 -41.65 181 503 -93 -16.66 -51.43 10 64 14
61.81 0.66 201 66 135 -27.15 -40.88 129 235 -9 -16.66 -51.46 -16 54 23
61.74 0.57 144 -47 220 -27.53 -40.01 -87 -16 -88 -16.65 -51.48 -18 67 30
61.74 0.57 144 -47 220 -27.53 -40.01 -87 -16 -88 -16.65 -51.48 -18 67 30
61.49 0.37 -134 -11 174 -28.06 -37.91 -518 -292 -219 -16.62 -51.56 24 86 50
61.28 0.15 -212 163 17 -28.21 -36.48 -303 2 -247 -16.62 -51.63 68 40 54
61.01 -0.21 -117 150 57 -28.49 -34.73 -95 540 -764 -16.69 -51.71 63 43 61
60.69 -0.59 -22 153 23 -28.58 -33.09 541 1049 -1376 -16.77 -51.81 61 76 62
60.33 -1.01 248 22 173 -28.37 -32.35 1935 1726 -2233 -16.85 -51.99 7 53 116
59.87 -1.44 472 -73 302 -28.06 -33.47 906 938 -1261 -16.92 -52.17 22 82 156
59.32 -1.78 589 -77 365 -28.04 -34.55 102 -762 298 -16.99 -52.37 81 96 156
58.78 -2.08 445 79 207 -28.26 -34.47 -9 -1474 313 -17.02 -52.69 130 74 195
58.19 -2.49 539 254 242 -28.21 -34.78 -276 -1640 29 -17.28 -53.21 40 203 16
