61.01 0.93 226 152 101 -28.27 -37.52 130 485 -458 -14.40 -57.33 228 -104 99
61.00 0.93 307 204 135 -28.49 -36.67 359 755 -696 -14.04 -57.10 80 -4 -209
60.90 0.89 125 188 140 -28.75 -35.86 554 899 -948 -13.93 -57.17 -349 -422 -218
60.66 0.70 -286 221 61 -28.93 -35.17 606 880 -975 -13.76 -57.18 -703 -465 -292
60.48 0.41 -355 146 111 -28.97 -34.50 501 699 -958 -13.79 -57.32 -1304 -847 -423
60.30 0.11 -317 130 134 -28.87 -33.87 803 586 -886 -13.78 -57.35 -997 -404 -761
60.05 -0.20 -173 156 107 -28.79 -33.54 -249 -602 329 -13.74 -57.52 -328 -2 -920
59.75 -0.57 3 134 115 -28.73 -33.48 1389 332 -1001 -13.70 -57.58 255 -9 -907
59.32 -1.05 95 88 117 -28.42 -34.62 -155 -1408 631 -13.70 -57.41 580 -137 -840
58.76 -1.54 124 191 -76 -28.01 -35.19 -362 -1187 -105 -13.84 -56.98 665 -350 -765
58.13 -2.04 100 334 -283 -27.44 -35.80 104 -975 -335 -14.20 -56.21 609 -346 -682
57.52 -2.65 207 449 -338 -27.08 -36.19 342 -743 -487 -14.71 -55.27 133 -253 -785
57.02 -3.32 621 504 -223 -26.95 -36.21 518 -680 -417 -15.18 -54.53 -365 -544 -698
56.43 -3.88 614 501 -116 -27.14 -35.92 539 -837 -284 -15.44 -53.94 -288 -365 -677
56.06 -4.49 726 253 194 -27.53 -35.35 582 -1025 -47 -15.77 -53.46 -302 -110 -721
55.74 -5.03 485 -224 592 -28.19 -34.63 373 -918 -48 -16.12 -53.15 -302 -77 -557
55.58 -5.41 883 -838 961 -28.81 -33.89 -1272 -1640 832 -16.35 -52.90 -198 -102 -323
55.37 -5.40 631 -991 663 -29.15 -33.39 817 -357 -991 -16.42 -52.64 -262 64 -94
55.24 -5.26 272 -883 -21 -29.36 -33.54 -19 -559 -479 -16.24 -52.27 -427 497 -72
55.19 -5.14 -10 -687 -581 -29.60 -33.63 -424 -588 -242 -15.97 -51.79 -25 820 -67
