60.99 0.49 140 -25 114 -28.05 -40.07 104 128 -55 -16.99 -51.30 -3 28 -48
60.94 0.43 85 -15 96 -28.10 -40.24 14 140 -103 -16.90 -51.30 -27 27 -49
60.90 0.34 75 16 63 -28.13 -40.38 49 158 -103 -16.77 -51.30 -24 67 -45
60.89 0.25 149 15 89 -28.15 -40.51 49 166 -125 -16.61 -51.31 -43 37 -48
60.84 0.15 143 17 98 -28.16 -40.69 72 159 -141 -16.46 -51.32 -30 -77 -51
60.78 0.03 107 6 85 -28.15 -40.88 80 146 -148 -16.39 -51.31 20 -141 -47
60.74 -0.09 117 12 84 -28.13 -41.06 116 181 -180 -16.36 -51.27 -10 -328 75
60.71 -0.18 135 14 81 -28.11 -41.21 101 219 -198 -16.35 -51.10 -156 -734 300
60.67 -0.27 138 4 99 -28.10 -41.31 78 157 -217 -16.28 -50.76 -100 -862 293
60.65 -0.37 123 -8 98 -28.08 -41.38 30 -18 -129 -16.34 -50.37 -78 -419 124
60.61 -0.47 106 -26 112 -28.09 -41.30 -199 -360 233 -16.30 -50.07 -34 285 -68
60.57 -0.56 148 -5 121 -28.22 -40.79 -360 -760 602 -16.01 -49.87 88 1136 -173
60.57 -0.62 214 80 76 -28.42 -40.07 -280 -907 539 -15.37 -49.74 526 2076 -447
60.55 -0.68 301 81 78 -28.65 -39.38 -294 -497 -112 -14.68 -49.83 206 1788 -659
60.49 -0.74 235 55 54 -28.73 -38.90 54 498 -1111 -14.42 -50.13 -344 -554 120
60.43 -0.80 191 16 71 -28.49 -39.04 1384 2135 -2436 -14.17 -50.06 -638 -1645 543
60.39 -0.83 263 -32 137 -27.94 -40.73 3160 4093 -3604 -13.98 -49.70 -260 -1231 196
60.37 -0.82 369 -65 161 -27.52 -43.13 449 2014 -611 -13.90 -49.32 67 -686 -222
60.33 -0.76 438 -86 182 -27.34 -43.95 -1749 -1309 1737 -14.00 -48.99 365 -404 -430
60.33 -0.76 438 -86 182 -27.34 -43.95 -1749 -1309 1737 -14.00 -48.99 365 -404 -430
