60.89 -0.50 -294 154 -47 -27.37 -42.84 74 123 -129 -17.08 -50.29 8 -7 2
60.72 -0.81 -753 508 -339 -27.36 -42.84 70 116 -127 -17.08 -50.24 28 -64 51
60.54 -1.40 -1386 895 -756 -27.36 -42.83 71 110 -119 -17.03 -50.14 104 -119 138
60.51 -2.34 -868 882 -544 -27.36 -42.83 67 113 -111 -17.06 -49.99 153 -31 37
60.85 -3.26 1195 -19 687 -27.37 -42.82 -56 55 -66 -17.20 -49.93 124 -57 37
60.91 -3.60 1752 -786 1215 -27.37 -42.79 102 105 -102 -17.34 -49.93 -46 -112 43
60.65 -3.38 957 -685 567 -27.40 -42.76 80 112 -69 -17.41 -49.99 -52 -140 89
60.63 -3.16 683 -479 54 -27.44 -42.68 50 106 -42 -17.47 -50.07 -113 -150 106
60.60 -2.99 758 -417 -82 -27.50 -42.55 45 106 -56 -17.47 -50.08 -72 -210 192
60.59 -2.77 783 -317 -45 -27.58 -42.42 64 67 -83 -17.43 -50.01 -115 -148 247
60.59 -2.77 783 -317 -45 -27.58 -42.42 64 67 -83 -17.43 -50.01 -115 -148 247
60.96 -1.63 1194 -384 501 -27.75 -41.88 -257 -306 308 -16.93 -49.45 -50 966 7
61.13 -0.91 390 -355 304 -27.91 -41.29 -24 -123 16 -16.18 -49.24 455 2063 -629
61.11 -0.41 -401 -116 33 -28.11 -40.69 -40 62 -290 -15.49 -49.55 108 1526 -709
61.16 -0.09 -768 87 -134 -28.32 -39.87 88 339 -441 -15.33 -49.92 -719 -766 109
61.20 0.05 -956 314 -331 -28.60 -38.85 886 1308 -1339 -15.08 -49.87 -827 -1576 340
61.28 -0.02 -805 384 -317 -28.70 -39.28 2798 3522 -3084 -14.85 -49.55 -537 -1165 47
61.41 -0.19 -481 301 -154 -28.69 -40.61 2047 2191 -1042 -14.62 -49.18 15 -633 -397
61.53 -0.36 -113 185 20 -28.52 -41.39 -431 -789 982 -14.71 -48.86 397 -307 -586
61.58 -0.49 245 25 192 -28.25 -41.92 -224 -942 328 -15.00 -48.65 257 -471 -411
