61.92 -0.19 144 -6 83 -27.91 -41.08 85 117 -111 -16.42 -50.46 15 29 -21
61.91 -0.20 137 -4 90 -27.94 -41.06 70 121 -111 -16.43 -50.45 -8 49 -35
61.91 -0.20 142 -11 101 -27.95 -41.04 92 109 -93 -16.43 -50.46 -5 61 -44
61.91 -0.20 142 -11 101 -27.95 -41.04 92 109 -93 -16.43 -50.46 -5 61 -44
61.91 -0.20 142 -11 101 -27.95 -41.04 92 109 -93 -16.43 -50.46 -5 61 -44
61.90 -0.21 146 -26 90 -28.11 -40.86 95 112 -40 -16.42 -50.48 8 37 -16
61.90 -0.21 152 -4 61 -28.17 -40.85 72 141 -71 -16.41 -50.48 10 33 -5
61.91 -0.22 195 -15 82 -28.20 -40.82 25 76 -52 -16.42 -50.48 19 43 -2
61.90 -0.22 181 -25 99 -28.18 -40.68 -16 -147 222 -16.42 -50.48 30 50 -10
61.87 -0.21 138 -10 91 -28.29 -40.34 -82 -174 185 -16.43 -50.49 23 53 -14
61.87 -0.22 151 -3 107 -28.38 -40.04 103 -47 -14 -16.44 -50.49 12 43 -11
61.86 -0.23 191 6 96 -28.51 -39.81 72 112 -273 -16.45 -50.49 -7 40 -15
61.84 -0.24 194 11 89 -28.58 -39.57 -65 32 -159 -16.44 -50.50 -4 36 -26
61.82 -0.25 159 30 66 -28.65 -39.15 -177 -32 -44 -16.44 -50.50 4 33 -21
61.81 -0.28 129 22 64 -28.78 -38.60 -103 497 -604 -16.44 -50.50 5 18 -37
61.79 -0.32 147 -19 119 -28.83 -38.32 1265 1986 -1908 -16.45 -50.51 6 19 -34
61.76 -0.34 177 -31 131 -28.58 -39.88 2859 3886 -3173 -16.45 -50.50 34 17 -16
61.76 -0.33 269 -8 103 -28.49 -41.66 -1098 181 1150 -16.46 -50.49 32 29 -10
61.76 -0.32 320 -25 114 -28.12 -42.30 -525 -900 837 -16.49 -50.48 3 37 -11
61.69 -0.31 169 -43 125 -27.85 -42.93 -382 -1071 248 -16.50 -50.46 3 16 1
