62.06 -0.91 159 -24 100 -28.00 -41.59 72 121 -87 -17.22 -50.68 82 -248 49
62.06 -0.91 139 -17 84 -27.95 -41.65 79 71 -49 -17.30 -50.62 92 -125 -17
62.07 -0.92 163 -23 95 -27.85 -41.82 150 -36 56 -17.44 -50.59 86 -10 -76
62.08 -0.91 181 -21 102 -27.70 -42.28 159 -70 91 -17.57 -50.60 43 19 -78
62.08 -0.91 181 -21 102 -27.70 -42.28 159 -70 91 -17.57 -50.60 43 19 -78
62.09 -0.88 153 3 88 -27.35 -43.78 192 29 201 -17.73 -50.76 51 130 -93
62.09 -0.87 142 -10 96 -27.12 -44.85 156 32 315 -17.72 -50.97 48 52 54
62.09 -0.87 131 -9 100 -26.84 -46.16 220 51 392 -17.58 -51.12 118 -53 83
62.10 -0.85 142 8 80 -26.52 -47.72 216 239 194 -17.42 -51.22 4 -72 128
62.12 -0.85 194 -8 114 -26.08 -49.82 15 400 56 -17.17 -51.30 35 252 54
62.12 -0.82 305 -54 158 -25.43 -52.13 -178 355 284 -16.84 -51.42 79 586 13
62.12 -0.73 493 -87 202 -24.73 -54.27 -208 616 -97 -16.49 -51.55 62 808 155
62.10 -0.56 520 -76 162 -23.89 -56.37 -21 830 -99 -16.14 -51.46 -335 941 -241
62.07 -0.37 428 -34 87 -23.02 -58.27 1 1092 -181 -15.96 -51.47 -391 -82 202
62.05 -0.19 284 -39 85 -22.07 -60.24 -83 1192 -6 -15.78 -51.23 -737 -720 316
62.04 -0.02 260 -50 89 -20.96 -62.37 1375 3277 -823 -15.49 -50.83 -458 -785 141
61.97 0.13 224 -93 134 -20.01 -64.12 -332 2189 725 -15.25 -50.39 -137 -606 -205
61.91 0.29 192 -89 121 -19.49 -64.87 -414 1222 455 -15.17 -50.01 141 -499 -325
61.84 0.42 80 -79 115 -19.08 -65.38 -149 879 -5 -15.29 -49.63 95 -279 -388
61.80 0.53 105 -68 148 -18.67 -65.82 -150 378 -138 -15.49 -49.46 59 -137 -322
