61.52 0.38 -858 185 -81 -20.12 -63.83 -1037 2042 1395 -15.82 -51.18 -498 -845 16
61.63 0.07 -695 368 -228 -19.92 -64.00 -207 1562 646 -15.81 -50.97 -275 -715 -201
61.82 -0.36 -370 368 -187 -19.71 -64.36 -98 777 170 -15.90 -50.76 -174 -624 -189
62.07 -0.78 84 277 -54 -19.53 -64.67 46 421 -280 -16.02 -50.59 -114 -490 -137
62.25 -1.13 555 103 121 -19.35 -64.91 87 231 -389 -16.19 -50.51 -85 -252 -89
62.33 -1.33 806 -46 241 -19.24 -64.96 146 -59 -413 -16.48 -50.44 -178 -137 -81
62.31 -1.42 721 -86 221 -19.22 -64.88 120 -185 -357 -16.86 -50.35 -279 -133 287
62.24 -1.51 440 -39 130 -19.30 -64.61 -15 -434 -208 -16.98 -50.07 -44 714 -111
62.25 -1.60 236 50 34 -19.63 -64.01 -358 -577 -140 -17.24 -49.93 -57 1197 -298
62.28 -1.72 159 82 16 -20.10 -62.97 -1176 -2125 586 -17.32 -49.94 52 1072 -163
62.34 -1.86 146 108 12 -20.86 -61.16 201 198 -453 -17.07 -49.98 186 789 -10
62.44 -1.96 320 93 92 -21.46 -59.47 -467 -398 -4 -16.68 -49.96 316 502 4
62.44 -1.96 320 93 92 -21.46 -59.47 -467 -398 -4 -16.68 -49.96 316 502 4
62.58 -2.01 366 -26 168 -23.39 -53.70 41 211 -520 -16.11 -49.78 190 -223 -20
62.59 -2.01 277 -30 136 -24.21 -50.48 589 723 -1128 -15.98 -49.72 112 -417 -48
62.59 -2.04 287 -53 154 -24.85 -47.78 1272 1062 -1570 -15.95 -49.68 87 -343 -120
62.58 -2.05 269 -60 145 -25.36 -45.91 1504 963 -1637 -15.96 -49.68 108 -183 -137
62.58 -2.04 212 -33 104 -25.71 -44.85 1415 611 -1456 -15.95 -49.74 137 -45 -127
62.59 -2.02 165 11 68 -25.95 -44.49 956 82 -952 -15.97 -49.85 126 130 -157
62.62 -2.02 156 17 84 -26.22 -44.28 374 -303 -435 -15.98 -50.00 54 -16 -9
