60.67 1.28 -914 211 -150 -21.05 -62.72 -582 223 788 -15.90 -51.19 -585 -868 391
60.74 1.04 -1068 339 -272 -20.04 -64.64 790 3493 -748 -15.80 -50.92 -453 -727 113
60.91 0.61 -1013 465 -403 -19.50 -65.48 -266 1949 733 -15.75 -50.63 -259 -681 -137
61.12 0.01 -672 421 -310 -19.23 -66.00 -132 1115 305 -15.82 -50.30 -102 -663 -197
61.38 -0.63 2 274 -55 -18.97 -66.46 -246 315 33 -15.98 -49.96 -49 -467 -222
61.60 -1.10 693 91 222 -18.76 -66.73 -125 154 -137 -16.18 -49.76 -58 -215 -193
61.74 -1.32 1176 -84 437 -18.63 -66.80 -37 -154 -227 -16.42 -49.65 -193 72 -228
61.77 -1.33 1076 -61 318 -18.68 -66.60 108 -191 -297 -16.71 -49.59 -132 184 155
61.77 -1.30 610 63 37 -18.84 -66.17 -50 -452 -203 -16.79 -49.40 -79 1047 -227
61.80 -1.37 345 118 -67 -19.20 -65.40 -409 -644 22 -16.94 -49.38 17 1424 -337
61.84 -1.50 298 74 12 -19.95 -63.67 -1285 -2410 758 -16.87 -49.52 100 1284 -217
61.87 -1.58 311 18 138 -20.81 -61.26 218 560 -585 -16.54 -49.69 197 979 -111
61.91 -1.61 288 -59 236 -21.56 -58.99 -483 -264 -86 -16.07 -49.81 190 560 -64
61.92 -1.61 246 -78 242 -22.50 -56.04 34 367 -418 -15.68 -49.86 77 -49 -9
61.94 -1.58 238 -18 150 -23.43 -52.92 617 1163 -1182 -15.43 -49.91 -22 -577 39
61.97 -1.57 238 24 80 -24.21 -50.13 1254 1575 -1747 -15.36 -49.93 31 -803 126
62.00 -1.58 201 60 22 -24.80 -48.17 1370 1338 -1900 -15.31 -49.94 217 -496 9
62.05 -1.58 112 82 -10 -25.16 -47.07 1136 507 -1385 -15.32 -50.00 344 -139 -101
62.12 -1.60 35 67 12 -25.51 -46.20 -53 -1029 -153 -15.36 -50.17 313 1 -94
62.21 -1.67 122 -62 166 -25.80 -45.12 187 -1016 -65 -15.43 -50.32 57 -162 55
