62.02 -2.09 -20 32 52 -28.23 -46.13 -313 -479 304 -16.30 -50.19 -10 32 -13
61.96 -2.27 40 34 69 -28.59 -45.59 -34 -39 -73 -16.29 -50.18 -10 24 -14
61.89 -2.45 200 -1 100 -28.97 -44.93 180 366 -347 -16.29 -50.15 -61 6 -10
61.79 -2.58 364 -41 152 -29.28 -44.18 227 561 -491 -16.26 -50.12 20 47 -13
61.56 -2.69 336 -59 168 -29.60 -43.32 227 650 -600 -16.26 -50.08 -22 39 -3
61.27 -2.87 310 -105 194 -29.81 -42.70 546 728 -807 -16.23 -50.03 1 33 14
60.90 -3.04 288 -91 154 -29.83 -42.71 605 795 -751 -16.19 -49.97 -37 51 44
60.50 -3.19 352 -33 87 -29.81 -42.89 1063 719 -855 -16.12 -49.81 -85 78 47
60.12 -3.30 443 -52 114 -29.69 -43.43 341 52 -439 -16.04 -49.57 -43 166 -30
59.67 -3.39 341 -37 83 -29.72 -43.60 -210 -335 -286 -15.97 -49.30 -30 165 -48
59.27 -3.49 228 -9 36 -29.75 -43.51 -218 -423 -195 -15.91 -48.92 -20 66 -35
58.91 -3.59 60 41 -37 -29.82 -43.26 -90 -428 -148 -15.88 -48.39 57 52 -122
58.55 -3.74 -198 182 -192 -29.96 -42.78 -120 -398 -151 -15.92 -47.73 93 95 -161
58.25 -4.00 -329 279 -225 -30.08 -42.24 -37 -439 -146 -16.02 -46.87 111 217 -277
58.25 -4.00 -329 279 -225 -30.08 -42.24 -37 -439 -146 -16.02 -46.87 111 217 -277
57.79 -4.82 138 328 -66 -30.11 -41.43 166 -415 -301 -17.89 -37.90 229 784 -378
57.61 -5.24 488 135 133 -30.15 -41.13 -43 119 -259 -17.54 -38.99 394 907 -452
57.32 -5.59 221 225 -38 -30.09 -40.91 538 623 -518 -17.19 -40.14 384 604 -54
57.32 -5.91 656 -74 260 -30.01 -41.08 572 945 -620 -16.83 -41.12 182 288 203
57.24 -5.97 575 -183 261 -29.87 -41.44 484 963 -507 -16.59 -42.03 12 136 196
