62.02 -1.83 162 2 90 -28.94 -43.63 80 133 -118 -16.85 -48.63 24 42 -19
62.02 -1.83 156 1 95 -28.93 -43.64 76 140 -121 -16.83 -48.59 10 23 -10
62.02 -1.83 156 1 95 -28.93 -43.64 76 140 -121 -16.83 -48.59 10 23 -10
62.02 -1.84 168 -12 86 -28.91 -43.66 58 138 -95 -16.80 -48.22 -4 2 108
62.02 -1.84 152 -14 97 -28.89 -43.70 84 148 -91 -16.79 -47.59 41 129 -30
62.01 -1.85 137 -14 96 -28.87 -43.73 76 135 -88 -16.81 -46.79 26 108 -65
62.00 -1.86 164 -6 85 -28.86 -43.76 75 133 -66 -16.83 -45.76 6 -92 53
62.00 -1.86 178 -3 70 -28.84 -43.82 69 141 -24 -16.83 -44.39 75 -119 -103
62.01 -1.86 174 1 56 -28.80 -43.94 30 154 25 -17.01 -42.79 -50 -63 -314
62.01 -1.86 174 1 56 -28.80 -43.94 30 154 25 -17.01 -42.79 -50 -63 -314
62.00 -1.87 139 -6 102 -28.61 -44.57 -18 154 97 -17.34 -39.20 322 428 -1058
62.00 -1.87 154 -11 130 -28.46 -45.05 69 89 183 -17.63 -37.75 420 586 -1208
61.99 -1.88 172 -27 144 -28.33 -45.74 149 64 307 -17.79 -36.64 340 483 -850
61.99 -1.88 172 -27 144 -28.33 -45.74 149 64 307 -17.79 -36.64 340 483 -850
61.96 -1.90 124 8 79 -28.40 -46.68 -165 -157 634 -17.92 -35.24 -95 -4 -341
61.95 -1.94 144 -18 99 -28.61 -46.53 -168 -167 566 -18.15 -35.37 1089 1449 -2847
61.92 -1.99 141 -26 104 -28.94 -46.10 30 296 106 -17.89 -36.02 -489 -1143 128
61.92 -1.99 141 -26 104 -28.94 -46.10 30 296 106 -17.89 -36.02 -489 -1143 128
61.82 -2.09 162 35 67 -29.68 -44.90 244 499 -596 -17.92 -35.93 -69 -809 70
61.73 -2.18 148 53 51 -30.06 -44.30 -97 452 -720 -18.03 -35.91 14 -652 93
