63.96 -1.50 415 180 84 -22.71 -42.53 90 16 19 -11.27 -52.09 77 82 154
63.98 -1.40 362 219 89 -22.89 -42.06 77 11 -37 -11.27 -52.32 88 105 240
63.97 -1.33 252 167 127 -23.06 -41.67 125 205 -236 -11.33 -52.59 102 189 251
63.95 -1.28 120 103 149 -23.23 -41.33 44 164 -88 -11.42 -52.93 -13 189 239
63.96 -1.27 118 53 170 -23.45 -40.81 -65 159 -120 -11.43 -53.35 -78 135 199
63.96 -1.28 202 26 146 -23.61 -40.34 -152 202 -354 -11.40 -53.82 -54 145 159
63.87 -1.30 -89 202 -120 -23.65 -39.99 -179 185 -448 -11.33 -54.41 37 166 223
63.87 -1.41 19 179 -37 -23.63 -39.69 -251 55 -343 -11.26 -54.95 93 296 153
63.87 -1.52 137 131 64 -23.65 -39.25 -213 -142 -37 -11.25 -55.52 11 137 279
63.80 -1.60 175 77 117 -23.79 -38.56 -70 -275 97 -11.25 -56.07 108 78 209
63.74 -1.66 252 32 148 -24.05 -37.60 -157 -257 -94 -11.18 -56.91 55 23 212
63.65 -1.70 201 40 89 -24.28 -36.50 -218 -230 -186 -11.15 -57.79 2 97 286
63.48 -1.76 68 32 17 -24.48 -35.38 -424 -221 -288 -11.13 -58.51 -6 269 239
63.28 -1.87 -184 54 -1 -24.62 -34.20 -6 -253 25 -11.10 -59.21 -27 278 261
63.15 -2.00 -161 55 37 -24.90 -32.76 461 437 -783 -11.03 -59.83 -123 240 212
63.05 -2.11 38 32 146 -25.12 -31.71 2076 2184 -2815 -10.84 -60.49 -96 160 162
62.91 -2.15 242 43 174 -24.75 -33.08 4866 3853 -4623 -10.59 -61.19 -18 -3 218
62.66 -2.19 317 5 176 -24.40 -36.85 1307 1880 -2156 -10.32 -61.84 69 -642 607
62.25 -2.30 165 -95 175 -24.67 -37.54 2 -1749 847 -10.12 -61.99 250 -1457 884
61.77 -2.48 25 -197 242 -25.02 -37.68 -290 -1748 -212 -10.28 -61.58 387 -1118 495
