62.24 -5.19 174 -46 72 -30.35 -32.67 640 1374 -997 -12.54 -49.31 59 4 20
61.84 -5.32 255 25 -15 -30.85 -31.62 1332 1724 -1238 -12.55 -49.20 17 -93 145
61.45 -5.46 280 -45 22 -31.37 -31.15 2121 1500 -1374 -12.45 -48.89 -2 -250 283
60.99 -5.73 193 -120 70 -31.56 -32.16 265 -895 146 -12.43 -48.47 7 -63 63
60.99 -5.73 193 -120 70 -31.56 -32.16 265 -895 146 -12.43 -48.47 7 -63 63
59.53 -6.56 -523 345 -357 -31.64 -32.05 -827 -1381 -141 -12.39 -47.31 -86 -382 346
58.60 -7.38 -740 808 -659 -31.52 -31.89 528 -566 -560 -12.37 -46.04 -247 -397 356
57.78 -8.53 -423 1047 -717 -31.55 -31.96 558 -509 -200 -12.27 -44.17 -139 -449 181
57.00 -9.92 53 1011 -704 -31.57 -32.10 131 -668 78 -12.20 -42.04 -107 -344 -181
56.32 -11.04 1133 351 201 -31.46 -32.31 146 -535 26 -12.13 -39.77 5 -206 -530
56.19 -11.73 1947 -980 1115 -31.21 -32.71 378 -153 -120 -12.01 -37.81 86 -247 -658
55.71 -11.55 893 -931 681 -31.09 -33.26 451 335 -400 -11.87 -36.14 1 -311 -556
55.48 -11.24 305 -666 211 -30.87 -33.93 463 797 -615 -11.80 -34.48 -55 -93 -660
55.44 -10.79 313 -315 27 -30.58 -34.88 241 977 -574 -11.72 -32.74 10 414 -1041
55.73 -10.37 701 -185 138 -30.23 -35.86 158 929 -418 -11.73 -31.01 202 1377 -1974
56.32 -9.79 647 -215 198 -29.80 -36.90 286 858 -293 -11.86 -29.90 960 2648 -3663
57.02 -8.98 172 -108 143 -29.31 -38.21 417 796 -207 -12.71 -30.78 1732 4037 -5986
57.84 -8.12 5 -125 130 -28.79 -39.73 395 732 -107 -13.69 -34.18 554 1421 -2261
58.49 -7.40 -431 -8 64 -28.46 -40.94 -1360 -266 826 -13.13 -34.91 -396 -1627 40
59.18 -6.88 -432 100 -2 -28.20 -41.00 -422 -71 435 -13.36 -34.94 -1021 -1467 -316
