59.77 -3.30 381 -90 187 -28.79 -43.45 45 196 7 -16.93 -44.50 152 294 -547
59.60 -3.23 457 -85 185 -28.77 -43.60 4 204 38 -17.16 -43.95 -7 -296 -74
59.49 -3.08 538 -138 238 -28.73 -43.84 1 195 10 -17.41 -43.23 84 -185 -144
59.44 -2.87 458 -191 233 -28.67 -44.13 32 108 94 -17.68 -42.55 119 -141 -54
59.29 -2.67 100 -207 167 -28.61 -44.57 39 5 87 -17.82 -41.96 92 -143 -32
59.06 -2.59 -306 -103 30 -28.46 -45.31 117 -58 109 -17.88 -41.45 38 -158 -46
58.73 -2.72 -681 110 -149 -28.32 -46.27 153 119 137 -17.91 -40.97 30 -193 -74
58.32 -3.15 -924 499 -402 -28.24 -47.11 135 244 117 -17.98 -40.40 -46 -378 90
57.85 -3.95 -1033 884 -634 -28.13 -47.84 210 262 123 -17.77 -39.48 -121 -759 632
57.36 -5.06 -885 1105 -725 -28.10 -48.41 111 152 121 -17.47 -37.85 -346 -1084 700
57.52 -6.06 1169 143 630 -28.15 -48.76 -100 -31 87 -17.30 -36.14 -262 -987 306
57.74 -6.41 2221 -909 1456 -28.27 -48.80 -391 -449 264 -17.32 -34.62 -190 -611 -197
57.47 -6.07 1473 -674 626 -28.50 -48.35 -526 -744 373 -17.36 -33.37 -11 -21 -674
57.24 -5.64 338 -283 -238 -28.78 -47.59 -341 -786 171 -17.39 -32.30 210 643 -1217
57.26 -5.34 -272 -89 -609 -29.11 -46.72 -90 -470 -184 -17.56 -31.53 619 1711 -2365
57.42 -5.23 -370 -12 -499 -29.44 -45.92 67 74 -506 -18.28 -31.84 1681 3163 -4288
57.73 -5.05 -85 -54 -161 -29.70 -45.15 249 612 -630 -19.36 -34.31 878 2775 -2933
58.05 -4.78 70 -152 174 -29.90 -44.41 398 1047 -618 -18.70 -35.88 -1297 -1194 1025
58.31 -4.48 131 -200 357 -30.16 -43.65 618 1672 -719 -18.51 -36.13 -1142 -1598 489
58.62 -4.14 169 -128 251 -30.28 -43.18 1172 2494 -882 -18.23 -36.54 -482 -1294 238
