61.73 -1.57 193 5 41 -29.06 -42.44 93 121 -118 -16.44 -48.08 45 54 -8
61.77 -1.50 291 -15 98 -29.07 -42.45 86 131 -118 -16.45 -48.08 24 -1 32
61.81 -1.40 336 -67 155 -29.07 -42.46 76 134 -115 -16.44 -48.06 -18 -97 55
61.81 -1.27 243 -85 134 -29.07 -42.46 81 137 -102 -16.46 -48.00 -57 -159 48
61.80 -1.14 88 -76 86 -29.08 -42.46 68 133 -96 -16.51 -47.93 -134 -180 34
61.80 -1.04 80 -81 102 -29.08 -42.46 36 76 -79 -16.55 -47.88 1 -99 -8
61.81 -0.95 117 -90 134 -29.08 -42.42 -40 -61 7 -16.55 -47.84 44 -88 21
61.78 -0.85 -39 -1 64 -29.12 -42.31 -148 -159 32 -16.53 -47.77 56 -89 42
61.78 -0.85 -39 -1 64 -29.12 -42.31 -148 -159 32 -16.53 -47.77 56 -89 42
61.63 -1.16 -514 362 -213 -29.17 -41.93 103 18 -74 -16.41 -47.46 -9 -339 193
61.42 -1.81 -694 483 -392 -29.18 -41.77 114 55 -60 -16.37 -47.20 -123 -245 114
61.14 -2.67 -333 636 -337 -29.21 -41.59 92 25 -71 -16.27 -46.94 -118 -132 35
61.67 -3.18 2035 -212 935 -29.22 -41.41 101 -34 -56 -16.13 -46.67 -106 -104 16
61.75 -3.00 2214 -765 1300 -29.25 -41.21 52 -60 -58 -15.97 -46.36 -146 -63 -41
61.28 -2.44 1120 -606 535 -29.31 -40.97 -7 23 -136 -15.84 -46.02 -142 301 -236
60.89 -1.91 -246 -262 -304 -29.35 -40.69 10 64 -150 -15.74 -45.74 100 1293 -941
60.75 -1.69 -1060 -110 -642 -29.39 -40.36 1 44 -150 -16.11 -45.99 905 3345 -2700
60.74 -1.75 -1207 -113 -552 -29.44 -40.00 -2 132 -192 -17.30 -47.76 1869 5001 -4093
60.73 -1.87 -1004 -119 -287 -29.48 -39.64 64 477 -318 -17.58 -50.78 -30 834 38
60.74 -1.97 -550 -17 59 -29.48 -39.36 400 955 -478 -16.85 -51.96 -678 -421 189
