61.85 -2.18 190 -56 133 -28.97 -40.52 58 167 -241 -15.84 -49.44 27 3 -14
61.84 -2.15 171 -27 99 -29.01 -40.28 110 360 -324 -15.84 -49.43 29 21 -10
61.84 -2.15 171 -27 99 -29.01 -40.28 110 360 -324 -15.84 -49.43 29 21 -10
61.84 -2.10 166 8 72 -28.96 -39.95 436 911 -417 -15.85 -49.42 7 43 -3
61.86 -2.08 313 -56 159 -28.93 -40.03 793 1340 -509 -15.85 -49.42 8 22 -8
61.86 -1.99 427 -129 243 -28.93 -40.32 1040 1537 -551 -15.85 -49.43 9 9 -9
61.86 -1.99 427 -129 243 -28.93 -40.32 1040 1537 -551 -15.85 -49.43 9 9 -9
61.85 -1.67 257 -43 76 -28.75 -41.65 -896 -1265 564 -17.60 -52.72 -40 -436 482
61.87 -1.51 256 -40 72 -28.88 -41.36 -1292 -1507 860 -17.67 -52.09 -50 -466 437
61.87 -1.36 314 -79 134 -28.96 -40.72 -212 -592 -8 -17.79 -51.39 -35 -577 375
61.85 -1.17 279 -92 135 -29.07 -40.38 323 74 -589 -18.00 -50.70 -584 -1383 1101
61.84 -0.97 174 -77 92 -29.19 -40.18 217 165 -583 -17.83 -49.61 41 -320 -343
61.78 -0.81 43 -68 60 -29.30 -39.98 45 104 -473 -18.04 -49.21 -235 206 -269
61.72 -0.70 -146 13 -10 -29.36 -39.79 -95 48 -441 -17.66 -48.80 -35 231 -139
61.68 -0.68 -305 143 -78 -29.32 -39.73 -108 -129 -309 -17.21 -48.67 233 793 -562
61.67 -0.82 -320 323 -163 -29.28 -39.52 -110 162 -85 -16.90 -48.89 418 1054 -750
61.59 -1.22 -370 330 -226 -29.27 -39.30 433 761 -374 -16.84 -49.26 336 893 -594
61.36 -1.85 -506 427 -298 -29.18 -39.33 676 982 -507 -16.78 -49.65 41 358 -168
61.49 -2.38 883 64 367 -29.13 -39.61 543 973 -500 -16.64 -49.82 -218 -134 89
61.62 -2.47 1697 -497 929 -29.04 -40.02 439 831 -447 -16.53 -49.89 -182 -77 -69
