61.98 -2.07 171 -21 102 -28.43 -42.78 79 114 -106 -16.22 -50.06 9 26 -12
61.97 -2.06 145 -31 103 -28.43 -42.75 77 130 -134 -16.19 -50.06 27 17 2
61.97 -2.05 140 -17 91 -28.42 -42.75 84 134 -136 -16.19 -50.06 31 9 2
61.97 -2.05 140 -17 91 -28.42 -42.75 84 134 -136 -16.19 -50.06 31 9 2
61.97 -2.04 156 6 79 -28.42 -42.76 82 134 -114 -16.21 -50.04 -12 -10 5
61.98 -2.03 149 -2 92 -28.41 -42.77 66 118 -114 -16.25 -49.99 1 -13 -9
61.98 -2.03 133 -9 93 -28.41 -42.76 60 105 -103 -16.25 -49.98 -18 -73 29
61.98 -2.03 140 -23 107 -28.42 -42.71 -6 56 -70 -16.22 -49.93 19 -190 70
61.98 -2.03 145 -24 113 -28.41 -42.67 20 78 -115 -16.24 -49.82 -33 -293 144
61.98 -2.02 139 -8 102 -28.40 -42.61 69 38 -83 -16.19 -49.60 14 -319 139
61.99 -2.02 148 -6 92 -28.41 -42.53 -31 -77 -19 -16.20 -49.37 18 -304 147
61.99 -2.02 156 -21 100 -28.43 -42.34 -27 -141 -5 -16.16 -49.08 46 -490 256
62.00 -2.02 157 -29 99 -28.47 -42.13 15 -106 -20 -16.11 -48.68 5 -617 290
62.00 -2.02 162 -27 101 -28.52 -41.90 19 -123 36 -16.17 -48.15 -100 -402 75
62.00 -2.01 154 -17 81 -28.58 -41.59 13 -159 49 -16.25 -47.66 -160 205 -207
62.01 -2.01 145 -13 68 -28.64 -41.24 -73 -250 51 -16.18 -47.31 132 1322 -824
62.02 -2.01 154 -14 74 -28.70 -40.80 -60 -249 53 -16.36 -47.57 795 3401 -2481
62.02 -2.01 165 -15 89 -28.79 -40.31 -24 115 -146 -17.17 -49.42 1529 4724 -3117
62.02 -2.00 156 -24 105 -28.85 -39.81 116 720 -375 -17.09 -51.91 -291 741 617
62.01 -1.98 141 -21 108 -28.85 -39.48 623 1414 -637 -16.53 -52.57 -534 -297 142
