62.08 -0.82 446 -109 153 -27.49 -43.31 89 128 -109 -15.94 -51.93 23 -79 -6
62.02 -0.55 437 -91 106 -27.47 -43.38 59 136 -117 -16.03 -52.67 -39 -28 5
61.96 -0.27 369 -107 90 -27.41 -43.47 72 86 -156 -16.08 -53.59 -29 115 -4
61.89 0.03 304 -143 113 -27.34 -43.58 62 58 -165 -16.06 -54.67 26 150 10
61.82 0.35 231 -148 138 -27.27 -43.74 80 53 -149 -16.05 -55.90 97 146 24
61.73 0.69 114 -112 116 -27.19 -43.89 96 110 -128 -16.07 -57.30 122 112 55
61.65 1.00 -62 -40 25 -27.12 -44.02 66 109 -88 -16.17 -58.65 64 -53 283
61.59 1.22 -316 56 -71 -27.04 -44.12 -74 1 -19 -16.26 -59.84 33 -154 443
61.54 1.28 -643 232 -251 -26.96 -44.14 -130 -167 131 -16.35 -60.76 -25 -270 574
61.52 1.09 -997 521 -486 -26.87 -44.15 -220 -371 353 -16.43 -61.41 -68 -204 476
61.53 0.47 -1209 646 -586 -26.89 -43.87 -138 -361 349 -16.53 -61.94 -90 -75 320
61.56 -0.48 -799 563 -342 -26.95 -43.53 -100 -300 230 -16.60 -62.48 -160 103 238
61.86 -1.30 898 -168 793 -26.96 -43.07 -111 -373 248 -16.62 -63.05 -149 450 82
61.92 -1.46 1506 -655 1157 -27.01 -42.47 -110 -338 137 -16.55 -63.82 -34 954 -25
61.67 -1.20 936 -580 635 -27.07 -41.87 13 -115 -128 -16.39 -64.78 85 1522 43
61.52 -0.91 354 -354 -14 -27.12 -41.36 108 196 -400 -16.12 -65.92 375 2409 -61
61.50 -0.77 156 -259 -251 -27.12 -40.94 265 510 -487 -15.83 -67.46 764 3801 -228
61.53 -0.72 307 -318 -74 -27.14 -40.58 383 966 -589 -15.35 -69.33 499 2096 526
61.50 -0.51 414 -333 77 -27.12 -40.31 659 1539 -687 -14.88 -70.49 -750 -506 1095
61.42 -0.18 197 -223 124 -27.06 -40.10 1214 2049 -652 -14.24 -71.54 -581 -1105 396
