62.47 -1.70 344 -90 182 -27.01 -42.64 72 136 -115 -15.39 -51.56 3 38 -19
62.47 -1.36 407 -83 142 -27.00 -42.66 68 135 -127 -15.39 -51.55 -11 11 -14
62.50 -1.13 417 -99 144 -26.99 -42.65 67 134 -126 -15.40 -51.54 -10 9 -14
62.50 -0.83 478 -83 133 -26.98 -42.65 65 121 -125 -15.40 -51.53 -19 -11 -9
62.50 -0.48 660 -150 201 -26.97 -42.65 62 120 -123 -15.42 -51.52 -35 -107 5
62.46 -0.05 727 -237 268 -26.97 -42.65 58 113 -123 -15.44 -51.50 -43 -255 51
62.35 0.47 519 -265 219 -26.97 -42.64 18 63 -101 -15.53 -51.49 -40 -331 25
62.19 0.98 -32 -144 27 -26.97 -42.61 -3 -13 -98 -15.62 -51.60 25 -270 -72
62.03 1.30 -757 203 -298 -26.98 -42.56 -25 -134 -23 -15.79 -51.96 156 -102 -167
61.93 1.21 -1315 580 -655 -26.99 -42.44 -31 -208 33 -16.02 -52.76 144 -152 -177
61.93 1.21 -1315 580 -655 -26.99 -42.44 -31 -208 33 -16.02 -52.76 144 -152 -177
61.85 -0.53 -1120 757 -474 -27.00 -42.17 6 -140 -4 -16.30 -55.55 -10 -502 136
62.28 -1.39 1102 -246 988 -26.99 -42.11 1 -306 177 -16.47 -57.19 -114 39 7
62.28 -1.46 1693 -851 1350 -26.99 -41.98 -143 -538 273 -16.59 -58.90 -150 894 1
61.97 -1.06 1039 -730 594 -26.94 -41.76 -130 -475 137 -16.49 -60.58 12 2359 -190
61.76 -0.61 452 -457 -138 -26.87 -41.60 -41 -192 -74 -16.14 -62.61 648 3888 -286
61.77 -0.34 356 -308 -293 -26.83 -41.44 125 378 -230 -15.72 -64.93 224 2572 1150
61.76 -0.19 469 -344 -20 -26.83 -41.14 462 1265 -418 -14.94 -66.57 -1179 -83 1745
61.61 0.09 254 -280 112 -26.89 -40.85 995 2208 -651 -14.34 -66.85 -611 -781 713
61.51 0.47 6 -209 246 -26.92 -40.62 1668 2786 -1058 -14.03 -67.28 -453 -949 24
