62.65 -2.31 173 1 82 -26.61 -43.66 58 199 -144 -15.62 -51.03 17 20 -15
62.66 -2.30 160 -11 92 -26.61 -43.67 69 170 -132 -15.62 -51.03 -30 8 -24
62.66 -2.31 168 -26 106 -26.61 -43.66 72 154 -130 -15.61 -51.01 -24 -19 -8
62.65 -2.30 167 -34 115 -26.62 -43.65 73 137 -123 -15.61 -51.00 -18 -72 6
62.65 -2.29 155 -28 95 -26.63 -43.64 62 112 -129 -15.61 -50.98 -13 -146 13
62.65 -2.28 159 -20 93 -26.62 -43.62 44 86 -119 -15.62 -50.96 -46 -357 82
62.65 -2.27 163 -16 101 -26.61 -43.58 108 101 -153 -15.73 -50.95 36 -396 3
62.67 -2.25 190 -13 101 -26.60 -43.59 47 -10 -126 -15.89 -51.11 58 -509 56
62.68 -2.23 214 2 80 -26.57 -43.67 43 -154 -71 -16.09 -51.46 110 -331 -24
62.69 -2.20 254 -16 104 -26.60 -43.60 -229 -505 273 -16.35 -52.38 330 118 -432
62.68 -2.16 206 -43 124 -26.68 -43.25 -159 -538 295 -16.71 -54.24 208 190 -318
62.68 -2.11 161 -40 106 -26.76 -42.85 -41 -267 34 -16.92 -56.44 -87 12 33
62.65 -2.08 53 -22 84 -26.74 -42.62 129 -92 -83 -16.99 -58.48 -290 115 226
62.67 -2.08 69 -22 97 -26.76 -42.40 47 -134 -40 -16.95 -60.24 -521 578 228
62.67 -2.07 132 -19 100 -26.80 -42.05 -169 -317 29 -16.67 -61.79 -445 1932 -89
62.68 -2.06 147 -26 99 -26.80 -41.53 -206 -371 40 -16.08 -63.79 313 3320 -248
62.68 -2.05 141 -28 95 -26.82 -40.92 64 64 -168 -15.51 -66.25 740 3658 451
62.67 -2.03 149 -25 101 -26.84 -40.40 372 935 -482 -14.76 -68.36 602 1457 1521
62.67 -2.02 169 -35 116 -26.89 -40.01 870 1911 -836 -14.19 -69.46 -303 -402 1417
62.68 -2.00 225 -39 127 -26.85 -39.83 1637 2710 -1225 -13.89 -69.94 -326 -946 492
