62.29 -2.90 -6 269 94 -26.25 -44.75 24 197 -14 -15.90 -53.78 258 155 317
62.29 -2.90 -6 269 94 -26.25 -44.75 24 197 -14 -15.90 -53.78 258 155 317
61.50 -3.49 501 4 258 -26.19 -45.03 5 322 118 -16.17 -54.58 254 157 422
60.75 -3.79 374 40 258 -26.12 -44.39 104 -69 785 -16.19 -55.43 317 87 454
59.91 -4.14 86 248 75 -26.57 -43.42 -294 251 24 -16.16 -56.39 215 278 390
59.08 -4.66 -128 477 -271 -26.82 -42.60 -66 495 -292 -16.16 -57.33 -74 317 373
58.35 -5.31 -454 710 -770 -26.96 -41.92 63 567 -369 -15.96 -58.33 11 202 426
57.80 -6.19 -743 657 -864 -27.11 -41.30 287 744 -584 -15.67 -59.24 198 -311 602
57.43 -7.27 -564 143 -418 -27.22 -40.96 274 713 -592 -15.58 -59.73 112 -731 862
57.50 -8.21 1061 -893 763 -27.28 -40.79 254 482 -320 -15.66 -59.79 126 -377 781
57.57 -8.45 1697 -1349 1120 -27.44 -40.53 50 273 -20 -15.62 -59.65 17 253 512
57.52 -8.19 1314 -1268 628 -27.62 -39.78 -367 200 162 -15.36 -59.41 90 1118 -140
57.46 -7.77 703 -887 -136 -27.74 -38.66 -398 418 -21 -15.05 -59.47 27 1559 -750
57.48 -7.49 394 -781 -449 -27.75 -37.49 466 883 -684 -14.77 -59.73 -293 1182 -950
57.60 -7.16 138 -613 -586 -27.61 -36.90 523 508 -637 -14.68 -60.18 -1093 -1336 -340
58.02 -6.58 372 -687 -331 -27.61 -36.99 2614 2048 -2970 -14.58 -59.91 -1167 -2243 -282
58.57 -5.85 429 -927 6 -27.15 -37.93 167 -1427 328 -14.52 -59.32 -778 -1497 -511
58.83 -5.15 166 -793 122 -26.90 -38.26 -9 -1539 -296 -14.42 -58.78 56 -402 -794
59.06 -4.54 -330 -443 -15 -26.38 -38.88 200 -1389 -544 -14.48 -58.05 506 -78 -931
59.39 -4.01 -104 -202 -76 -26.00 -39.39 261 -1061 -427 -14.83 -56.91 615 -180 -1210
