54.62 -7.65 524 -453 -394 -29.38 -33.07 449 -55 -854 -15.89 -51.58 -912 -807 -824
55.00 -7.07 647 -466 -261 -29.32 -33.09 2889 1480 -2820 -15.77 -51.41 -1215 -1509 -530
55.64 -6.34 867 -619 234 -29.10 -33.66 866 -1285 -34 -15.68 -51.08 -1154 -1055 -527
56.28 -5.56 1015 -771 773 -29.06 -33.74 420 -1243 -430 -15.54 -50.68 -300 -305 -732
57.09 -4.46 1251 -900 801 -28.81 -34.01 223 -1042 -555 -15.49 -50.21 290 -204 -714
57.58 -3.18 122 -568 320 -28.60 -34.16 160 -765 -461 -15.65 -49.51 530 -407 -725
58.08 -2.11 -287 -245 -25 -28.58 -34.09 322 -644 -293 -16.08 -48.86 502 -657 -714
58.64 -1.19 -537 43 -324 -28.83 -33.80 690 -764 -116 -16.86 -48.49 -123 -858 -548
59.17 -0.46 -822 360 -549 -29.35 -33.35 280 -1104 104 -17.63 -48.37 -883 -1226 -246
59.66 -0.02 -802 427 -407 -29.72 -33.49 601 -1115 101 -18.33 -48.35 -1030 -1157 -196
59.66 -0.02 -802 427 -407 -29.72 -33.49 601 -1115 101 -18.33 -48.35 -1030 -1157 -196
60.12 0.46 -3 287 242 -30.32 -33.99 548 -581 -730 -18.81 -48.56 -331 582 -637
60.07 0.74 132 306 322 -30.38 -34.52 -1622 -1129 528 -18.66 -48.92 -2 1136 -683
60.00 0.95 -9 295 271 -30.46 -33.86 -976 -469 51 -18.24 -49.40 434 1546 -632
59.93 1.04 -248 207 217 -30.23 -33.58 378 688 -1001 -17.86 -49.98 791 1704 -426
59.88 1.03 -411 55 210 -29.80 -34.06 925 1357 -1277 -17.60 -50.63 842 1440 -24
59.85 0.99 -478 44 124 -29.30 -34.96 1319 1798 -1103 -17.47 -51.20 819 771 455
59.89 0.91 -337 56 109 -28.86 -36.27 1518 2082 -1009 -17.54 -51.48 293 144 810
59.97 0.80 -66 18 149 -28.50 -37.93 1233 1851 -463 -17.58 -51.60 -47 -6 768
60.05 0.74 242 4 161 -28.30 -39.43 368 1157 365 -17.62 -51.67 -91 207 482
