61.18 0.37 135 -5 106 -27.05 -43.61 45 219 -35 -17.94 -52.07 -5 50 -19
61.18 0.37 135 -5 106 -27.05 -43.61 45 219 -35 -17.94 -52.07 -5 50 -19
61.20 0.39 165 6 82 -27.04 -44.12 66 196 18 -17.93 -52.09 -21 62 -31
61.19 0.39 149 7 92 -27.06 -44.36 45 208 55 -17.93 -52.10 1 45 -15
61.18 0.40 134 22 94 -27.07 -44.61 36 230 80 -17.93 -52.11 -11 55 -10
61.18 0.40 144 7 132 -27.19 -44.33 -463 -26 658 -17.92 -52.12 -3 43 -9
61.18 0.40 144 7 132 -27.19 -44.33 -463 -26 658 -17.92 -52.12 -3 43 -9
61.18 0.40 144 7 132 -27.19 -44.33 -463 -26 658 -17.92 -52.12 -3 43 -9
61.15 0.44 144 21 95 -28.06 -41.14 136 644 -535 -17.90 -52.16 24 65 2
61.15 0.46 153 25 98 -28.29 -40.36 88 439 -604 -17.91 -52.19 7 39 12
61.14 0.47 160 39 101 -28.45 -39.65 195 357 -423 -17.91 -52.22 -4 38 21
61.14 0.50 166 29 106 -28.65 -38.83 445 417 -271 -17.91 -52.25 10 41 18
61.12 0.51 162 9 115 -28.83 -37.78 223 375 -186 -17.94 -52.30 36 42 21
61.10 0.52 166 -10 128 -28.92 -36.45 -117 383 -374 -17.97 -52.35 70 49 31
61.06 0.54 120 10 97 -28.81 -35.07 723 866 -1034 -18.06 -52.41 96 38 55
61.03 0.54 103 52 66 -28.54 -34.50 1914 1697 -2100 -18.14 -52.50 132 17 83
60.99 0.52 117 74 81 -28.48 -34.48 8 -118 -416 -18.26 -52.61 133 14 93
60.95 0.51 159 66 95 -28.26 -34.92 -1405 -1221 510 -18.42 -52.73 94 11 75
60.90 0.50 137 83 86 -27.96 -34.82 -680 -1451 124 -18.62 -52.83 -34 110 35
60.81 0.44 72 47 131 -27.56 -35.16 -360 -1494 -37 -18.72 -52.90 -90 142 46
