65.41 -4.00 162 -20 87 -26.36 -42.52 92 120 -120 -12.53 -49.95 31 27 -6
65.41 -4.00 162 -20 87 -26.36 -42.52 92 120 -120 -12.53 -49.95 31 27 -6
65.41 -4.00 161 -36 85 -26.34 -42.52 95 112 -125 -12.53 -49.93 -2 14 -15
65.41 -4.00 161 -36 85 -26.34 -42.52 95 112 -125 -12.53 -49.93 -2 14 -15
65.40 -4.01 154 -28 100 -26.35 -42.52 93 117 -125 -12.52 -49.92 -6 -59 58
65.40 -4.01 184 -24 93 -26.35 -42.52 97 122 -122 -12.51 -49.87 8 -42 22
65.40 -4.00 197 -23 84 -26.35 -42.51 93 121 -114 -12.49 -49.82 -15 -187 105
65.40 -3.99 189 -26 73 -26.35 -42.52 83 114 -118 -12.44 -49.68 -104 -604 357
65.41 -3.99 165 -38 76 -26.35 -42.52 86 112 -124 -12.27 -49.23 -208 -1289 743
65.41 -3.99 139 -36 88 -26.35 -42.51 95 116 -126 -12.24 -48.59 -172 -1021 321
65.41 -4.00 168 -43 113 -26.35 -42.51 90 107 -125 -12.22 -47.90 -120 -1177 541
65.41 -3.99 190 -40 100 -26.36 -42.51 69 97 -116 -12.18 -46.89 -60 -825 194
65.40 -3.98 184 -24 78 -26.35 -42.50 74 82 -109 -12.17 -46.00 -64 -235 -236
65.40 -3.98 168 -17 71 -26.35 -42.50 98 -65 -90 -12.13 -45.33 -29 442 -601
65.40 -3.98 163 -24 83 -26.41 -42.50 -136 -382 111 -12.11 -44.90 285 1511 -1216
65.40 -3.98 150 -36 88 -26.42 -42.32 -319 -848 448 -12.35 -45.07 808 3489 -2712
65.40 -3.99 175 -46 97 -26.39 -41.99 -336 -866 494 -13.25 -46.83 1570 5671 -4478
65.40 -3.98 210 -44 96 -26.44 -41.50 -41 -482 176 -14.43 -50.77 1405 4463 -2464
65.39 -3.96 223 -42 88 -26.50 -41.15 -49 -226 -32 -14.41 -53.18 -2203 -692 1540
65.39 -3.94 209 -38 82 -26.58 -40.59 -186 -59 -72 -13.56 -53.77 -1259 -570 481
