61.57 -0.32 171 -11 88 -27.63 -40.73 79 128 -124 -17.22 -50.97 -6 46 -32
61.56 -0.31 157 -9 76 -27.63 -40.73 84 134 -127 -17.22 -50.97 -10 26 -24
61.56 -0.31 179 -25 99 -27.63 -40.73 79 125 -136 -17.22 -50.95 -6 1 -3
61.55 -0.30 266 -70 168 -27.62 -40.73 73 116 -129 -17.21 -50.94 4 4 -3
61.53 -0.23 403 -102 234 -27.62 -40.73 60 108 -128 -17.20 -50.91 11 21 -8
61.53 -0.12 545 -169 304 -27.62 -40.71 60 107 -120 -17.21 -50.90 21 33 -16
61.47 0.07 424 -155 224 -27.61 -40.70 63 105 -121 -17.22 -50.88 8 -13 3
61.42 0.27 141 -82 97 -27.61 -40.68 72 108 -119 -17.23 -50.82 -19 -211 114
61.39 0.41 -135 110 -109 -27.64 -40.63 -58 34 -38 -17.21 -50.68 -47 -450 189
61.34 0.36 -624 433 -340 -27.68 -40.50 -7 -72 14 -17.33 -50.45 -36 -527 94
61.24 -0.08 -1412 867 -751 -27.82 -40.23 -346 -392 251 -17.53 -50.28 -10 -482 117
61.04 -1.09 -2058 1060 -1106 -27.91 -39.76 -180 -497 257 -17.68 -50.12 162 -246 105
61.05 -2.45 -771 856 -417 -28.07 -39.23 -176 -304 -21 -17.77 -50.01 132 -19 164
61.66 -3.56 1975 -464 1363 -28.14 -38.84 -101 43 -270 -17.63 -49.83 110 409 331
61.56 -3.73 1820 -808 1432 -28.02 -38.72 -15 378 -397 -17.25 -49.48 565 1470 221
61.22 -3.48 966 -632 679 -27.82 -38.62 609 1381 -986 -16.61 -49.28 788 2809 -838
61.15 -3.26 581 -441 37 -27.51 -39.51 3081 3843 -2970 -16.29 -49.75 26 1146 -885
61.02 -3.21 681 -314 -196 -27.42 -42.04 1716 2914 -1053 -16.27 -50.15 -1072 -1814 734
60.95 -3.11 769 -329 -111 -27.60 -42.79 -523 -704 1349 -16.06 -49.73 -1229 -1963 738
60.91 -2.70 812 -330 25 -27.52 -43.37 -427 -1011 477 -15.81 -49.16 -660 -1063 38
