61.71 -1.59 246 -27 94 -27.88 -41.72 67 142 -134 -17.69 -50.44 59 -33 34
61.70 -1.56 254 -37 104 -27.90 -41.67 55 133 -124 -17.73 -50.40 74 -126 93
61.69 -1.51 283 -45 148 -27.92 -41.61 59 116 -117 -17.73 -50.32 158 -217 96
61.69 -1.42 449 -86 230 -27.93 -41.54 60 102 -127 -17.92 -50.26 71 -69 3
61.68 -1.25 347 -69 167 -27.94 -41.49 85 93 -129 -18.04 -50.23 -14 -72 -15
61.66 -1.08 165 -43 45 -27.94 -41.45 78 67 -115 -18.08 -50.20 -99 -190 35
61.64 -0.99 40 -14 -5 -27.93 -41.40 89 -6 -29 -18.08 -50.13 -140 -443 187
61.64 -0.95 -36 26 -24 -27.99 -41.25 -300 -285 241 -18.11 -49.96 -150 -551 226
61.59 -0.96 -176 111 -35 -28.09 -40.66 -383 -561 410 -18.18 -49.73 10 -266 63
61.53 -1.11 -543 351 -235 -28.18 -40.00 -86 -407 185 -18.30 -49.54 122 91 -108
61.34 -1.60 -1268 708 -654 -28.32 -39.31 -127 -288 76 -18.40 -49.39 111 271 -166
61.09 -2.60 -1984 1009 -1071 -28.47 -38.56 45 -39 -176 -18.42 -49.27 17 322 -142
61.17 -4.00 -7 426 68 -28.56 -37.94 304 244 -480 -18.31 -49.13 -65 619 -101
61.52 -4.84 2298 -732 1523 -28.61 -37.57 408 530 -781 -17.98 -48.99 87 1249 -105
61.14 -4.73 1576 -731 1069 -28.63 -37.49 840 1179 -1110 -17.26 -48.90 604 2275 -506
60.88 -4.48 761 -547 409 -28.63 -38.12 2381 2957 -2488 -16.28 -49.14 557 2162 -858
60.86 -4.31 666 -412 40 -28.35 -40.67 1579 3012 -2099 -16.16 -49.56 -564 -805 178
60.78 -4.15 802 -304 -14 -28.55 -41.83 -1948 -975 1774 -16.00 -49.43 -1021 -2173 789
60.80 -3.82 963 -310 153 -28.52 -41.87 -891 -1487 929 -15.87 -48.94 -849 -1544 351
60.96 -3.15 1107 -322 376 -28.55 -41.96 -703 -1435 357 -15.70 -48.50 -259 -824 -229
