62.02 -1.25 145 -44 113 -28.09 -41.55 64 102 -119 -17.60 -50.38 -3 56 -7
62.01 -1.24 164 -4 76 -28.16 -41.42 117 111 -103 -17.36 -50.71 -3 4 -13
62.01 -1.25 161 -9 66 -28.19 -41.40 125 117 -105 -17.35 -50.71 -2 21 -32
62.01 -1.25 161 -9 66 -28.19 -41.40 125 117 -105 -17.35 -50.71 -2 21 -32
62.01 -1.26 136 -19 99 -28.19 -41.54 85 71 -32 -17.35 -50.70 21 41 -30
62.01 -1.26 142 1 88 -28.18 -41.62 108 101 -53 -17.34 -50.69 24 -11 -14
62.01 -1.26 142 1 88 -28.18 -41.62 108 101 -53 -17.34 -50.69 24 -11 -14
62.02 -1.27 167 -9 116 -28.28 -41.63 58 42 -78 -17.32 -50.60 -12 -202 91
61.99 -1.28 160 -11 109 -28.33 -41.58 10 -20 -1 -17.22 -50.47 -94 -500 268
61.97 -1.30 142 -11 86 -28.31 -41.40 20 -297 400 -17.14 -50.20 -30 -679 310
61.96 -1.33 147 -1 77 -28.47 -41.00 -227 -486 395 -17.22 -49.88 25 -607 240
61.95 -1.34 139 6 86 -28.63 -40.43 -250 -614 452 -17.29 -49.50 132 -453 261
61.94 -1.37 123 11 97 -28.80 -39.78 -165 -436 237 -17.29 -49.11 257 -247 205
61.92 -1.42 103 8 86 -29.02 -39.11 -28 -76 -92 -17.25 -48.73 348 96 177
61.89 -1.49 96 2 76 -29.22 -38.43 -2 234 -338 -17.16 -48.29 170 780 38
61.87 -1.56 82 7 66 -29.42 -37.70 250 1014 -1077 -16.82 -47.79 408 1911 -499
61.87 -1.64 123 17 70 -29.52 -37.47 1800 2886 -2795 -16.20 -47.58 623 2895 -1170
61.87 -1.70 131 25 61 -29.32 -39.03 3763 4875 -4513 -15.62 -47.95 -361 951 -1087
61.88 -1.77 146 30 48 -28.90 -41.88 -330 1084 45 -15.54 -48.34 -1189 -2162 713
61.88 -1.85 205 -9 123 -28.73 -42.29 -578 -1160 1011 -15.38 -47.89 -1179 -1951 601
