61.90 -3.10 216 -14 119 -28.46 -41.45 97 191 -151 -16.90 -50.41 24 15 -10
61.91 -3.09 306 -51 147 -28.36 -41.61 68 118 -52 -16.85 -50.44 23 25 -14
61.91 -3.02 362 -71 158 -28.22 -41.88 11 55 58 -16.79 -50.46 39 4 -20
61.94 -2.89 444 -83 158 -28.11 -42.05 86 53 53 -16.75 -50.50 18 -43 -8
62.00 -2.67 779 -175 285 -28.05 -42.19 117 59 11 -16.71 -50.53 34 -67 -29
62.12 -2.24 1307 -290 433 -27.99 -42.35 111 37 -24 -16.71 -50.58 72 -141 -44
62.18 -1.57 1493 -384 463 -27.93 -42.61 97 2 -23 -16.68 -50.76 139 -294 -33
62.16 -0.75 1358 -430 386 -27.82 -43.04 117 -27 3 -16.73 -51.09 52 -819 159
62.06 0.18 874 -342 130 -27.61 -43.75 146 -230 151 -16.86 -51.49 98 -1525 452
61.79 0.97 -18 -240 -69 -27.27 -44.95 200 -469 170 -17.07 -51.85 150 -1957 671
61.48 1.43 -898 52 -385 -26.81 -46.53 -198 -1101 690 -17.48 -51.97 159 -1975 773
61.18 1.46 -1770 356 -593 -26.55 -47.43 -613 -1876 1436 -17.97 -51.83 166 -1487 677
60.91 0.94 -2456 615 -765 -26.44 -48.28 -465 -1479 1077 -18.39 -51.58 295 -114 262
60.77 -0.09 -2745 764 -981 -26.29 -49.44 -109 -250 346 -18.73 -51.28 -49 1668 -209
60.69 -1.55 -2153 770 -773 -25.96 -50.96 -33 1295 -302 -18.57 -51.10 185 2926 -473
61.12 -2.81 1193 -110 829 -25.24 -53.12 802 3583 -1269 -17.97 -51.14 766 4054 -872
61.34 -3.18 2689 -881 1563 -23.92 -56.60 1931 6097 -1553 -17.06 -51.68 916 4231 -971
60.97 -2.84 1714 -805 892 -22.24 -60.59 2336 7183 -1551 -16.16 -52.32 351 2731 -872
60.64 -2.44 662 -552 204 -20.42 -64.52 -31 3203 222 -16.07 -52.78 -732 -1404 637
60.70 -2.21 503 -471 12 -19.68 -65.26 -684 1016 1114 -16.03 -52.22 -1304 -2794 803
