62.21 -2.15 339 -61 142 -27.24 -44.60 83 110 -96 -17.30 -50.36 -4 30 -23
62.22 -2.04 469 -78 165 -27.25 -44.60 77 127 -109 -17.27 -50.36 7 -28 -15
62.24 -1.86 680 -92 198 -27.25 -44.60 73 96 -112 -17.25 -50.35 15 -98 -3
62.34 -1.54 1173 -266 433 -27.24 -44.60 78 49 -95 -17.28 -50.32 18 -212 39
62.35 -0.98 1443 -437 536 -27.22 -44.63 247 22 -105 -17.37 -50.27 47 -425 107
62.28 -0.17 1246 -452 386 -27.21 -44.76 239 -76 -31 -17.35 -50.35 18 -966 221
62.20 0.70 779 -381 163 -27.16 -45.07 90 -379 145 -17.53 -50.50 -112 -1335 297
62.07 1.48 272 -294 -39 -27.06 -45.48 -250 -1021 459 -17.87 -50.79 -94 -1432 269
61.88 2.12 -257 -128 -231 -26.99 -45.73 -546 -1461 734 -18.32 -51.17 -119 -1275 240
61.71 2.59 -720 73 -333 -26.96 -46.11 -159 -1077 352 -18.61 -51.77 110 -605 9
61.54 2.80 -1130 248 -365 -26.77 -47.24 50 -432 9 -18.92 -52.58 279 285 -125
61.35 2.58 -1690 468 -538 -26.40 -48.88 110 149 -25 -19.17 -53.43 416 958 -9
61.07 1.76 -2425 612 -780 -25.92 -50.74 189 756 15 -19.24 -54.18 406 1459 239
60.92 0.42 -2565 865 -870 -25.37 -52.55 366 1562 -25 -19.07 -54.69 345 2348 261
61.51 -0.91 773 164 474 -24.78 -54.31 1153 3600 -746 -18.53 -55.26 762 3595 30
61.89 -1.43 2475 -730 1434 -23.88 -56.92 1886 5586 -1469 -17.74 -56.03 915 4237 -328
61.53 -1.19 1666 -796 993 -22.39 -60.62 2129 6569 -1695 -17.29 -57.00 399 2021 -547
61.15 -0.82 618 -613 303 -21.30 -62.59 -2588 849 2577 -17.27 -57.49 -1209 -2210 948
61.02 -0.57 257 -428 -80 -21.14 -62.91 -1177 226 784 -17.00 -56.89 -1378 -2939 931
60.97 -0.43 522 -388 37 -20.90 -63.34 -690 -370 -90 -16.70 -55.82 -991 -1867 281
