62.39 -2.09 181 -21 96 -27.65 -43.28 68 141 -119 -16.95 -50.01 -10 43 -18
62.40 -2.06 196 -27 118 -27.65 -43.28 64 135 -113 -16.94 -50.01 1 25 -17
62.40 -2.02 267 -22 135 -27.63 -43.28 72 121 -114 -16.92 -50.00 12 -12 -13
62.42 -1.93 418 -58 184 -27.63 -43.27 71 98 -122 -16.89 -49.98 -1 -16 -25
62.45 -1.75 685 -85 208 -27.61 -43.27 72 84 -125 -16.89 -49.95 -34 -85 6
62.55 -1.44 1194 -286 405 -27.59 -43.27 91 78 -129 -16.87 -49.91 -37 -271 113
62.57 -0.88 1394 -421 482 -27.55 -43.33 172 2 -76 -16.79 -49.77 -15 -768 370
62.53 -0.08 1165 -344 266 -27.47 -43.53 142 -170 64 -16.79 -49.45 -168 -1115 347
62.43 0.73 758 -303 85 -27.34 -43.85 -83 -759 477 -16.98 -49.00 -127 -1325 301
62.25 1.46 337 -203 -69 -27.42 -43.69 -872 -1611 993 -17.44 -48.55 51 -1382 288
62.10 2.05 -23 -115 -174 -27.47 -43.46 -99 -1158 503 -17.72 -48.08 141 -1037 147
61.89 2.48 -629 36 -280 -27.40 -44.15 355 -529 165 -17.92 -47.66 210 -482 -95
61.70 2.64 -1499 310 -523 -27.27 -45.17 279 -358 324 -18.10 -47.36 183 123 -253
61.55 2.27 -2501 620 -894 -27.10 -46.52 271 196 80 -18.17 -47.15 303 866 -385
61.42 1.20 -3106 885 -1069 -26.76 -48.30 244 1228 -463 -18.11 -46.96 338 1887 -492
61.76 -0.31 -1296 765 -199 -26.09 -50.56 1249 3496 -1451 -17.64 -46.95 932 3295 -954
62.50 -1.32 2257 -478 1438 -25.04 -53.77 2245 5834 -2032 -16.88 -47.47 1031 4168 -1338
62.30 -1.22 2251 -835 1373 -23.50 -57.79 2102 6196 -1765 -16.35 -48.42 245 2946 -1368
61.81 -0.78 1246 -828 744 -22.48 -59.95 -2692 880 2448 -16.64 -49.47 -582 -1250 665
61.65 -0.38 727 -667 315 -21.95 -60.73 -948 181 1069 -16.67 -49.38 -1454 -3130 1547
