62.75 0.82 17 -129 71 -26.02 -44.62 209 53 38 -14.91 -49.85 123 41 -108
62.60 0.86 -98 -151 107 -25.97 -45.04 217 23 10 -15.02 -49.74 49 12 -74
62.49 0.88 -11 -176 227 -25.93 -45.50 152 113 -45 -15.10 -49.66 16 57 -59
62.35 0.94 68 -146 231 -25.92 -45.91 12 244 -146 -15.13 -49.58 -16 46 -10
62.22 0.99 6 -66 181 -25.91 -46.13 -104 260 -188 -15.13 -49.51 -57 -9 13
62.02 0.89 4 -136 302 -25.94 -46.14 -90 204 -184 -15.12 -49.45 -28 -39 34
61.72 0.63 251 -283 539 -25.94 -46.13 -45 162 -149 -15.10 -49.38 2 -14 86
61.21 0.44 437 -199 381 -25.94 -46.12 20 153 -57 -15.12 -49.21 -165 -90 364
60.60 0.24 238 -89 79 -25.86 -46.38 20 5 267 -15.03 -48.60 -116 -293 593
59.90 -0.28 -2 -106 -69 -25.70 -47.21 -138 55 417 -14.79 -47.68 156 -159 313
59.06 -0.98 -7 -114 -82 -25.46 -48.44 -133 135 428 -14.66 -46.43 165 181 -17
58.26 -1.58 204 -16 -45 -25.22 -49.52 -152 -51 644 -14.66 -44.62 -6 574 -474
57.55 -1.93 442 32 133 -25.22 -50.22 -339 -249 692 -14.77 -42.49 27 600 -809
57.13 -2.16 576 -90 329 -25.44 -50.67 -548 -568 533 -14.84 -40.17 -210 -541 -162
56.53 -2.55 238 119 52 -25.96 -50.63 -732 -1460 551 -14.79 -37.43 -469 -1572 419
55.72 -3.22 -238 644 -663 -26.71 -50.20 -588 -2006 236 -14.84 -34.63 -225 -722 -858
54.91 -4.18 -805 1159 -1357 -27.34 -49.99 208 -592 -331 -15.57 -33.04 1113 2206 -4452
54.68 -5.28 123 824 -348 -27.73 -49.65 1289 1584 -522 -17.07 -34.72 2097 4153 -6466
55.02 -6.06 1691 -107 1050 -28.18 -49.44 2032 2788 -401 -17.18 -37.28 -690 -203 -799
55.01 -6.01 1743 -305 934 -28.55 -49.68 2739 4067 -897 -16.69 -37.39 -881 -1257 85
