60.87 -0.20 182 -36 117 -27.72 -43.35 130 132 -71 -16.08 -49.14 -30 23 -27
60.87 -0.21 246 -1 120 -27.76 -43.35 52 137 -139 -16.07 -49.13 1 32 -37
60.84 -0.23 253 4 116 -27.76 -43.35 68 141 -138 -16.05 -49.13 16 -2 -15
60.80 -0.26 244 -58 165 -27.75 -43.36 83 100 -97 -16.05 -49.11 -29 3 -18
60.70 -0.31 256 -118 284 -27.74 -43.42 112 58 -13 -16.04 -49.08 -43 -27 2
60.60 -0.37 400 -247 476 -27.67 -43.68 76 36 29 -16.00 -49.03 -1 -30 32
60.43 -0.41 535 -356 594 -27.59 -43.95 55 80 30 -15.95 -48.94 -21 -206 110
60.17 -0.39 622 -355 545 -27.47 -44.33 115 -36 138 -15.99 -48.71 -375 -499 314
59.79 -0.37 467 -270 294 -27.31 -45.03 103 -162 283 -15.91 -48.14 -271 -632 368
59.30 -0.38 -6 -27 -92 -27.15 -46.07 -497 -483 540 -15.80 -47.25 -126 -388 320
58.75 -0.63 -407 62 -223 -27.00 -46.82 -902 -691 766 -15.82 -45.82 119 -119 87
58.04 -1.20 -741 173 -330 -26.77 -47.78 -540 -410 655 -15.83 -43.96 113 260 -104
57.12 -1.97 -1238 576 -752 -26.59 -48.75 -331 -55 629 -15.66 -41.60 372 768 -389
56.19 -3.09 -1529 843 -966 -26.65 -49.19 -176 434 476 -15.41 -38.66 572 1406 -1016
55.41 -4.56 -829 781 -537 -26.93 -49.37 195 1362 92 -15.16 -35.50 553 2131 -2279
54.97 -5.89 397 573 -102 -27.39 -49.33 692 2369 -418 -15.32 -33.09 659 2832 -4216
54.89 -6.77 1856 -327 1032 -27.70 -49.31 1536 3006 -754 -16.53 -33.00 228 1623 -3171
55.01 -6.87 2613 -730 1110 -27.91 -49.67 1733 2666 -804 -15.82 -34.04 -1747 -2532 742
54.79 -6.45 1824 -443 244 -27.96 -50.40 1026 382 -720 -15.51 -33.59 -923 -2359 398
54.51 -6.05 636 -76 -517 -27.90 -51.20 -1514 -2862 267 -15.14 -33.46 -113 -1941 397
