60.49 -0.13 146 -15 84 -27.98 -43.58 109 16 -90 -16.34 -49.00 -124 -279 128
60.48 -0.16 236 -67 148 -27.96 -43.80 4 71 -117 -16.27 -48.75 -3 -138 71
60.43 -0.21 318 -261 365 -27.91 -44.00 15 95 -6 -16.14 -48.40 -73 -401 286
60.32 -0.26 293 -343 454 -27.88 -44.12 15 -40 163 -16.01 -47.77 -221 -454 269
60.09 -0.30 153 -287 345 -27.91 -44.11 -188 -216 245 -15.95 -46.91 -226 -237 64
59.82 -0.35 -58 -57 69 -28.03 -43.94 -211 -122 151 -15.97 -46.00 -39 173 -279
59.64 -0.50 -57 29 6 -28.15 -43.91 91 267 -103 -15.98 -45.19 85 317 -398
59.50 -0.70 201 -16 102 -28.15 -44.25 208 392 -81 -15.89 -44.38 81 248 -375
59.31 -0.78 336 6 91 -28.08 -44.74 80 148 182 -15.85 -43.44 9 2 -212
59.10 -0.81 364 51 24 -28.00 -45.34 -299 -276 493 -15.80 -42.31 -37 -350 29
58.87 -0.87 286 46 -22 -27.97 -45.72 -686 -808 807 -15.69 -40.91 12 -719 292
58.50 -1.06 -48 30 -91 -27.97 -45.88 -660 -924 687 -15.53 -39.20 -3 -705 226
57.85 -1.44 -715 238 -364 -27.98 -45.95 -254 -346 174 -15.33 -37.30 58 -70 -250
57.10 -2.10 -1406 701 -760 -28.08 -45.88 71 492 -175 -15.03 -35.14 240 1012 -1083
56.52 -3.04 -1524 1106 -945 -28.32 -45.46 266 1176 -250 -14.66 -32.77 533 2039 -2265
56.23 -4.31 -682 981 -612 -28.68 -44.61 649 1781 -462 -14.59 -31.07 1158 3134 -4166
55.90 -5.58 -126 776 -453 -29.03 -43.65 1310 2338 -877 -15.43 -31.77 1885 4155 -6430
55.95 -6.62 1574 -272 1074 -29.22 -43.14 1861 2815 -1308 -17.35 -35.71 498 1741 -3473
56.47 -6.66 3093 -1100 1582 -29.38 -43.43 1706 2196 -1341 -15.95 -36.87 -329 -1369 -689
56.39 -6.04 2070 -774 646 -28.98 -44.56 938 -712 -445 -15.74 -36.91 -808 -1305 -801
