61.10 -0.50 107 8 77 -28.46 -42.80 89 141 -127 -16.49 -48.87 6 52 -34
61.13 -0.51 163 -16 118 -28.45 -42.80 69 145 -124 -16.42 -48.91 10 23 -14
61.14 -0.50 176 -28 109 -28.43 -42.81 68 133 -126 -16.39 -48.93 26 6 -4
61.14 -0.49 146 -15 80 -28.41 -42.82 72 120 -121 -16.38 -48.93 13 13 -12
61.14 -0.49 146 -15 80 -28.41 -42.82 72 120 -121 -16.38 -48.93 13 13 -12
61.16 -0.49 141 -19 102 -28.68 -36.01 419 -513 -387 -16.35 -48.94 -1 38 -30
61.17 -0.48 142 2 85 -28.75 -35.91 1334 640 -1197 -16.33 -48.94 -8 41 -29
61.19 -0.47 125 13 70 -28.95 -36.19 1224 942 -1319 -16.30 -48.95 -11 40 -14
61.22 -0.47 131 -2 95 -29.19 -36.58 503 931 -1140 -16.25 -48.96 3 36 -20
61.24 -0.49 192 -48 135 -29.30 -36.94 -217 599 -954 -16.22 -48.97 6 21 -23
61.23 -0.47 216 -78 133 -29.27 -37.22 -935 391 -656 -16.18 -48.96 20 -3 -13
61.23 -0.43 218 -66 106 -29.00 -37.30 -252 439 -356 -16.17 -48.96 30 -30 -6
61.23 -0.39 352 -98 188 -28.78 -37.40 331 817 -537 -16.17 -48.93 40 -79 2
61.23 -0.27 594 -116 287 -28.64 -37.81 700 1124 -738 -16.18 -48.90 9 -311 101
61.23 -0.27 594 -116 287 -28.64 -37.81 700 1124 -738 -16.18 -48.90 9 -311 101
61.41 0.33 1137 -297 504 -28.24 -39.86 531 1015 -512 -15.02 -49.53 246 1012 -650
61.51 0.85 917 -350 433 -28.02 -41.00 72 370 34 -14.90 -50.08 -40 -289 223
61.39 1.33 -11 -198 109 -27.77 -41.56 -1118 -1302 1606 -14.77 -50.18 -98 -931 337
61.04 1.45 -1148 74 -340 -27.66 -41.42 -196 -858 762 -14.85 -50.21 56 -554 165
60.62 1.00 -1891 436 -735 -27.54 -41.59 -182 -480 569 -14.92 -50.22 140 -58 72
