65.96 -3.57 342 -54 79 -25.49 -43.15 80 125 -115 -12.21 -51.40 17 21 11
65.92 -3.50 496 -102 163 -25.48 -43.16 95 132 -100 -12.18 -51.39 87 24 10
65.92 -3.29 559 -205 279 -25.48 -43.18 116 111 -79 -12.20 -51.39 78 16 7
65.97 -2.95 473 -273 293 -25.49 -43.20 117 101 -97 -12.23 -51.38 11 -9 2
66.02 -2.57 211 -260 209 -25.51 -43.19 61 93 -133 -12.24 -51.37 -33 -21 -14
66.04 -2.26 -56 -122 57 -25.51 -43.17 34 106 -152 -12.23 -51.34 -36 -68 5
66.02 -2.10 -248 52 -104 -25.48 -43.17 52 114 -135 -12.21 -51.29 -21 -62 25
65.96 -2.17 -533 229 -260 -25.45 -43.16 91 121 -96 -12.21 -51.22 15 -7 -32
65.78 -2.60 -1025 514 -505 -25.45 -43.17 92 120 -92 -12.21 -51.13 15 -192 101
65.47 -3.50 -1324 825 -746 -25.45 -43.18 83 95 -100 -12.16 -50.82 -147 -876 525
65.19 -4.71 -454 868 -487 -25.45 -43.17 67 81 -119 -12.09 -50.25 -249 -1045 403
65.40 -5.60 1802 -231 862 -25.46 -43.13 66 51 -131 -12.06 -49.59 -339 -1003 308
65.17 -5.63 1282 -542 859 -25.46 -43.10 55 44 -124 -11.99 -48.82 -246 -387 -115
64.99 -5.44 430 -488 426 -25.47 -43.07 73 72 -112 -11.91 -48.22 -23 234 -396
65.06 -5.24 239 -399 90 -25.50 -43.02 -53 -12 -58 -11.82 -47.77 117 591 -453
65.16 -5.12 438 -342 31 -25.59 -42.82 -317 -415 285 -11.77 -47.40 375 1702 -1138
65.21 -4.97 789 -366 150 -25.72 -42.22 -469 -938 579 -12.09 -47.64 1037 4143 -2980
65.20 -4.62 754 -368 185 -25.79 -41.36 -427 -875 270 -12.68 -49.67 1535 5034 -3279
65.14 -4.18 498 -217 113 -25.80 -40.60 -350 -496 -127 -12.75 -51.78 -560 534 1007
65.22 -3.73 385 -153 219 -25.79 -39.82 -362 -205 -182 -12.14 -52.02 -748 -483 399
