63.20 -0.85 168 -19 87 -28.19 -42.61 78 130 -130 -15.91 -49.77 -14 38 -33
63.20 -0.86 191 -28 91 -28.19 -42.61 78 127 -133 -15.90 -49.77 7 41 -28
63.22 -0.85 232 -43 108 -28.19 -42.61 79 121 -135 -15.88 -49.77 10 23 -26
63.22 -0.83 302 -40 113 -28.18 -42.63 87 98 -134 -15.88 -49.77 1 -36 -31
63.20 -0.77 386 -49 130 -28.10 -42.78 106 -35 25 -15.90 -49.73 64 -101 -19
63.17 -0.69 385 -76 122 -28.00 -43.04 56 -53 65 -15.95 -49.63 96 -118 -28
63.12 -0.59 373 -122 162 -27.89 -43.42 93 16 -13 -16.05 -49.53 28 -139 -30
63.09 -0.43 563 -183 260 -27.82 -43.76 39 -17 -33 -16.17 -49.40 -82 -373 89
63.12 -0.14 876 -267 421 -27.76 -43.96 -190 -432 203 -16.29 -49.13 -417 -1148 530
63.24 0.31 1171 -402 525 -27.69 -44.26 -267 -855 354 -16.33 -48.58 -435 -1527 531
63.22 0.82 791 -398 396 -27.46 -45.38 -215 -856 210 -16.47 -47.86 -427 -1454 513
63.10 1.31 -13 -218 116 -27.08 -47.03 -407 -584 284 -16.59 -46.90 -120 -784 175
62.90 1.54 -742 -72 -56 -26.78 -48.46 -420 -58 435 -16.71 -45.94 89 413 -323
62.60 1.47 -1196 90 -216 -26.53 -49.44 -314 834 320 -16.64 -45.28 219 1582 -789
62.22 1.05 -1491 266 -362 -26.21 -50.10 49 1723 102 -16.33 -45.05 481 2377 -1160
61.93 0.43 -1504 473 -478 -25.92 -50.37 329 2060 117 -16.00 -45.12 681 2819 -1375
61.79 -0.44 -1164 463 -269 -25.79 -50.19 442 1962 38 -15.77 -45.44 880 3180 -2079
61.59 -1.54 -550 394 -172 -25.73 -49.74 631 1792 -51 -16.56 -46.75 1984 5197 -4533
61.51 -2.43 829 550 -64 -25.88 -49.08 462 1450 -89 -16.76 -49.78 -1265 473 685
62.02 -2.76 2790 -312 1075 -25.94 -48.21 1067 -33 -603 -15.97 -50.20 -841 -668 -75
