63.59 -1.05 183 -30 72 -27.34 -44.29 60 129 -57 -15.93 -48.02 12 30 -26
63.60 -1.04 142 -18 75 -27.27 -44.56 75 162 -47 -15.92 -47.99 32 44 -13
63.59 -1.05 144 -27 108 -27.22 -44.76 83 192 -67 -15.91 -47.97 17 46 -6
63.57 -1.05 139 -15 95 -27.18 -44.93 63 175 -98 -15.92 -47.94 18 22 -11
63.56 -1.05 105 -2 78 -27.16 -45.05 57 178 -124 -15.92 -47.91 -2 13 -6
63.58 -1.07 170 -2 93 -27.16 -45.08 -29 87 -88 -15.89 -47.85 -47 -106 67
63.60 -1.05 313 2 111 -27.15 -45.04 27 14 -51 -15.74 -47.73 -66 -420 264
63.67 -1.00 509 -73 223 -27.16 -44.93 -71 -236 76 -15.65 -47.46 -86 -472 204
63.69 -0.90 565 -137 286 -27.24 -44.64 -256 -515 275 -15.55 -47.13 -79 -743 411
63.69 -0.74 531 -180 298 -27.39 -44.09 -290 -638 309 -15.38 -46.53 -127 -1189 756
63.73 -0.53 539 -217 327 -27.56 -43.32 -304 -767 304 -15.12 -45.52 -281 -1564 915
63.76 -0.27 526 -236 313 -27.77 -42.35 -279 -806 234 -14.99 -44.14 -385 -1180 394
63.73 0.00 213 -172 164 -28.05 -41.26 -248 -507 -79 -14.96 -42.90 -240 -115 -513
63.58 0.16 -319 -70 -28 -28.28 -40.21 66 109 -426 -14.88 -42.19 -5 923 -1111
63.40 0.08 -716 106 -203 -28.45 -39.34 406 862 -801 -14.73 -41.91 -14 1675 -1425
63.22 -0.26 -818 249 -257 -28.46 -38.76 750 1456 -1056 -14.56 -42.03 143 2934 -2382
62.94 -0.91 -797 368 -220 -28.27 -38.52 1005 1799 -1013 -14.70 -43.25 1053 4786 -4083
62.55 -1.84 -929 343 -330 -28.19 -38.40 1199 1892 -834 -15.89 -46.25 1840 6182 -5449
61.97 -2.84 -1100 787 -670 -28.45 -38.06 946 1948 -779 -15.68 -50.33 -1477 1257 104
62.64 -3.47 1939 131 603 -28.40 -38.18 1590 13 -872 -14.13 -50.45 -773 50 -387
