65.61 -2.00 281 -48 168 -26.08 -40.65 71 76 -142 -13.32 -48.50 22 -31 -14
65.63 -1.92 359 -31 154 -26.08 -40.70 4 14 -101 -13.39 -48.56 119 -184 63
65.65 -1.82 364 -28 133 -26.03 -40.77 44 54 -134 -13.45 -48.70 108 -215 142
65.65 -1.76 319 -46 145 -25.97 -40.95 4 58 -108 -13.65 -48.81 142 -126 16
65.69 -1.63 394 -47 104 -25.88 -41.22 32 19 -130 -13.91 -49.63 319 -165 -34
65.74 -1.46 495 -92 142 -25.70 -41.59 76 -46 -89 -14.22 -50.71 345 -350 22
65.79 -1.22 666 -90 131 -25.48 -41.94 54 -173 39 -14.56 -52.25 323 -472 255
65.82 -0.93 710 -100 124 -25.23 -42.27 121 -264 186 -14.84 -53.68 194 -910 620
65.82 -0.57 790 -143 182 -25.06 -42.47 -56 -508 425 -15.08 -55.04 84 -857 576
65.77 -0.13 773 -212 212 -24.98 -42.47 -235 -498 446 -15.52 -56.26 -180 -15 154
65.61 0.40 406 -164 93 -24.97 -42.35 -206 -297 341 -15.91 -57.75 31 629 -280
65.46 0.89 102 -135 7 -24.88 -42.07 -3 -227 388 -16.21 -59.92 114 1030 -479
65.28 1.20 -30 -251 111 -25.01 -41.39 -135 -82 139 -16.38 -62.62 -152 1392 -223
65.09 1.43 -402 -227 52 -25.20 -40.60 -146 421 -454 -16.35 -65.18 -455 1810 317
64.87 1.55 -1076 22 -156 -25.25 -39.86 119 1073 -783 -15.95 -67.26 -581 2365 739
64.77 1.37 -1643 311 -367 -25.30 -39.09 578 1748 -895 -15.17 -69.14 -217 3454 718
64.78 0.73 -2115 510 -560 -25.48 -38.21 789 2398 -1157 -14.26 -71.26 599 4948 386
64.85 -0.35 -2181 726 -722 -25.64 -37.48 1506 2529 -1513 -13.45 -73.27 161 1916 1752
65.31 -1.50 49 450 128 -25.75 -37.77 1445 588 -1529 -12.66 -73.96 -741 -748 1020
66.15 -2.02 3134 -795 1756 -25.84 -38.83 -1193 -1970 474 -11.94 -74.58 -653 -1473 -114
