65.00 -1.88 197 -20 117 -26.34 -41.74 63 123 -127 -14.86 -52.29 8 20 -15
65.00 -1.88 197 -20 117 -26.34 -41.74 63 123 -127 -14.86 -52.29 8 20 -15
65.00 -1.88 197 -20 117 -26.34 -41.74 63 123 -127 -14.86 -52.29 8 20 -15
65.00 -1.88 197 -20 117 -26.34 -41.74 63 123 -127 -14.86 -52.29 8 20 -15
65.00 -1.88 197 -20 117 -26.34 -41.74 63 123 -127 -14.86 -52.29 8 20 -15
64.98 -1.81 224 -32 117 -26.29 -41.75 62 79 -129 -14.87 -52.38 -5 -43 -13
64.97 -1.76 303 -32 120 -26.27 -41.79 71 25 -145 -14.89 -52.47 -15 -159 25
64.99 -1.67 352 -36 109 -26.26 -41.84 -29 5 -111 -14.93 -52.58 -10 -130 28
65.00 -1.54 326 17 82 -26.20 -41.90 117 52 -180 -14.97 -52.96 420 2 -411
65.00 -1.54 326 17 82 -26.20 -41.90 117 52 -180 -14.97 -52.96 420 2 -411
65.20 -1.05 876 -119 214 -25.80 -42.13 -119 -819 607 -15.30 -55.99 80 -577 -74
65.18 -0.63 1063 -240 295 -25.74 -41.82 -334 -1024 697 -15.31 -57.88 -85 -866 330
65.13 -0.07 1058 -289 256 -25.75 -41.49 -180 -696 284 -15.30 -59.51 -100 -554 337
64.98 0.54 628 -239 81 -25.63 -41.30 43 -86 -164 -15.34 -61.03 -106 317 274
64.78 1.04 -176 -116 -122 -25.51 -41.08 240 613 -299 -15.31 -62.33 -92 1420 312
64.61 1.23 -911 81 -264 -25.57 -40.65 403 1461 -636 -15.07 -63.58 93 3079 -34
64.43 1.08 -1336 312 -345 -25.65 -40.18 863 2171 -891 -14.74 -65.26 764 4575 -462
64.24 0.50 -1695 552 -474 -25.75 -39.72 1335 2313 -1030 -14.37 -67.10 486 2949 61
64.16 -0.43 -1288 692 -374 -25.88 -39.87 1002 875 -906 -13.93 -68.15 -790 -157 1136
64.63 -1.18 758 -51 803 -26.02 -40.58 -1173 -980 282 -13.41 -68.65 -547 -625 312
