65.05 -2.35 140 -14 73 -26.42 -40.96 98 167 -163 -14.78 -51.23 -15 56 -21
65.05 -2.39 207 -2 92 -26.39 -40.97 74 82 -121 -14.72 -51.14 -18 -47 -35
65.06 -2.39 250 -15 121 -26.39 -40.97 73 87 -124 -14.70 -51.12 12 -37 -23
65.06 -2.39 250 -15 121 -26.39 -40.97 73 87 -124 -14.70 -51.12 12 -37 -23
65.05 -2.35 174 -3 95 -26.36 -40.96 62 96 -123 -14.69 -51.14 10 -25 -8
65.05 -2.33 201 -28 124 -26.33 -40.96 35 5 -128 -14.70 -51.16 -16 -132 10
65.06 -2.29 332 -72 172 -26.30 -40.98 59 -102 -147 -14.73 -51.20 -7 -250 25
65.06 -2.18 498 -103 213 -26.33 -41.10 -31 -144 -84 -14.84 -51.24 31 -366 47
65.07 -2.00 577 -107 206 -26.22 -41.32 -70 -453 80 -14.99 -51.71 33 -652 -1
65.13 -1.71 786 -217 273 -26.11 -41.36 -315 -731 269 -15.24 -52.29 -16 -987 199
65.17 -1.32 985 -291 342 -26.06 -41.24 -456 -954 578 -15.51 -53.16 186 -928 133
65.18 -0.74 1011 -334 338 -26.06 -40.90 -334 -749 444 -15.91 -54.44 140 -771 192
65.06 -0.04 746 -249 167 -25.95 -40.55 32 -219 54 -16.27 -55.81 -126 -53 64
64.89 0.61 315 -201 24 -25.88 -40.09 120 177 -66 -16.41 -57.29 9 899 -57
64.70 1.08 -219 -162 -69 -25.97 -39.35 92 676 -357 -16.41 -58.79 -27 1758 -87
64.49 1.35 -697 -62 -147 -26.08 -38.37 389 1217 -619 -16.23 -60.43 116 2712 -272
64.29 1.37 -1108 182 -286 -26.23 -37.34 767 1620 -722 -15.91 -62.56 415 3832 -538
64.15 1.10 -1386 495 -457 -26.43 -36.36 1094 2140 -851 -15.39 -65.41 789 5085 -775
63.98 0.36 -1775 679 -625 -26.63 -35.53 1332 2123 -1204 -14.67 -68.25 7 1143 1723
63.85 -0.77 -1772 873 -693 -26.75 -35.71 635 343 -965 -13.51 -69.79 -753 -500 1396
