65.17 -2.63 162 -5 84 -26.89 -41.57 64 103 -79 -15.15 -50.12 -22 -14 17
65.22 -2.61 215 19 98 -26.81 -41.73 68 92 -26 -15.15 -50.27 -29 -64 53
65.26 -2.57 272 38 131 -26.72 -41.95 38 196 12 -15.14 -50.42 26 66 76
65.30 -2.53 259 39 165 -26.67 -42.13 3 235 49 -15.18 -50.69 53 146 62
65.30 -2.50 165 118 100 -26.61 -42.34 -3 247 101 -15.21 -51.13 24 121 201
65.34 -2.51 212 128 142 -26.58 -42.43 79 198 244 -15.23 -51.66 67 105 232
65.34 -2.54 248 142 162 -26.46 -42.39 239 82 639 -15.24 -52.38 104 91 320
65.30 -2.60 125 157 133 -26.79 -41.68 -222 159 477 -15.15 -53.25 194 185 480
65.18 -2.83 -150 107 169 -27.18 -40.56 79 403 20 -14.96 -54.44 418 151 515
65.03 -3.24 -112 73 268 -27.58 -39.37 315 647 -210 -14.83 -56.20 808 301 439
64.81 -3.64 -125 196 173 -28.04 -38.15 249 621 -270 -15.02 -58.36 744 615 433
64.39 -4.16 -21 305 146 -28.65 -36.89 -81 523 -149 -15.45 -60.30 397 813 671
63.94 -4.72 555 284 400 -29.25 -35.33 -167 588 -211 -15.87 -61.71 147 890 869
62.98 -5.26 162 400 137 -29.65 -33.52 2 673 -638 -15.93 -62.92 18 674 890
61.89 -5.96 -69 477 -88 -29.90 -31.78 287 661 -1068 -15.67 -63.99 47 729 674
60.82 -6.79 129 579 -246 -29.88 -30.28 791 869 -1867 -15.26 -65.08 -173 823 428
59.74 -7.55 256 718 -462 -29.62 -29.83 1434 1043 -2444 -14.71 -66.18 -377 351 416
58.63 -8.27 -2 800 -663 -29.27 -29.91 -1017 -1248 245 -14.25 -66.83 -627 -327 -95
57.77 -9.04 -68 507 -451 -28.91 -29.87 496 -714 -898 -13.91 -67.11 -834 -693 -90
57.43 -9.74 727 -288 304 -28.82 -30.87 -877 -1713 690 -13.73 -66.80 -425 -628 -359
