55.98 -6.89 1396 -1426 801 -26.06 -42.50 21 229 39 -16.30 -53.14 -68 77 124
55.96 -6.43 740 -955 -28 -25.94 -42.68 35 260 127 -16.20 -53.36 2 112 201
56.14 -6.06 395 -658 -497 -25.85 -42.94 5 274 142 -16.09 -53.56 58 122 214
56.50 -5.58 234 -650 -548 -25.74 -43.27 -41 238 121 -15.98 -53.85 15 69 235
56.99 -5.01 -117 -706 -521 -25.60 -43.68 -77 253 88 -15.91 -54.17 -40 2 253
57.33 -4.53 -586 -598 -470 -25.42 -44.07 -78 334 50 -15.85 -54.56 -55 130 197
57.78 -4.19 -314 -487 -122 -25.36 -43.84 -27 231 416 -15.82 -55.03 11 186 244
58.31 -3.89 -87 -381 -39 -25.68 -42.94 -447 246 369 -15.79 -55.67 4 257 445
58.69 -3.58 106 -233 -66 -25.96 -42.11 -341 380 223 -15.71 -56.50 180 231 611
59.03 -3.28 211 -146 -73 -26.20 -41.18 -129 356 -29 -15.61 -57.54 323 195 575
59.36 -2.98 274 -89 47 -26.50 -40.17 -211 166 -110 -15.62 -58.73 322 -82 594
59.79 -2.57 508 21 218 -26.81 -38.96 -87 149 -89 -15.79 -59.68 81 -761 989
60.28 -2.03 693 129 443 -27.17 -37.42 -52 367 -217 -15.85 -60.10 -15 -908 1197
60.63 -1.44 646 194 540 -27.50 -35.68 128 779 -707 -15.82 -59.86 -245 -159 911
60.63 -1.44 646 194 540 -27.50 -35.68 128 779 -707 -15.82 -59.86 -245 -159 911
61.12 -0.51 -199 395 256 -27.40 -33.82 2197 2320 -2786 -15.59 -50.73 220 1375 -290
61.22 -0.21 -524 482 95 -26.95 -35.09 590 1111 -1531 -15.73 -51.05 449 1593 -504
61.29 -0.03 -647 543 -9 -26.77 -35.85 -877 -1632 1075 -15.72 -51.70 166 260 483
61.39 0.01 -450 542 -41 -26.85 -35.62 -662 -2116 246 -15.34 -51.80 -249 -912 991
61.55 0.04 -59 440 60 -26.58 -35.99 -206 -2088 -240 -15.24 -51.69 40 -379 470
