63.30 1.96 232 69 62 -25.09 -45.50 162 235 1 -15.86 -53.98 31 91 171
63.33 2.03 174 97 46 -25.21 -45.05 113 78 125 -15.65 -54.30 1 63 202
63.31 2.05 114 73 116 -25.48 -44.42 -101 -1 -51 -15.44 -54.73 -41 -27 191
63.27 2.03 65 80 141 -25.71 -43.81 -48 123 -168 -15.36 -55.20 -27 106 141
63.22 1.99 112 60 204 -25.96 -43.11 160 188 -277 -15.18 -56.05 34 62 150
63.22 1.99 112 60 204 -25.96 -43.11 160 188 -277 -15.18 -56.05 34 62 150
63.12 1.85 295 -106 462 -26.68 -41.58 -121 368 -329 -14.91 -58.17 -80 334 405
62.97 1.90 6 13 344 -26.90 -40.84 185 467 -405 -14.71 -59.34 10 377 325
62.71 1.79 -23 -1 295 -27.16 -40.24 161 617 -432 -14.50 -60.63 109 455 426
62.47 1.65 -5 21 209 -27.28 -39.76 383 712 -228 -14.21 -61.79 297 349 686
62.11 1.46 -20 85 84 -27.42 -39.11 235 623 -57 -13.77 -62.78 743 -161 1005
61.68 1.19 -118 230 -73 -27.62 -38.18 -192 409 110 -13.61 -63.20 1071 -757 1104
61.19 0.79 -212 299 -143 -27.88 -36.89 -206 346 -142 -14.04 -63.00 422 -440 782
60.56 0.20 -219 253 -19 -28.00 -35.73 457 521 -850 -14.50 -62.46 -192 421 300
59.85 -0.53 20 263 76 -27.93 -35.27 106 -42 -782 -14.47 -61.97 -437 330 -60
59.11 -1.22 95 410 -135 -27.53 -35.78 2129 1281 -2933 -14.32 -61.27 -992 -190 -366
58.40 -1.94 -115 408 -298 -26.69 -36.79 314 -1386 -41 -13.91 -60.53 -952 134 -1173
57.96 -2.75 -108 132 -162 -26.14 -37.40 240 -1391 -283 -13.68 -60.36 -972 -886 -1035
57.69 -3.49 30 -206 91 -25.56 -38.00 415 -1159 -308 -13.43 -60.09 -425 -1240 -907
57.78 -4.01 1231 -842 709 -25.22 -38.28 409 -898 -204 -13.24 -59.65 14 -606 -937
