62.15 -0.13 127 11 54 -27.52 -41.09 117 73 -25 -16.98 -51.40 -20 62 -39
62.15 -0.22 191 15 84 -27.60 -41.21 45 93 -72 -16.92 -51.39 24 -22 -18
62.12 -0.30 181 19 81 -27.65 -41.31 37 128 -140 -16.91 -51.34 -41 32 -41
62.13 -0.36 200 48 78 -27.67 -41.42 39 151 -176 -16.89 -51.31 -42 54 -65
62.11 -0.45 181 -40 171 -27.67 -41.51 72 138 -167 -16.86 -51.28 -45 85 -95
62.05 -0.53 83 -45 128 -27.69 -41.58 50 70 -108 -16.80 -51.26 21 31 -64
62.02 -0.60 96 -40 122 -27.73 -41.67 86 50 -72 -16.76 -51.25 83 -28 -27
62.00 -0.65 215 -16 110 -27.78 -41.72 83 52 -52 -16.76 -51.23 107 -42 -15
61.99 -0.68 332 4 120 -27.83 -41.74 52 92 -112 -16.79 -51.20 83 -9 -26
61.96 -0.65 286 23 95 -27.85 -41.77 56 53 -84 -16.81 -51.19 45 -3 -16
61.93 -0.63 157 32 61 -27.79 -41.86 11 -94 87 -16.85 -51.16 18 -78 7
61.92 -0.63 75 9 74 -27.93 -41.58 -344 -407 367 -16.91 -51.11 73 -220 114
61.92 -0.67 215 -53 150 -28.06 -41.07 -285 -508 339 -16.98 -51.00 51 -589 356
61.89 -0.65 408 -125 240 -28.13 -40.62 -112 -463 164 -17.05 -50.79 89 -813 424
61.80 -0.55 509 -133 257 -28.26 -40.08 -209 -122 -286 -17.24 -50.49 21 -854 447
61.73 -0.37 554 -75 214 -28.31 -39.54 -54 711 -946 -17.32 -50.09 -115 -461 314
61.64 -0.16 381 -96 187 -28.15 -39.42 1201 2393 -2343 -17.23 -49.63 -76 473 87
61.57 0.05 161 -16 56 -27.71 -41.17 3581 4594 -4105 -16.95 -49.14 119 1600 -258
61.41 0.11 -239 150 -83 -27.30 -43.62 67 971 252 -16.46 -48.89 395 2582 -840
61.15 -0.10 -876 562 -444 -27.17 -44.10 -692 -1157 1301 -15.89 -49.10 -74 1671 -944
