62.39 -0.31 139 -9 114 -27.81 -41.84 50 160 -123 -17.26 -50.25 45 34 18
62.39 -0.31 139 -9 114 -27.81 -41.84 50 160 -123 -17.26 -50.25 45 34 18
62.35 -0.41 131 23 80 -27.76 -41.90 50 174 -64 -17.41 -50.48 132 47 19
62.35 -0.45 142 10 85 -27.78 -41.81 -13 144 -93 -17.48 -50.66 51 -2 82
62.34 -0.52 79 8 60 -27.83 -41.73 -16 100 -107 -17.50 -50.95 -45 -64 102
62.32 -0.61 23 14 22 -27.86 -41.64 80 82 -125 -17.49 -51.35 -56 -64 94
62.29 -0.77 34 -19 80 -27.86 -41.64 120 3 -129 -17.46 -51.84 -64 -74 35
62.28 -0.92 120 -25 127 -27.91 -41.59 66 -56 -98 -17.51 -52.37 -165 -91 46
62.25 -1.02 231 -26 185 -28.00 -41.37 -361 -339 299 -17.50 -52.81 -156 -166 131
62.21 -1.07 307 -59 200 -28.15 -40.71 -298 -555 363 -17.42 -53.14 -100 -243 201
62.19 -1.07 273 -39 150 -28.26 -40.11 17 -331 106 -17.46 -53.36 -122 -439 266
62.20 -1.03 309 -79 201 -28.44 -39.56 -62 -256 59 -17.56 -53.46 45 -404 244
62.21 -0.98 467 -118 276 -28.66 -38.90 29 -31 -191 -17.80 -53.55 180 -104 85
62.19 -0.85 484 -154 285 -28.83 -38.32 253 243 -447 -18.11 -53.73 238 135 17
62.13 -0.67 321 -116 181 -28.89 -37.92 454 620 -736 -18.34 -53.92 166 307 15
62.07 -0.53 224 2 32 -28.99 -37.62 1178 1369 -1303 -18.39 -54.07 11 596 78
62.01 -0.45 115 96 -81 -29.06 -38.29 2402 3102 -2954 -18.20 -54.12 -54 1225 30
61.96 -0.44 -125 208 -175 -28.60 -41.11 855 2213 -1287 -17.67 -54.19 394 2034 -111
61.90 -0.55 -359 332 -214 -28.47 -42.43 -1299 -614 1644 -16.97 -54.39 390 2196 -100
61.79 -0.86 -683 644 -449 -28.38 -43.03 -782 -1192 963 -16.51 -54.54 -110 576 -246
