68.94 -5.14 183 -52 99 -26.05 -42.97 95 123 -136 -12.92 -50.25 5 48 26
68.92 -5.13 208 -36 89 -26.05 -42.96 91 128 -138 -12.92 -50.25 1 31 15
68.92 -5.11 176 -6 49 -26.05 -42.96 77 126 -132 -12.94 -50.24 3 30 8
68.92 -5.11 176 -6 49 -26.05 -42.96 77 126 -132 -12.94 -50.24 3 30 8
68.95 -5.09 154 -15 58 -26.03 -42.93 69 110 -132 -12.85 -50.14 15 -30 -2
68.95 -5.10 155 -45 85 -26.03 -42.92 85 108 -137 -12.85 -50.11 -12 -133 51
68.94 -5.11 249 -123 206 -26.03 -42.91 78 102 -124 -12.83 -50.03 -21 -249 101
68.88 -5.08 345 -176 277 -26.02 -42.89 52 81 -110 -12.80 -49.86 -102 -538 288
68.81 -5.01 318 -160 214 -26.02 -42.84 32 69 -109 -12.74 -49.52 -186 -760 432
68.73 -4.94 306 -111 176 -26.03 -42.78 26 50 -106 -12.60 -48.97 -214 -849 427
68.73 -4.94 306 -111 176 -26.03 -42.78 26 50 -106 -12.60 -48.97 -214 -849 427
68.59 -4.80 79 69 -93 -26.08 -42.62 -91 -44 -55 -12.34 -47.67 -186 -64 -156
68.60 -4.79 98 63 -73 -26.05 -42.48 69 -101 10 -12.20 -47.23 -53 186 -234
68.60 -4.80 156 -16 33 -26.03 -42.30 44 -231 68 -11.90 -46.81 78 130 -184
68.56 -4.79 201 -85 118 -26.06 -42.05 -155 -372 105 -11.65 -46.36 131 383 -409
68.52 -4.74 248 -101 164 -26.07 -41.63 -129 -409 121 -11.68 -46.23 420 1678 -1573
68.44 -4.67 292 -122 157 -26.09 -41.12 -106 -329 66 -12.35 -47.25 1100 4215 -3645
68.32 -4.63 335 -142 200 -26.21 -40.52 -75 -32 -185 -13.53 -50.29 1652 5757 -4535
68.20 -4.55 278 -96 115 -26.27 -40.00 120 300 -397 -14.07 -53.73 -1298 369 1664
68.09 -4.47 235 -48 42 -26.24 -39.62 296 360 -324 -13.46 -54.48 -1043 10 759
