61.25 -4.17 1220 -108 745 -27.88 -41.77 85 102 -85 -16.44 -50.66 11 -33 -5
61.19 -4.50 1867 -816 1199 -27.88 -41.77 69 135 -100 -16.42 -50.61 29 12 -24
60.88 -4.27 1263 -754 595 -27.87 -41.78 69 127 -91 -16.41 -50.59 37 66 -28
60.79 -4.01 776 -520 80 -27.85 -41.80 55 90 -62 -16.41 -50.58 52 38 -4
60.79 -4.01 776 -520 80 -27.85 -41.80 55 90 -62 -16.41 -50.58 52 38 -4
60.74 -3.53 684 -211 -93 -27.88 -41.68 -70 -169 181 -16.48 -50.59 165 -156 123
60.84 -3.12 831 -252 105 -27.96 -41.40 -193 -257 234 -16.60 -50.62 222 -246 151
61.06 -2.51 756 -343 382 -28.03 -41.05 16 -127 73 -16.77 -50.68 215 -350 191
61.32 -1.81 476 -482 426 -28.11 -40.71 59 -29 -11 -17.00 -50.82 267 -280 166
61.44 -1.23 -479 -170 21 -28.26 -40.28 -82 -68 -17 -17.29 -51.01 149 -158 137
61.62 -0.91 -713 -41 -10 -28.42 -39.68 -145 -175 -25 -17.62 -51.20 -15 -181 197
61.80 -0.75 -916 174 -182 -28.57 -39.01 -96 -224 -97 -17.81 -51.42 -6 -384 270
61.90 -0.77 -903 371 -333 -28.71 -38.33 47 -90 -306 -18.08 -51.59 -43 -446 264
62.08 -0.94 -652 439 -313 -28.81 -37.77 289 257 -636 -18.33 -51.73 -81 -379 226
62.29 -1.20 -146 312 -87 -28.88 -37.40 701 846 -969 -18.50 -51.79 -92 -40 113
62.43 -1.38 449 55 256 -29.05 -37.24 1405 2182 -2231 -18.51 -51.77 -197 548 75
62.48 -1.39 717 -130 394 -28.94 -38.47 2599 3870 -3501 -18.25 -51.60 -145 1416 -24
62.45 -1.30 477 -172 303 -28.47 -41.11 486 2073 -524 -17.66 -51.39 195 2718 -445
62.44 -1.28 126 -152 193 -28.39 -41.93 -1451 -1441 2020 -16.87 -51.55 278 3159 -782
62.45 -1.34 -107 -95 117 -28.35 -42.05 -888 -1521 898 -16.52 -52.00 -460 739 -593
