63.34 -0.92 185 -4 36 -27.85 -42.85 83 168 -68 -17.41 -50.45 43 -44 10
63.34 -0.85 110 3 20 -27.77 -43.15 66 218 -81 -17.40 -50.50 10 47 -38
63.35 -0.79 144 -3 62 -27.70 -43.41 42 194 -69 -17.41 -50.57 23 161 -77
63.37 -0.72 242 -30 120 -27.60 -43.71 56 102 -48 -17.46 -50.63 -34 101 -10
63.37 -0.62 179 -30 101 -27.48 -44.12 84 69 -30 -17.47 -50.66 -63 -76 45
63.37 -0.62 179 -30 101 -27.48 -44.12 84 69 -30 -17.47 -50.66 -63 -76 45
63.35 -0.51 96 -68 129 -27.19 -45.21 143 43 55 -17.52 -50.68 67 -100 -9
63.31 -0.47 234 -115 206 -27.02 -45.89 169 -65 114 -17.60 -50.72 60 -188 59
63.27 -0.36 315 -138 224 -26.78 -46.78 14 -315 291 -17.66 -50.72 36 -459 177
63.24 -0.22 294 -118 177 -26.62 -47.59 -242 -603 592 -17.75 -50.69 33 -694 251
63.26 -0.06 356 -77 145 -26.54 -48.22 -215 -593 640 -17.92 -50.54 14 -704 234
63.25 0.16 500 -54 153 -26.43 -49.03 -22 -225 380 -18.14 -50.30 79 -555 192
63.26 0.46 692 -85 189 -26.22 -50.15 39 265 -18 -18.33 -50.00 105 -323 106
63.22 0.82 732 -133 200 -25.83 -51.61 -8 885 -486 -18.51 -49.69 5 23 -76
63.14 1.23 592 -153 154 -25.10 -53.48 623 2279 -1226 -18.60 -49.44 -5 357 -209
63.00 1.62 364 -159 85 -23.81 -56.59 1595 4230 -1833 -18.51 -49.33 -38 802 -289
62.83 1.96 168 -131 19 -22.07 -60.52 131 3057 62 -18.08 -49.36 194 1608 -422
62.64 2.25 -84 -63 -49 -20.73 -62.92 -1352 1257 2136 -17.25 -49.66 601 2733 -651
62.49 2.49 -499 130 -187 -20.17 -63.55 -225 475 1256 -16.56 -50.12 509 2471 -804
62.43 2.54 -1081 380 -405 -19.95 -64.16 -110 -40 394 -16.48 -50.71 -8 326 1
