62.92 -1.76 165 -9 93 -27.35 -41.77 69 101 -126 -16.04 -49.51 15 48 -37
62.92 -1.74 196 -31 113 -27.31 -41.79 89 70 -100 -16.03 -49.53 24 15 -16
62.94 -1.68 177 -18 86 -27.29 -41.81 98 69 -103 -16.02 -49.55 27 -30 -12
62.97 -1.63 194 -21 82 -27.30 -41.83 75 79 -104 -16.03 -49.58 38 -25 -20
62.99 -1.60 212 -40 98 -27.30 -41.92 92 66 -72 -16.07 -49.60 36 -1 -15
63.01 -1.54 234 -60 122 -27.27 -42.10 58 53 -21 -16.12 -49.61 27 -53 21
63.01 -1.47 253 -56 130 -27.19 -42.37 93 76 8 -16.20 -49.60 56 -57 18
63.01 -1.38 179 -22 98 -27.09 -42.75 175 16 101 -16.29 -49.58 85 -85 47
63.04 -1.31 168 -20 103 -26.93 -43.38 163 -170 247 -16.33 -49.66 197 -228 95
63.06 -1.25 218 -45 133 -26.74 -44.11 -18 -489 510 -16.43 -49.69 96 -580 299
63.05 -1.17 245 -44 116 -26.50 -44.86 -162 -864 817 -16.50 -49.56 107 -946 434
63.08 -1.08 317 -27 92 -26.32 -45.93 -53 -669 612 -16.68 -49.31 97 -1159 457
63.13 -0.94 524 -45 128 -26.05 -47.72 -8 -136 251 -17.07 -48.94 74 -1037 342
63.17 -0.74 733 -79 195 -25.63 -49.96 -43 545 -76 -17.58 -48.48 -52 -398 -13
63.22 -0.43 902 -157 272 -24.95 -52.51 -23 1634 -712 -17.93 -48.14 -103 329 -316
63.23 -0.04 888 -281 334 -23.78 -55.73 796 3409 -1287 -18.03 -47.93 23 823 -401
63.18 0.41 641 -304 240 -22.27 -59.37 1541 5159 -1374 -17.89 -47.81 -55 1348 -468
63.04 0.81 143 -246 98 -20.94 -62.32 545 3141 237 -17.28 -47.84 255 2244 -559
62.88 1.06 -288 -121 -18 -19.90 -63.92 -859 457 1432 -16.23 -48.04 625 2869 -788
62.69 1.16 -728 52 -98 -19.44 -64.85 -564 -171 763 -15.68 -48.40 179 1529 -465
