63.61 -0.55 752 -110 260 -24.51 -52.65 465 2024 -1120 -18.24 -51.48 -285 -341 165
63.69 -0.22 1003 -129 284 -23.13 -56.28 -430 1345 526 -18.35 -52.02 -180 430 52
63.71 0.16 896 -178 243 -22.09 -58.53 -234 2123 423 -18.14 -52.53 -84 1340 33
63.77 0.59 685 -183 136 -20.52 -61.56 -658 2361 682 -17.70 -52.90 190 1980 82
63.72 1.01 303 -119 14 -19.61 -62.60 -686 931 1124 -16.99 -53.23 269 1851 222
63.61 1.33 -372 90 -203 -18.97 -63.52 -363 482 507 -16.45 -53.36 -179 1087 73
63.48 1.30 -1220 363 -289 -18.49 -64.08 -137 -9 309 -16.12 -53.16 -377 -96 282
63.43 0.86 -1379 413 -157 -18.40 -64.04 76 -285 191 -15.93 -52.61 -485 -760 274
63.37 0.20 -1352 324 -140 -18.67 -63.52 218 -625 78 -15.71 -51.76 -231 -911 68
63.50 -0.40 -284 94 240 -19.29 -62.66 -296 -1478 497 -15.62 -50.73 97 -820 -267
63.63 -0.75 693 -323 627 -20.34 -60.36 -25 -1773 626 -15.85 -49.80 159 -567 -486
63.47 -0.74 886 -442 459 -21.33 -57.85 7 -1123 -36 -16.27 -49.13 -150 -643 -286
63.19 -0.62 719 -386 130 -22.44 -55.01 -401 -1035 -252 -16.51 -48.54 -184 -542 -57
62.98 -0.49 728 -285 -42 -23.46 -51.85 -58 139 -1036 -16.75 -47.92 -256 86 -238
62.78 -0.36 682 -214 31 -24.45 -48.28 385 1416 -2027 -16.91 -47.45 -248 807 -516
62.58 -0.18 532 -255 248 -25.22 -44.94 1131 1890 -2408 -16.95 -47.21 -191 1516 -796
62.36 0.10 -49 -122 111 -25.88 -42.59 1766 2314 -2833 -16.80 -47.21 43 1723 -812
62.27 0.29 -466 -35 72 -26.25 -41.82 2321 2343 -2855 -16.52 -47.31 159 1428 -622
62.23 0.32 -760 68 -28 -26.39 -42.26 1842 1289 -1939 -16.00 -47.60 289 898 -394
62.21 0.13 -1082 159 -184 -26.51 -43.18 575 -311 -268 -15.48 -47.99 210 216 -153
