63.23 -1.57 76 -50 134 -27.06 -43.38 61 130 -112 -16.26 -50.01 18 30 -13
63.09 -1.68 121 -47 96 -27.06 -43.38 62 141 -115 -16.25 -50.00 3 28 -15
62.93 -1.78 340 -55 132 -27.06 -43.38 58 140 -111 -16.25 -50.00 8 41 -19
62.66 -1.82 400 -40 149 -27.06 -43.39 59 134 -111 -16.25 -50.00 16 43 -7
62.38 -1.83 342 -23 124 -27.06 -43.39 62 131 -113 -16.25 -50.00 19 41 -10
62.04 -1.98 232 -118 172 -27.06 -43.38 64 122 -112 -16.24 -50.00 -2 40 -22
61.51 -2.26 106 -121 155 -27.06 -43.38 63 115 -122 -16.23 -50.00 -2 32 -16
60.68 -2.63 -215 128 -214 -27.06 -43.39 72 109 -124 -16.22 -50.00 13 17 -9
59.71 -3.24 -482 479 -593 -27.07 -43.38 65 117 -137 -16.22 -49.99 2 9 12
58.71 -4.17 -417 751 -735 -27.07 -43.38 61 123 -135 -16.23 -49.98 16 26 -3
58.03 -5.19 412 623 -287 -27.08 -43.38 63 135 -128 -16.24 -49.96 -3 41 -20
57.84 -6.02 1857 -176 913 -27.07 -43.38 61 135 -130 -16.24 -49.96 -12 55 -30
57.58 -6.19 2162 -600 1054 -27.07 -43.38 51 113 -120 -16.23 -49.96 -1 44 -23
57.58 -6.19 2162 -600 1054 -27.07 -43.38 51 113 -120 -16.23 -49.96 -1 44 -23
56.38 -5.45 144 -241 -371 -27.07 -43.35 66 89 -110 -17.92 -36.98 -1401 -1950 2376
56.17 -5.14 -448 -81 -608 -27.08 -43.33 67 117 -103 -17.79 -36.50 -469 -280 91
56.18 -4.89 -353 -51 -359 -27.11 -43.31 76 270 -111 -17.46 -36.68 -691 -286 679
56.43 -4.56 -44 -83 63 -27.16 -43.27 36 277 -50 -16.74 -36.90 -121 288 104
56.85 -4.08 -2 -98 341 -27.18 -43.23 -34 144 75 -16.20 -37.37 211 926 -595
57.43 -3.48 -92 -81 336 -27.19 -43.17 74 56 72 -15.74 -38.36 563 1288 -973
