63.14 -0.93 160 -28 136 -27.85 -42.49 -15 -118 56 -15.97 -49.64 -3 -36 -4
63.11 -0.93 148 -26 128 -27.90 -42.29 -58 -114 69 -15.95 -49.58 -24 -178 69
63.09 -0.93 157 -15 99 -27.92 -42.20 105 122 -90 -15.97 -49.47 -27 -109 18
63.09 -0.92 146 -7 71 -27.85 -42.47 332 456 -304 -16.06 -49.34 -93 -46 22
63.09 -0.93 178 -35 100 -27.74 -42.98 338 516 -283 -16.08 -49.20 22 93 -19
63.07 -0.93 231 -59 148 -27.69 -43.34 -167 138 35 -16.07 -49.09 52 199 -54
63.06 -0.90 277 -57 178 -27.61 -43.46 -60 51 64 -16.00 -48.98 -18 174 -57
63.05 -0.85 242 -15 133 -27.61 -43.52 -155 13 81 -15.96 -48.77 -96 74 -15
63.03 -0.82 87 22 71 -27.64 -43.39 -255 -99 216 -15.94 -48.41 -19 2 -27
63.03 -0.82 87 22 71 -27.64 -43.39 -255 -99 216 -15.94 -48.41 -19 2 -27
63.01 -0.93 -9 40 1 -27.73 -42.70 -163 -171 353 -15.95 -47.34 52 63 -62
62.99 -1.06 187 -65 164 -27.84 -42.31 -107 -48 282 -16.03 -46.41 97 103 -120
62.92 -1.11 312 -106 222 -27.99 -41.91 -131 80 232 -16.18 -45.22 59 83 -83
62.82 -1.12 217 -60 136 -28.19 -41.36 -132 235 144 -16.27 -43.69 97 137 -107
62.70 -1.19 229 -53 115 -28.40 -40.70 82 625 -243 -16.33 -41.60 97 352 -344
62.51 -1.32 347 -108 190 -28.58 -40.16 589 1078 -638 -16.33 -39.12 192 708 -925
62.16 -1.46 383 -105 170 -28.70 -39.98 1377 1176 -956 -16.52 -36.80 720 1497 -2339
61.63 -1.66 292 -80 100 -28.73 -40.45 1382 434 -955 -17.15 -36.11 853 1516 -2567
60.92 -2.01 89 -24 16 -28.76 -41.23 -152 -773 -298 -17.46 -36.96 -568 -766 -434
60.07 -2.50 -255 126 -169 -28.83 -41.34 -816 -1180 5 -17.22 -36.97 -396 -1550 -16
