62.67 -1.09 135 -3 101 -27.55 -43.86 95 186 97 -16.32 -50.36 48 51 10
62.67 -1.09 139 -2 91 -27.57 -44.12 8 259 46 -16.39 -50.29 88 48 43
62.67 -1.10 160 -14 93 -27.57 -44.36 5 282 -25 -16.46 -50.16 29 10 157
62.65 -1.12 211 -43 127 -27.57 -44.51 13 236 -23 -16.46 -49.90 92 51 117
62.60 -1.14 216 -44 124 -27.57 -44.69 -7 165 67 -16.51 -49.63 25 121 22
62.54 -1.17 139 -24 92 -27.61 -45.02 -214 -21 152 -16.52 -49.25 -174 122 16
62.54 -1.17 139 -24 92 -27.61 -45.02 -214 -21 152 -16.52 -49.25 -174 122 16
62.39 -1.32 23 -10 89 -27.58 -45.43 -465 -591 433 -16.47 -47.91 -159 -49 -46
62.28 -1.45 37 -23 81 -27.67 -45.22 -359 -515 248 -16.42 -47.04 -216 -221 -15
62.15 -1.61 68 -65 117 -27.83 -44.80 -211 -442 86 -16.43 -45.94 -114 -246 -89
61.92 -1.83 139 -122 177 -28.10 -44.08 -142 -373 -87 -16.50 -44.59 -20 -308 -97
61.63 -2.04 258 -85 132 -28.45 -43.13 -64 -121 -305 -16.57 -43.01 -76 -541 -4
61.29 -2.20 354 -43 102 -28.85 -41.93 28 506 -497 -16.61 -41.17 -172 -494 -154
60.94 -2.32 361 -31 134 -29.26 -40.41 384 1285 -741 -16.58 -39.12 -1 54 -625
60.68 -2.41 425 -76 189 -29.50 -38.94 1348 1999 -1186 -16.55 -36.86 264 1153 -1496
60.33 -2.48 356 -117 183 -29.60 -38.42 2298 2440 -1603 -16.66 -34.95 1228 2985 -3967
59.99 -2.56 230 -126 154 -29.32 -39.48 1963 665 -1047 -17.45 -35.45 1831 3342 -4477
59.69 -2.69 83 -131 128 -29.30 -40.63 -615 -1514 231 -17.50 -37.02 -1386 -1476 433
59.27 -2.95 -325 -23 -5 -29.41 -40.74 -1575 -1847 332 -17.22 -36.78 -840 -1692 158
58.62 -3.50 -939 406 -491 -29.35 -40.36 -319 -1043 -70 -17.00 -36.82 -448 -1501 91
