62.66 -1.64 118 -18 117 -28.66 -40.95 75 29 -108 -15.99 -48.83 25 -22 8
62.67 -1.64 131 -12 108 -28.59 -40.98 143 20 -48 -15.99 -48.80 -28 -103 52
62.67 -1.64 131 -12 108 -28.59 -40.98 143 20 -48 -15.99 -48.80 -28 -103 52
62.70 -1.63 209 -38 110 -28.54 -40.95 -193 -443 317 -15.98 -48.72 62 -196 100
62.68 -1.62 214 -42 106 -28.47 -40.71 -229 -738 481 -15.96 -48.64 35 -433 266
62.68 -1.59 195 -41 109 -28.51 -40.33 -136 -587 265 -15.84 -48.37 -21 -986 549
62.66 -1.56 207 -37 132 -28.57 -39.99 31 -199 -43 -15.89 -47.95 -65 -964 390
62.68 -1.51 276 -41 145 -28.63 -39.68 108 191 -324 -16.00 -47.49 -74 -745 228
62.69 -1.42 323 -12 96 -28.67 -39.41 85 374 -437 -16.11 -47.02 -52 -227 -64
62.72 -1.32 433 -24 112 -28.72 -39.08 -1 487 -522 -16.13 -46.70 -75 171 -267
62.81 -1.18 742 -79 221 -28.71 -38.76 97 652 -590 -16.09 -46.60 -81 490 -421
62.87 -0.94 887 -176 280 -28.63 -38.53 293 723 -542 -16.05 -46.69 -86 776 -496
62.82 -0.59 526 -152 140 -28.51 -38.35 310 743 -465 -16.00 -46.90 47 1001 -529
62.80 -0.28 92 -95 34 -28.44 -38.17 338 907 -382 -15.93 -47.20 68 1056 -513
62.79 -0.08 -153 -68 39 -28.47 -37.91 583 1293 -403 -15.83 -47.57 -18 1220 -518
62.76 0.03 -236 -85 104 -28.57 -37.73 978 1842 -607 -15.74 -48.02 427 2293 -1333
62.71 0.12 -352 -74 89 -28.50 -37.99 1700 643 -805 -16.16 -49.26 1465 4604 -3207
62.70 0.16 -465 18 -30 -28.46 -39.05 -681 -1298 396 -16.36 -51.90 613 1910 110
62.71 0.12 -421 125 -142 -28.54 -39.07 -1974 -2126 1267 -15.40 -52.79 -694 -708 1065
62.76 -0.04 -361 162 -126 -28.46 -38.37 -727 -1306 659 -14.92 -53.26 -464 -740 271
