62.80 -0.94 492 -176 220 -28.03 -41.10 78 126 -118 -15.84 -50.76 -3 28 -26
62.80 -0.63 422 -187 214 -28.03 -41.10 76 117 -121 -15.84 -50.75 2 35 -24
62.80 -0.63 422 -187 214 -28.03 -41.10 76 117 -121 -15.84 -50.75 2 35 -24
62.66 -0.04 -78 -67 18 -28.03 -41.10 70 120 -124 -16.60 -49.78 341 902 436
62.60 0.13 -392 9 -71 -28.03 -41.10 76 132 -129 -16.06 -50.45 -821 -1549 1448
62.53 0.12 -616 159 -165 -28.03 -41.10 77 114 -128 -15.77 -50.79 -389 -1198 576
62.49 -0.09 -651 345 -254 -28.02 -41.09 69 110 -130 -16.02 -51.00 -232 -932 335
62.36 -0.60 -751 457 -392 -28.02 -41.09 70 116 -130 -16.23 -50.86 -214 -993 400
62.03 -1.41 -1024 670 -637 -28.03 -41.10 105 124 -135 -16.42 -50.46 -163 -833 385
62.17 -2.27 465 331 56 -27.99 -41.24 25 69 -55 -16.55 -49.99 -462 -1233 933
62.55 -2.65 1937 -486 1034 -27.88 -41.55 2 29 32 -16.37 -48.99 -257 -1157 340
62.25 -2.42 1496 -689 839 -27.74 -41.95 82 -24 58 -16.68 -48.39 -437 -782 524
62.03 -1.96 625 -570 282 -27.63 -42.41 55 -61 65 -16.47 -47.45 -111 -768 744
61.95 -1.52 170 -393 27 -27.48 -43.01 90 -112 170 -16.37 -46.48 145 69 50
62.01 -1.19 262 -280 76 -27.31 -43.82 -101 -262 385 -16.15 -46.07 397 877 -601
62.12 -0.77 513 -246 257 -27.16 -44.55 -366 -500 585 -15.94 -46.11 547 1480 -1046
62.19 -0.18 233 -218 228 -27.04 -44.97 -486 -554 581 -15.78 -46.61 544 1881 -1281
62.16 0.33 -273 -10 42 -27.00 -45.25 -372 -305 394 -15.74 -47.38 479 1640 -986
62.19 0.60 -441 96 -68 -26.96 -45.47 -45 163 88 -15.62 -48.14 124 879 -463
62.22 0.71 -618 238 -243 -26.96 -45.50 -14 479 -55 -15.52 -48.77 -111 127 -93
