62.78 -1.71 140 3 89 -27.57 -43.20 90 82 -106 -16.07 -50.21 30 5 -22
62.78 -1.71 140 3 89 -27.57 -43.20 90 82 -106 -16.07 -50.21 30 5 -22
62.79 -1.71 140 3 93 -27.60 -43.18 -22 -11 6 -16.03 -50.17 26 -24 -17
62.79 -1.71 160 -21 102 -27.62 -43.05 -74 -113 76 -16.02 -50.13 -17 -53 -3
62.79 -1.70 174 -34 105 -27.69 -42.80 -128 -253 156 -16.00 -50.08 -44 -75 12
62.78 -1.69 177 -18 76 -27.74 -42.47 -8 -300 119 -15.97 -50.00 -100 -165 105
62.79 -1.68 183 -25 93 -27.81 -42.21 4 -281 4 -15.85 -49.77 -39 -313 125
62.79 -1.66 185 -28 98 -27.88 -41.98 -49 -304 44 -15.76 -49.52 -16 -510 190
62.78 -1.63 178 -39 111 -27.98 -41.60 -164 -372 88 -15.73 -49.17 -49 -581 191
62.79 -1.58 193 -27 113 -28.04 -41.12 -103 -391 84 -15.70 -48.72 -100 -557 185
62.80 -1.53 239 -28 116 -28.17 -40.60 -46 -171 -136 -15.58 -48.14 -128 -694 260
62.80 -1.47 322 -28 135 -28.28 -40.12 27 173 -262 -15.49 -47.42 -93 -554 54
62.82 -1.36 437 -52 161 -28.34 -39.58 89 741 -417 -15.49 -46.72 -82 -291 -116
62.83 -1.19 504 -94 180 -28.32 -39.00 344 1427 -662 -15.46 -46.11 17 174 -310
62.83 -0.97 514 -153 194 -28.18 -38.60 955 2029 -840 -15.38 -45.63 107 983 -607
62.80 -0.69 392 -174 169 -28.03 -38.58 1695 2439 -1051 -15.37 -45.49 584 2792 -1959
62.75 -0.37 360 -179 158 -27.92 -39.29 2287 925 -1212 -16.01 -46.75 1714 5506 -4367
62.72 -0.03 362 -177 178 -27.91 -40.86 -746 -1775 653 -17.37 -50.37 1468 4446 -2652
62.68 0.33 165 -131 101 -28.07 -40.85 -2557 -2844 1688 -16.79 -52.84 -1761 -226 1254
62.58 0.60 -321 -19 -56 -28.07 -39.90 -1026 -1708 794 -16.06 -53.48 -1295 -325 209
