67.48 -4.11 491 -124 128 -25.89 -43.16 68 121 -108 -12.83 -51.19 12 -15 -47
67.52 -3.95 384 -182 138 -25.88 -43.20 88 126 -109 -12.84 -51.22 -1 -7 -51
67.50 -3.77 274 -126 63 -25.87 -43.23 71 120 -104 -12.83 -51.28 50 -60 6
67.56 -3.56 614 -115 134 -25.87 -43.26 51 98 -99 -12.83 -51.33 36 -158 78
67.67 -3.18 1001 -225 266 -25.87 -43.27 53 80 -106 -12.86 -51.39 68 -176 71
67.73 -2.62 1011 -330 282 -25.86 -43.27 66 72 -113 -12.94 -51.46 88 -140 -5
67.69 -2.01 387 -335 134 -25.84 -43.27 86 75 -122 -13.10 -52.32 142 -295 -47
67.57 -1.55 -490 -192 -72 -25.83 -43.26 78 69 -122 -13.33 -53.42 57 -208 -33
67.57 -1.55 -490 -192 -72 -25.83 -43.26 78 69 -122 -13.33 -53.42 57 -208 -33
67.17 -1.79 -1754 510 -498 -25.83 -43.27 96 14 -71 -13.57 -55.99 -60 -213 278
67.04 -2.62 -1755 723 -550 -25.85 -43.26 74 -25 -7 -13.50 -57.17 -75 -985 623
67.27 -3.46 69 576 79 -25.89 -43.18 6 -61 28 -13.42 -58.25 -197 -1376 622
67.74 -3.76 1682 -254 1076 -25.81 -43.10 7 -220 57 -13.54 -59.23 -311 -523 69
67.65 -3.52 1238 -448 895 -25.82 -42.94 -103 -224 -57 -13.57 -60.44 -479 653 -148
67.54 -3.20 735 -408 284 -25.80 -42.76 -1 -108 -110 -13.27 -61.69 -374 2329 -519
67.47 -2.88 287 -386 -225 -25.76 -42.55 -100 -283 13 -12.68 -63.65 303 4322 -917
67.44 -2.67 35 -378 -369 -25.69 -42.14 -205 -813 404 -12.31 -66.18 826 5177 -894
67.40 -2.65 374 -598 58 -25.60 -41.54 -245 -1065 464 -11.77 -68.84 478 2474 891
67.25 -2.52 315 -679 278 -25.52 -41.01 -227 -775 189 -11.02 -69.95 -629 89 1530
67.00 -2.30 -288 -456 182 -25.42 -40.62 -56 13 -253 -10.25 -71.16 -186 -508 646
