62.93 -1.70 136 -11 91 -27.01 -43.07 77 129 -112 -15.61 -50.67 6 30 -14
62.92 -1.70 106 -4 71 -27.00 -43.08 74 120 -124 -15.61 -50.67 5 27 -11
62.93 -1.70 99 -3 57 -26.99 -43.07 78 113 -129 -15.59 -50.67 -1 12 -18
62.95 -1.71 123 3 56 -26.98 -43.06 67 109 -121 -15.58 -50.67 6 -4 -18
62.96 -1.73 137 -13 81 -26.97 -43.04 41 69 -111 -15.57 -50.66 4 -4 -12
62.97 -1.73 146 -24 91 -26.96 -42.94 -144 -128 28 -15.57 -50.66 -11 6 -30
62.97 -1.74 154 -17 92 -26.99 -42.70 -270 -475 244 -15.56 -50.65 -3 -42 -14
62.97 -1.74 147 1 83 -27.01 -42.23 -290 -986 497 -15.55 -50.64 19 -139 11
62.98 -1.75 141 3 74 -27.10 -41.62 -221 -1080 455 -15.53 -50.64 -32 -427 106
62.99 -1.77 171 -22 89 -27.25 -40.97 -52 -796 253 -15.58 -50.80 -7 -875 57
62.99 -1.77 171 -22 89 -27.25 -40.97 -52 -796 253 -15.58 -50.80 -7 -875 57
62.99 -1.76 172 -33 111 -27.19 -40.35 317 335 -316 -15.99 -52.90 100 -637 -173
62.98 -1.74 226 -23 114 -27.11 -40.20 545 1116 -632 -16.22 -54.90 -5 76 -293
62.98 -1.70 291 -26 140 -27.05 -40.12 775 1788 -803 -16.25 -57.07 -171 1026 -227
62.99 -1.60 563 -70 236 -27.00 -40.18 1114 2330 -959 -15.92 -59.14 -58 2062 -181
63.05 -1.36 991 -173 356 -26.86 -40.74 1176 2117 -1090 -15.49 -61.21 391 3533 -516
63.09 -0.89 1205 -292 424 -26.66 -41.98 198 311 -500 -15.32 -63.62 370 3117 466
63.06 -0.25 952 -249 218 -26.60 -42.74 -1511 -1413 878 -14.84 -65.68 -457 1152 1838
62.97 0.36 450 -173 17 -26.61 -42.36 -1227 -1370 666 -14.28 -66.22 -451 -237 619
62.85 0.85 -96 -61 -135 -26.52 -41.94 -11 -519 -262 -14.00 -66.76 -240 -601 167
