62.93 2.13 -1434 454 -617 -26.76 -42.22 70 120 -109 -14.64 -53.13 5 8 -9
62.72 1.58 -2074 631 -788 -26.76 -42.22 64 122 -109 -14.64 -53.13 14 10 -10
62.56 0.55 -2099 757 -761 -26.75 -42.22 58 103 -116 -14.65 -53.12 20 15 -14
63.03 -0.48 184 44 596 -26.75 -42.21 48 58 -127 -14.66 -53.12 8 21 -9
63.34 -0.79 1699 -789 1444 -26.75 -42.21 64 14 -143 -14.66 -53.11 13 -17 14
63.14 -0.41 1319 -795 808 -26.78 -42.28 31 -79 -96 -14.67 -53.09 31 -75 31
62.96 0.07 505 -494 -78 -26.79 -42.35 5 -265 46 -14.70 -53.07 44 -128 13
62.90 0.34 101 -228 -420 -26.79 -42.26 -237 -724 424 -14.78 -53.06 -20 -179 -42
62.90 0.35 118 -231 -131 -26.88 -41.82 -364 -1074 625 -14.88 -53.23 32 -318 -43
62.84 0.47 108 -201 111 -26.97 -41.37 -297 -1020 444 -15.08 -53.71 86 -554 -40
62.77 0.71 181 -137 285 -26.93 -41.06 -222 -824 273 -15.37 -54.45 -40 -922 56
62.76 0.98 -88 23 187 -26.84 -40.72 -77 -359 39 -15.64 -55.57 -45 -984 25
62.74 1.09 -417 282 -143 -26.81 -40.30 160 458 -428 -15.89 -57.07 -105 -544 -117
62.79 0.96 -549 292 -213 -26.75 -39.81 557 1462 -684 -16.12 -58.85 -113 282 -266
62.85 0.65 -630 292 -276 -26.81 -39.21 1068 2436 -973 -16.20 -60.86 -64 1502 -308
62.92 0.19 -590 229 -215 -26.94 -38.69 1610 3114 -1462 -16.11 -63.02 389 3098 -312
63.03 -0.31 -300 111 5 -26.93 -38.89 1578 1940 -1773 -16.01 -65.32 780 4270 -96
63.17 -0.73 176 -2 258 -26.85 -40.15 -591 -516 -356 -15.90 -67.78 765 3824 875
63.27 -0.99 490 -23 329 -26.86 -40.44 -2107 -1959 982 -15.57 -69.71 -1004 131 2617
63.29 -1.15 463 12 221 -26.67 -39.87 -974 -1460 536 -15.25 -69.99 -728 -955 1189
