63.64 -1.68 171 -1 86 -26.87 -41.87 67 121 -112 -15.14 -53.16 79 197 -16
63.66 -1.67 183 -28 103 -26.87 -41.87 64 121 -113 -15.20 -53.29 40 122 37
63.66 -1.63 178 -35 105 -26.87 -41.87 67 125 -122 -15.25 -53.39 -14 21 38
63.68 -1.58 286 -74 135 -26.87 -41.87 68 124 -128 -15.31 -53.47 -68 -119 68
63.68 -1.51 302 -79 124 -26.87 -41.87 66 121 -119 -15.36 -53.55 -93 -227 78
63.69 -1.39 263 -49 92 -26.87 -41.87 73 113 -119 -15.40 -53.63 -74 -253 81
63.68 -1.29 135 5 41 -26.87 -41.86 65 105 -121 -15.44 -53.68 -38 -364 149
63.68 -1.25 36 32 19 -26.85 -41.86 63 96 -125 -15.48 -53.70 -29 -419 145
63.69 -1.22 113 -5 76 -26.84 -41.86 68 113 -130 -15.51 -53.74 -32 -364 51
63.70 -1.17 268 -68 162 -26.84 -41.86 91 128 -138 -15.61 -53.96 90 -158 -172
63.69 -1.07 362 -114 195 -26.84 -41.88 80 120 -126 -15.75 -54.67 180 43 -345
63.68 -0.90 366 -118 171 -26.84 -41.89 71 118 -119 -15.91 -55.96 155 231 -425
63.68 -0.71 341 -112 148 -26.83 -41.91 78 134 -114 -15.99 -57.74 12 425 -433
63.69 -0.49 411 -119 161 -26.82 -41.93 79 133 -121 -16.04 -59.78 31 1183 -498
63.68 -0.23 455 -140 183 -26.81 -41.94 73 112 -120 -15.95 -62.09 81 2124 -357
63.64 0.10 441 -153 162 -26.79 -41.97 50 99 -120 -15.59 -64.67 676 3858 -477
63.59 0.46 368 -130 109 -26.74 -42.07 56 32 -108 -15.29 -67.58 231 3029 393
63.54 0.84 298 -118 73 -26.70 -42.12 5 -3 -81 -14.82 -69.51 -1170 -30 2022
63.48 1.20 321 -122 64 -26.64 -42.21 31 37 -70 -13.89 -70.57 -651 -609 1078
63.43 1.60 364 -112 103 -26.57 -42.29 118 162 -87 -13.39 -71.11 -368 -610 343
