64.02 -1.85 190 30 82 -25.90 -43.22 -68 242 5 -15.43 -52.76 46 79 79
64.03 -1.84 185 12 114 -25.85 -43.27 -107 351 135 -15.43 -52.87 -27 115 93
64.02 -1.81 150 1 118 -25.87 -42.80 37 288 147 -15.42 -52.99 -95 121 117
64.02 -1.78 131 10 101 -25.90 -42.51 125 172 49 -15.38 -53.15 -146 155 160
64.03 -1.75 135 39 67 -25.97 -42.20 -28 -143 139 -15.20 -53.36 -11 284 222
64.06 -1.73 166 41 61 -26.13 -41.74 -100 -199 97 -14.96 -53.76 -116 94 259
64.08 -1.73 215 22 103 -26.34 -41.15 122 52 -69 -14.75 -54.17 -38 55 150
64.06 -1.72 194 14 153 -26.57 -40.46 332 428 -311 -14.63 -54.61 80 -7 81
64.01 -1.71 117 36 183 -26.88 -39.60 392 675 -500 -14.63 -55.02 228 -64 125
63.96 -1.72 33 99 167 -27.18 -38.77 259 637 -447 -14.58 -55.75 515 -72 195
63.93 -1.77 -57 146 98 -27.52 -38.05 123 415 -163 -14.61 -56.63 344 238 328
63.88 -1.89 -224 256 -40 -27.85 -37.18 -335 228 176 -14.55 -57.44 264 209 461
63.94 -2.08 197 138 79 -28.09 -35.95 -758 252 317 -14.36 -58.19 431 -126 614
63.92 -2.17 490 5 213 -28.20 -34.35 -751 542 96 -14.37 -58.68 278 -782 1034
63.76 -2.14 514 -68 294 -28.13 -32.75 242 1119 -1091 -14.63 -58.44 -30 -975 1278
63.52 -2.11 302 -69 248 -27.77 -32.48 2564 2647 -3481 -14.67 -57.52 -347 -640 1280
63.21 -2.16 24 1 135 -27.20 -34.55 1573 1506 -2159 -14.34 -55.96 -285 112 727
62.86 -2.35 -72 70 36 -26.94 -35.67 -579 -1556 643 -13.87 -54.20 -207 1227 -363
62.42 -2.64 -64 121 -4 -26.58 -36.26 -288 -1887 64 -13.35 -52.97 -19 2316 -1474
61.93 -3.00 498 75 314 -26.04 -37.10 96 -1645 -350 -12.97 -52.72 -165 1599 -2004
