62.59 0.42 116 16 53 -26.85 -40.76 80 134 -43 -16.23 -52.96 1 29 -1
62.62 0.43 130 15 73 -26.89 -41.05 -5 180 157 -16.27 -53.01 28 32 30
62.64 0.44 130 21 67 -26.92 -41.12 49 254 100 -16.29 -53.05 57 40 69
62.66 0.43 154 8 93 -26.97 -41.29 -72 254 29 -16.34 -53.11 80 50 119
62.66 0.43 179 -15 137 -26.97 -41.49 2 265 16 -16.42 -53.16 83 91 162
62.65 0.44 148 -49 162 -26.94 -41.70 -77 298 79 -16.53 -53.20 79 125 135
62.63 0.44 164 -47 168 -27.07 -41.22 -271 178 320 -16.67 -53.36 88 99 135
62.61 0.47 177 -30 133 -27.26 -40.57 -109 248 167 -16.78 -53.60 94 75 175
62.59 0.50 156 18 76 -27.46 -39.93 -70 212 82 -16.93 -53.83 29 212 280
62.59 0.52 148 58 81 -27.70 -39.20 -17 177 6 -17.02 -54.09 -30 220 336
62.59 0.55 177 89 115 -27.97 -38.40 203 198 -183 -17.05 -54.44 5 215 321
62.56 0.58 147 93 160 -28.31 -37.61 228 315 -285 -17.06 -54.87 60 148 301
62.49 0.57 139 71 175 -28.66 -36.87 172 430 -334 -16.94 -55.55 221 41 246
62.43 0.56 152 41 172 -28.89 -36.11 29 541 -244 -17.02 -56.18 150 -19 285
62.34 0.55 118 64 118 -29.09 -35.00 -168 600 -335 -17.02 -56.75 18 -135 500
62.23 0.50 -69 106 53 -29.20 -33.47 -163 641 -823 -16.89 -57.05 -169 -517 826
62.08 0.37 -210 224 2 -29.12 -32.07 931 1210 -1834 -16.50 -56.92 -86 -922 1172
61.96 0.19 -91 214 82 -28.53 -32.77 2946 2162 -2691 -15.96 -55.89 -160 -998 1101
61.78 -0.05 -55 120 172 -28.25 -34.67 115 -307 -128 -15.32 -54.07 -191 -149 237
61.47 -0.39 -5 -18 242 -28.01 -35.39 -271 -1582 974 -14.74 -52.28 -143 882 -772
