60.04 -0.46 183 157 298 -26.73 -40.89 66 136 -54 -16.30 -52.05 4 78 21
59.24 -1.05 258 476 -101 -26.70 -41.01 15 139 18 -16.29 -52.10 19 46 22
58.41 -1.65 62 809 -579 -26.69 -41.14 -6 162 142 -16.29 -52.14 46 36 16
57.56 -2.48 -828 1126 -1209 -26.69 -41.28 31 217 189 -16.30 -52.19 43 31 32
56.84 -3.67 -1090 1019 -1462 -26.68 -41.43 30 250 140 -16.33 -52.23 63 57 84
56.39 -5.09 -321 201 -360 -26.67 -41.69 -17 257 96 -16.39 -52.30 119 78 132
56.39 -5.09 -321 201 -360 -26.67 -41.69 -17 257 96 -16.39 -52.30 119 78 132
56.03 -6.15 2363 -1682 1855 -26.66 -41.67 -379 21 561 -16.59 -52.72 165 10 277
55.75 -5.72 1588 -1543 1128 -26.89 -40.88 -303 285 354 -16.81 -52.96 110 118 148
55.71 -5.21 622 -1079 79 -27.04 -40.11 -88 474 245 -17.09 -53.54 147 115 220
55.98 -4.78 390 -932 -376 -27.24 -39.12 -25 353 403 -17.27 -54.07 79 139 440
56.37 -4.26 188 -910 -540 -27.50 -37.76 -103 135 536 -17.30 -54.67 88 -87 827
56.72 -3.71 -226 -784 -591 -27.80 -36.10 -211 92 487 -16.93 -55.21 44 -941 1479
57.06 -3.29 -352 -685 -266 -28.07 -34.09 -124 296 -356 -16.41 -55.23 313 -1532 1621
57.47 -2.88 -143 -593 -71 -28.28 -32.07 686 1410 -2086 -16.11 -54.67 321 -1733 1446
57.64 -2.50 -150 -336 -18 -28.03 -31.88 2845 3039 -4002 -16.03 -53.21 108 -1262 978
57.90 -2.10 249 -182 76 -27.26 -34.70 2472 2081 -3246 -15.86 -50.96 -281 199 -76
57.90 -2.10 249 -182 76 -27.26 -34.70 2472 2081 -3246 -15.86 -50.96 -281 199 -76
58.62 -1.12 159 161 -15 -26.99 -36.89 -342 -1781 -209 -14.70 -46.93 -72 3064 -2151
59.02 -0.67 74 277 16 -26.64 -37.64 105 -1673 -700 -13.83 -46.13 334 3484 -2912
