61.04 0.94 361 -153 291 -27.52 -39.84 76 131 -111 -15.02 -49.16 -1201 -2092 448
60.98 1.04 262 -155 285 -27.52 -39.85 71 126 -121 -14.93 -48.76 -1229 -2089 329
60.88 1.10 4 -28 135 -27.52 -39.85 72 129 -127 -14.62 -48.32 -599 -1196 -192
60.61 0.93 -415 200 -146 -27.53 -39.84 73 123 -127 -14.48 -47.94 -31 -471 -680
60.18 0.43 -1168 691 -664 -27.53 -39.84 71 107 -118 -14.69 -47.64 250 -128 -809
59.78 -0.40 -1775 1271 -1373 -27.54 -39.83 62 113 -115 -15.03 -47.55 287 -342 -590
59.49 -1.65 -1592 1231 -1301 -27.55 -39.81 60 115 -125 -15.45 -47.58 -81 -777 -282
59.77 -2.88 1460 1 719 -27.55 -39.81 -6 112 -93 -15.96 -47.66 -518 -1008 151
59.82 -3.31 2321 -970 1620 -27.58 -39.83 -1 75 -93 -15.95 -47.57 -114 189 -287
59.46 -3.05 1231 -882 879 -27.54 -39.90 -43 43 -61 -16.03 -47.69 -1 1232 -565
59.37 -2.80 559 -638 186 -27.57 -39.88 -395 -217 139 -16.00 -48.03 149 1902 -680
59.37 -2.67 591 -522 -94 -27.58 -39.52 -592 -668 676 -15.88 -48.53 346 2163 -744
59.38 -2.46 750 -327 -149 -27.65 -38.72 -514 -728 801 -15.72 -49.28 458 1807 -488
59.60 -2.08 1028 -282 114 -27.86 -37.75 -440 -448 524 -15.49 -50.07 398 835 49
59.86 -1.45 1203 -285 426 -28.05 -36.62 -193 375 -310 -15.16 -50.60 93 -378 582
60.15 -0.74 793 -404 485 -28.12 -35.73 1290 1912 -1690 -14.99 -50.83 -92 -1142 734
60.17 -0.19 -531 -172 105 -27.90 -36.34 3950 4174 -3771 -15.03 -50.83 42 -1042 624
60.28 0.13 -861 8 -74 -27.75 -39.47 2030 2789 -1901 -15.14 -50.87 131 -312 189
60.34 0.31 -1082 267 -269 -27.99 -40.54 -782 -969 1434 -15.28 -51.07 261 315 -98
60.46 0.27 -926 373 -292 -27.90 -40.96 -453 -1374 509 -15.44 -51.42 160 178 177
