61.43 0.54 149 -11 75 -27.76 -40.51 78 116 -112 -16.30 -51.52 4 28 -11
61.43 0.54 149 -13 100 -27.77 -40.51 77 118 -115 -16.30 -51.52 11 26 -15
61.43 0.53 168 -8 112 -27.79 -40.51 83 121 -104 -16.30 -51.52 9 27 -15
61.43 0.54 180 3 97 -27.81 -40.49 76 127 -113 -16.31 -51.52 -12 20 -10
61.43 0.55 161 7 83 -27.80 -40.52 54 123 -95 -16.31 -51.52 -16 30 -11
61.43 0.53 134 -5 88 -27.80 -40.54 76 104 -109 -16.31 -51.51 -18 33 -8
61.43 0.52 130 -15 91 -27.81 -40.52 79 95 -107 -16.30 -51.51 -3 30 7
61.43 0.51 132 -9 83 -27.82 -40.52 64 96 -102 -16.29 -51.49 22 13 10
61.44 0.50 130 3 78 -27.81 -40.53 60 104 -89 -16.28 -51.47 24 -18 8
61.45 0.49 159 6 90 -27.84 -40.49 1 8 41 -16.30 -51.43 29 -6 -23
61.45 0.48 157 5 99 -27.90 -40.25 -137 -302 341 -16.32 -51.41 42 -13 -8
61.44 0.47 153 -14 119 -28.06 -39.53 -600 -893 1052 -16.36 -51.38 65 -79 65
61.42 0.47 143 -24 115 -28.34 -38.48 -459 -678 980 -16.35 -51.34 148 -429 351
61.42 0.47 141 -13 97 -28.72 -37.18 -352 18 431 -16.19 -51.22 126 -999 649
61.41 0.45 139 1 91 -29.16 -35.54 227 1404 -1112 -16.26 -50.86 140 -1429 877
61.40 0.45 166 11 85 -29.25 -34.84 3089 3567 -3425 -16.40 -50.23 244 -1487 1000
61.39 0.44 183 -12 99 -29.04 -37.26 4193 4829 -4841 -16.66 -49.30 421 -483 595
61.37 0.43 177 -38 126 -29.11 -39.21 -1942 -573 1185 -16.74 -48.36 611 1013 -79
61.34 0.44 149 -13 106 -28.82 -39.75 -719 -1304 297 -16.62 -47.38 268 2323 -804
61.32 0.44 146 -8 116 -28.62 -40.24 -520 -1327 -125 -15.94 -46.75 395 3411 -1648
