61.61 0.18 148 -4 94 -28.37 -40.18 43 137 -107 -17.79 -50.87 -43 26 -8
61.59 0.17 166 -27 100 -28.37 -40.20 66 156 -140 -17.74 -50.86 -1 21 -13
61.58 0.16 147 -35 86 -28.38 -40.20 62 156 -123 -17.69 -50.85 29 4 -17
61.57 0.15 130 -21 70 -28.38 -40.16 71 103 -75 -17.66 -50.83 44 43 -25
61.57 0.15 129 -2 74 -28.37 -40.20 42 113 -75 -17.65 -50.81 45 66 -28
61.57 0.14 154 4 104 -28.38 -40.19 92 132 -95 -17.65 -50.81 24 76 -30
61.56 0.13 179 7 102 -28.43 -40.16 90 143 -137 -17.65 -50.82 -19 41 -6
61.55 0.14 165 -2 100 -28.46 -40.18 85 144 -170 -17.63 -50.83 -26 23 11
61.54 0.12 167 -9 94 -28.46 -40.20 108 74 -103 -17.61 -50.86 2 23 23
61.53 0.11 176 -14 81 -28.48 -40.18 111 -87 48 -17.59 -50.89 6 41 -1
61.51 0.09 167 -14 76 -28.55 -39.97 -509 -780 761 -17.56 -50.95 18 30 -24
61.49 0.07 130 -15 90 -28.71 -38.88 -748 -1487 1394 -17.52 -51.01 1 -92 36
61.47 0.04 82 -3 83 -29.12 -37.60 -513 -1239 875 -17.37 -51.02 -42 -550 344
61.46 0.00 76 13 82 -29.47 -36.18 -309 -700 298 -17.19 -50.78 -221 -933 442
61.45 -0.05 121 17 93 -29.90 -34.62 137 374 -696 -17.08 -50.40 -223 -1226 519
61.43 -0.11 182 -18 130 -30.14 -33.50 1566 2155 -2373 -17.10 -49.76 -119 -1367 558
61.39 -0.16 181 -30 124 -30.24 -33.60 3476 4191 -4517 -17.21 -49.01 201 -753 241
61.34 -0.21 145 -26 106 -29.81 -36.82 4668 5358 -5796 -17.40 -48.25 366 212 -52
61.30 -0.24 124 11 58 -29.35 -39.96 -1673 -519 813 -17.30 -47.54 279 1278 -302
61.29 -0.27 182 41 53 -29.01 -40.48 -541 -1327 331 -16.69 -46.88 485 2354 -760
