62.12 1.38 1360 -344 486 -28.28 -40.10 73 101 -123 -16.52 -50.73 18 22 2
62.11 2.09 1359 -451 466 -28.28 -40.09 89 81 -99 -16.52 -50.73 4 27 -11
61.95 2.90 1119 -481 358 -28.29 -40.08 100 68 -82 -16.53 -50.72 1 34 -27
61.64 3.74 629 -405 180 -28.30 -40.07 205 64 -60 -16.53 -50.72 -31 24 -27
61.12 4.41 -447 -173 -92 -28.34 -40.06 130 46 -88 -16.53 -50.71 -24 6 -24
60.54 4.62 -1756 281 -589 -28.28 -40.34 110 36 -20 -16.53 -50.70 -1 -13 -15
60.03 4.25 -2869 792 -1197 -28.14 -40.81 1 29 92 -16.54 -50.67 21 -26 1
59.77 3.14 -2904 989 -1202 -27.90 -41.53 64 2 133 -16.56 -50.64 41 -58 11
60.18 1.86 -617 617 -189 -27.61 -42.52 154 -123 167 -16.63 -50.60 -14 -131 26
60.50 1.03 1381 -346 941 -27.20 -43.99 275 -381 222 -16.67 -50.55 33 -120 13
60.29 0.96 1319 -750 1020 -26.67 -46.07 359 -414 166 -16.70 -50.52 -22 -259 94
60.01 1.18 807 -778 561 -26.02 -48.75 114 -486 235 -16.74 -50.41 -30 -534 180
59.85 1.46 262 -665 98 -25.40 -51.08 -445 -947 816 -16.72 -50.25 -97 -1039 259
59.79 1.65 266 -434 -130 -24.97 -52.97 -700 -682 888 -16.87 -50.03 -115 -1434 333
59.74 1.75 300 -283 -62 -24.39 -54.79 -283 1230 68 -16.97 -49.75 -225 -1761 551
59.71 1.96 387 -247 179 -23.44 -57.05 1237 4135 -850 -17.01 -49.14 -88 -1772 515
59.55 2.27 -350 42 -40 -21.98 -60.51 2390 6586 -1448 -17.17 -48.29 -42 -1100 192
59.60 2.38 -701 238 -89 -20.89 -63.08 516 3630 294 -17.31 -47.46 131 315 -206
59.70 2.26 -974 375 -186 -19.81 -64.89 -643 844 1457 -17.20 -46.72 370 1944 -539
59.84 1.94 -1177 453 -335 -19.25 -66.13 -408 43 361 -16.60 -46.31 969 3381 -990
