67.59 -3.98 1214 -267 363 -23.99 -40.93 1310 2705 -663 -13.28 -50.38 -11 -46 5
67.67 -3.33 1214 -421 391 -24.17 -40.81 1587 2595 -1319 -13.27 -50.36 19 -56 -10
67.68 -2.61 679 -373 193 -24.10 -42.11 392 -125 -636 -13.29 -50.36 -18 -149 25
67.70 -1.98 79 -243 -12 -24.31 -42.69 -2173 -2080 731 -13.32 -50.34 17 -82 -8
67.72 -1.49 -44 -195 -30 -24.24 -42.22 -1557 -1628 438 -13.33 -50.34 58 -107 -9
67.69 -1.08 31 -161 -1 -23.91 -41.98 321 -559 -369 -13.38 -50.40 48 -419 -15
67.66 -0.67 21 -84 -35 -23.87 -42.02 451 -463 -365 -13.47 -51.07 76 -943 130
67.57 -0.30 -267 8 -116 -23.99 -41.99 110 -657 -84 -13.70 -52.26 -23 -1251 201
67.43 -0.13 -855 209 -270 -24.19 -41.84 -221 -628 65 -14.06 -53.81 -153 -665 -42
67.30 -0.35 -1418 421 -366 -24.36 -41.51 -284 -386 -131 -14.28 -55.71 -116 24 -47
67.14 -1.07 -1966 603 -555 -24.51 -40.96 -287 411 -238 -14.16 -57.74 -28 324 73
66.98 -2.23 -1571 818 -452 -24.53 -40.51 334 991 -454 -13.96 -59.73 79 520 228
67.44 -3.07 1147 -70 810 -24.59 -40.21 328 1241 -603 -13.84 -61.47 -9 759 322
67.57 -3.16 1901 -779 1309 -24.69 -39.91 415 1277 -490 -13.65 -63.03 -129 1333 276
67.32 -2.80 1083 -724 642 -24.83 -39.68 594 1302 -524 -13.26 -64.58 11 2177 219
67.19 -2.41 404 -569 -73 -24.97 -39.71 666 1076 -565 -12.79 -66.30 419 3688 -124
67.22 -2.14 293 -347 -391 -25.10 -39.96 396 596 -363 -12.52 -68.53 1184 5330 -643
67.35 -2.07 841 -489 3 -25.19 -40.26 78 -53 104 -12.33 -71.26 337 2193 1251
67.20 -1.85 698 -535 226 -25.26 -40.33 -36 -379 251 -11.80 -71.76 -903 -505 1540
66.98 -1.44 162 -384 254 -25.30 -40.39 59 -308 56 -11.30 -72.38 -607 -1184 387
