61.51 1.14 1288 -392 563 -27.33 -43.24 71 118 -125 -15.62 -47.48 154 2037 -984
61.59 1.97 1223 -384 480 -27.33 -43.24 75 127 -117 -15.61 -48.02 -548 -455 104
61.55 2.83 801 -234 181 -27.33 -43.23 71 124 -111 -15.74 -47.98 -1081 -1978 824
61.55 3.60 399 -86 -78 -27.32 -43.23 76 128 -120 -15.73 -47.32 -1067 -1741 456
61.53 4.22 80 46 -242 -27.32 -43.24 88 87 -109 -15.71 -46.71 -449 -1137 -39
61.42 4.70 -476 244 -447 -27.33 -43.24 89 10 -119 -15.91 -46.12 -129 -698 -236
61.23 4.90 -1365 534 -763 -27.36 -43.24 122 -7 -115 -16.09 -45.64 -77 -392 -273
61.01 4.49 -2422 745 -960 -27.35 -43.37 229 25 -150 -16.42 -45.24 -192 -468 124
61.00 3.33 -2023 499 -567 -27.38 -43.51 75 -306 -28 -16.55 -44.71 -102 270 -159
61.00 3.33 -2023 499 -567 -27.38 -43.51 75 -306 -28 -16.55 -44.71 -102 270 -159
61.33 1.26 1085 -592 1051 -27.54 -44.01 -350 -1253 412 -16.96 -44.21 32 1821 -837
61.14 1.14 1314 -922 1195 -27.60 -44.44 -168 -839 318 -17.03 -44.44 356 1783 -759
60.94 1.39 976 -834 756 -27.29 -45.85 163 -191 37 -16.90 -44.81 314 1416 -481
60.75 1.72 589 -638 283 -26.71 -47.78 561 393 87 -16.42 -45.29 314 876 -251
60.67 1.96 417 -401 1 -26.04 -50.29 908 1362 -291 -15.89 -45.80 358 319 -153
60.59 2.13 427 -293 47 -25.02 -53.73 1273 2845 -781 -15.60 -46.35 312 -125 -56
60.50 2.37 420 -355 323 -23.64 -57.56 1419 4330 -918 -15.51 -46.92 232 -402 68
60.22 2.67 -463 -58 -11 -22.85 -59.64 -1486 918 1874 -15.55 -47.41 158 -390 62
60.12 2.69 -955 98 -102 -21.92 -61.39 -1276 1788 1221 -15.72 -47.91 85 -356 10
60.12 2.49 -1389 290 -277 -21.28 -62.18 -673 475 1098 -15.95 -48.42 58 -409 142
