61.74 -0.82 119 8 89 -27.49 -42.94 77 132 -130 -16.63 -49.24 29 29 -24
61.73 -0.82 144 11 88 -27.49 -42.93 83 130 -123 -16.63 -49.24 7 20 -18
61.74 -0.82 176 5 90 -27.49 -42.93 77 118 -127 -16.63 -49.24 4 27 -24
61.74 -0.81 160 3 87 -27.49 -42.93 81 108 -121 -16.63 -49.24 5 22 -20
61.74 -0.80 150 2 82 -27.49 -42.92 92 112 -113 -16.63 -49.23 13 24 -21
61.74 -0.80 139 -2 90 -27.50 -42.93 149 80 -62 -16.63 -49.22 4 16 -11
61.74 -0.80 127 -7 97 -27.56 -42.97 157 -47 44 -16.62 -49.22 -17 8 -18
61.74 -0.81 134 -25 108 -27.44 -43.44 306 -244 232 -16.64 -49.21 -33 27 -32
61.73 -0.81 171 -28 105 -27.27 -44.43 475 -467 357 -16.63 -49.21 -8 31 -35
61.73 -0.81 169 -20 91 -27.02 -46.13 406 -546 232 -16.65 -49.21 17 -66 -12
61.73 -0.81 154 -17 90 -26.70 -48.30 23 -336 61 -16.66 -49.23 -14 -254 28
61.72 -0.82 152 -19 101 -26.29 -50.50 -418 -527 312 -16.67 -49.22 -26 -647 193
61.71 -0.81 154 -12 94 -25.90 -52.19 -813 -736 518 -16.74 -49.08 -34 -1106 247
61.72 -0.80 161 -8 81 -25.48 -53.65 -421 11 119 -17.11 -48.84 -39 -1050 168
61.72 -0.80 171 -21 102 -24.77 -55.71 174 1535 -306 -17.39 -48.62 -111 -1165 344
61.71 -0.79 176 -33 113 -23.69 -58.23 1128 3906 -866 -17.53 -48.26 -259 -1260 485
61.70 -0.77 167 -21 113 -22.13 -61.75 2340 6204 -1173 -17.63 -47.66 -205 -888 284
61.68 -0.74 164 3 91 -20.81 -64.54 -160 3030 711 -17.79 -47.07 -8 -25 -141
61.68 -0.74 164 3 91 -20.81 -64.54 -160 3030 711 -17.79 -47.07 -8 -25 -141
61.70 -0.62 414 -32 174 -19.11 -67.10 -533 162 632 -17.39 -46.29 782 2526 -767
