61.48 -0.25 159 -4 72 -27.26 -44.22 67 134 -116 -16.38 -49.09 18 26 -17
61.49 -0.25 163 -1 77 -27.27 -44.23 80 122 -106 -16.36 -49.08 -8 27 -20
61.49 -0.26 140 -3 93 -27.26 -44.25 82 126 -79 -16.32 -49.05 -8 20 -20
61.49 -0.26 104 -4 95 -27.26 -44.29 80 121 -54 -16.28 -49.03 -4 27 -37
61.49 -0.27 137 -7 98 -27.26 -44.34 88 125 -16 -16.24 -49.02 19 23 -24
61.49 -0.27 165 -11 95 -27.31 -44.35 64 99 46 -16.20 -49.00 51 -1 -1
61.50 -0.27 157 -8 83 -27.43 -44.30 -124 -15 303 -16.19 -48.96 49 -30 43
61.50 -0.26 164 -11 85 -27.53 -44.10 -317 -374 788 -16.16 -48.88 16 -128 139
61.50 -0.25 164 2 75 -27.85 -43.31 -870 -816 1034 -16.10 -48.60 -114 -315 326
61.50 -0.25 164 2 75 -27.85 -43.31 -870 -816 1034 -16.10 -48.60 -114 -315 326
61.50 -0.23 161 -8 91 -28.53 -41.13 -343 42 -69 -15.68 -47.40 -163 -254 367
61.49 -0.23 138 -15 97 -28.85 -40.06 127 771 -556 -15.36 -46.25 -231 -325 406
61.49 -0.23 137 -19 98 -29.18 -39.01 539 1369 -990 -15.11 -44.45 -286 -96 52
61.48 -0.24 159 -37 127 -29.39 -38.40 1304 1705 -1282 -14.92 -42.32 -144 248 -330
61.46 -0.24 179 -25 111 -29.55 -38.47 1973 1486 -1530 -14.70 -39.82 -28 787 -859
61.43 -0.23 168 -14 118 -29.27 -39.68 593 -723 -479 -14.53 -37.02 336 1712 -2023
61.40 -0.24 156 3 109 -29.34 -40.03 -1243 -2249 513 -14.93 -35.01 1261 3272 -4709
61.40 -0.24 156 3 109 -29.34 -40.03 -1243 -2249 513 -14.93 -35.01 1261 3272 -4709
58.97 -1.80 -145 429 -265 -29.52 -38.99 437 -586 -317 -15.28 -37.86 -1236 -1642 198
59.38 -1.76 254 144 70 -29.68 -38.35 845 -132 -616 -15.07 -37.79 -931 -1672 -160
