59.70 -1.78 350 -159 265 -28.45 -42.91 110 102 -55 -16.12 -48.37 -8 123 -29
59.25 -2.03 206 -204 280 -28.46 -43.03 115 120 -16 -16.16 -48.33 -12 123 -43
58.64 -2.44 -301 -109 106 -28.50 -43.16 91 178 1 -16.19 -48.31 47 82 -26
57.80 -3.10 -985 360 -442 -28.55 -43.28 62 192 -1 -16.23 -48.29 95 -10 15
56.95 -4.04 -1383 1018 -946 -28.63 -43.39 51 154 -38 -16.30 -48.23 86 -48 46
56.37 -5.25 -816 1180 -793 -28.67 -43.52 72 74 -49 -16.36 -48.12 47 -57 92
56.37 -5.25 -816 1180 -793 -28.67 -43.52 72 74 -49 -16.36 -48.12 47 -57 92
56.02 -7.49 1815 -422 1101 -28.81 -43.71 -221 -320 394 -16.36 -47.47 -55 122 -29
56.23 -7.49 2518 -955 1195 -29.02 -43.35 -439 -387 416 -16.36 -47.01 -103 -148 104
55.95 -7.04 1370 -576 149 -29.26 -42.79 -376 -174 198 -16.29 -46.36 -191 -436 242
55.78 -6.62 524 -267 -382 -29.49 -42.10 -183 239 -2 -16.21 -45.51 -103 -462 173
56.02 -6.35 393 -277 -135 -29.80 -41.12 -138 913 -307 -16.17 -44.46 18 -451 175
56.43 -5.88 649 -465 382 -30.08 -39.93 226 1535 -690 -16.12 -43.09 47 -499 245
56.94 -5.13 844 -691 818 -30.22 -39.01 1181 1997 -1262 -16.07 -41.32 75 -310 73
57.23 -4.14 119 -459 427 -30.31 -38.99 1810 1996 -1478 -16.04 -39.15 21 461 -557
57.36 -3.36 -736 22 -94 -30.21 -40.04 543 -660 -602 -16.00 -36.57 -12 1434 -1372
57.66 -2.89 -958 297 -367 -30.11 -40.37 -962 -2027 144 -15.99 -33.94 460 2749 -3411
58.02 -2.65 -672 386 -389 -29.75 -40.62 80 -1135 -59 -16.48 -33.29 1482 3669 -5479
58.34 -2.52 -341 374 -290 -29.79 -40.59 -15 -1073 31 -16.93 -35.05 163 636 -1323
58.57 -2.46 -85 231 -104 -29.79 -40.27 325 -796 -134 -15.73 -35.56 -613 -1858 115
