60.94 -0.76 134 -26 134 -29.10 -42.00 57 91 -112 -17.77 -45.83 -45 24 8
60.94 -0.76 134 -26 134 -29.10 -42.00 57 91 -112 -17.77 -45.83 -45 24 8
60.94 -0.75 150 -11 95 -29.08 -42.02 94 103 -98 -17.60 -45.35 11 -32 13
60.94 -0.76 174 -13 82 -29.09 -42.02 90 150 -141 -17.49 -44.68 -121 -326 280
60.94 -0.76 181 -18 82 -29.10 -42.04 110 176 -140 -17.45 -43.55 102 -235 52
60.94 -0.76 158 -20 89 -29.11 -42.06 93 169 -133 -17.38 -42.23 34 -625 374
60.94 -0.76 145 -33 115 -29.11 -42.09 96 157 -130 -17.21 -40.29 -158 -1051 611
60.93 -0.76 128 -36 115 -29.11 -42.11 66 122 -118 -17.12 -37.95 -254 -911 178
60.91 -0.77 158 -44 129 -29.12 -42.12 74 115 -121 -17.18 -35.61 -230 -378 -565
60.90 -0.77 191 -60 140 -29.11 -42.12 105 139 -157 -17.17 -33.60 -5 -90 -919
60.85 -0.78 153 -43 106 -29.11 -42.15 72 142 -131 -17.05 -31.84 40 -150 -793
60.80 -0.82 173 -59 133 -29.10 -42.19 72 137 -99 -16.94 -30.11 28 -146 -756
60.73 -0.87 229 -117 247 -29.07 -42.22 86 143 -90 -16.90 -28.41 160 196 -1000
60.65 -0.90 232 -106 269 -29.06 -42.25 74 126 -107 -16.91 -26.80 326 694 -1449
60.56 -0.89 215 2 127 -29.06 -42.25 76 115 -117 -16.87 -25.56 513 1277 -2054
60.50 -0.92 148 41 22 -29.06 -42.25 80 111 -125 -16.98 -25.07 1042 2184 -3658
60.44 -1.05 164 -52 89 -29.06 -42.24 74 109 -128 -17.87 -26.72 2013 3647 -6519
60.30 -1.19 312 -173 227 -29.06 -42.23 73 120 -130 -19.27 -31.09 113 1316 -2768
60.14 -1.25 270 -154 211 -29.06 -42.20 48 138 -94 -17.74 -32.05 -708 -1982 -35
59.92 -1.28 83 -21 46 -29.06 -42.14 11 68 -3 -17.56 -32.03 -1083 -1851 -326
