61.57 -0.59 166 -15 112 -28.49 -42.27 70 100 -132 -18.14 -50.40 3 48 -9
61.56 -0.58 167 -13 98 -28.48 -42.26 77 93 -121 -18.10 -50.42 -3 39 -29
61.56 -0.58 167 -13 98 -28.48 -42.26 77 93 -121 -18.10 -50.42 -3 39 -29
61.58 -0.56 131 -8 72 -28.49 -42.21 65 18 -66 -18.00 -50.43 9 24 -57
61.58 -0.56 131 -8 72 -28.49 -42.21 65 18 -66 -18.00 -50.43 9 24 -57
61.60 -0.54 142 -23 95 -28.50 -41.86 -263 -667 410 -17.88 -50.42 29 -4 -34
61.60 -0.54 136 -17 87 -28.62 -41.33 -363 -1070 604 -17.87 -50.40 35 -37 -6
61.61 -0.55 114 -16 83 -28.81 -40.63 -343 -951 441 -17.85 -50.37 46 -110 43
61.62 -0.56 129 -18 106 -29.01 -39.98 -282 -533 50 -17.82 -50.28 -35 -473 236
61.62 -0.55 161 -2 93 -29.09 -39.29 -9 67 -270 -17.68 -49.98 -160 -1295 720
61.63 -0.55 183 -4 99 -29.17 -38.63 92 703 -513 -17.57 -49.40 -199 -1416 561
61.63 -0.56 187 -14 90 -29.13 -38.02 303 1307 -800 -17.54 -48.73 -370 -1247 397
61.64 -0.55 153 -15 93 -28.96 -37.53 761 1876 -915 -17.49 -47.96 -304 -501 -104
61.65 -0.55 138 -12 101 -28.79 -37.34 1327 2179 -1028 -17.41 -47.40 -95 371 -518
61.65 -0.55 166 -22 119 -28.73 -37.58 1622 1865 -1202 -17.20 -47.02 12 1080 -662
61.65 -0.53 168 -8 125 -28.40 -39.02 1065 -315 -556 -16.92 -46.79 285 2256 -1309
61.65 -0.51 179 -10 117 -28.47 -40.12 -1394 -1936 779 -16.81 -47.20 1040 4329 -2844
61.66 -0.49 216 -15 122 -28.50 -40.03 -1714 -2028 1163 -17.44 -49.11 2002 5950 -4547
61.65 -0.46 314 -59 166 -28.41 -39.58 -232 -775 178 -17.55 -52.80 -961 1824 -332
61.65 -0.36 591 -95 237 -28.48 -39.36 601 288 -681 -16.53 -53.82 -671 680 -654
