61.73 0.71 63 -59 64 -27.79 -42.84 93 38 -95 -16.58 -51.18 1 9 -6
61.75 1.05 213 -38 108 -27.88 -42.74 -185 -419 261 -16.54 -51.14 12 -21 -3
61.72 1.21 11 46 21 -27.97 -42.42 -388 -602 420 -16.53 -51.10 20 -32 15
61.59 1.22 -429 247 -141 -28.10 -41.91 -148 -357 157 -16.52 -51.04 -6 -145 72
61.44 0.83 -907 416 -332 -28.19 -41.54 31 -112 -85 -16.48 -50.89 -167 -501 424
61.17 0.00 -1322 538 -563 -28.28 -41.15 52 22 -202 -16.33 -50.45 -133 -621 261
60.93 -1.10 -1396 732 -762 -28.37 -40.75 29 22 -174 -16.31 -50.01 -190 -587 206
61.46 -2.02 1096 127 524 -28.45 -40.28 -41 -115 -43 -16.22 -49.45 -167 -639 244
61.92 -2.20 2685 -744 1461 -28.54 -39.69 -93 -144 -39 -16.14 -48.77 -40 -319 -17
61.55 -1.76 1818 -732 932 -28.63 -39.06 29 114 -159 -16.14 -48.17 -69 28 -267
61.25 -1.17 505 -414 21 -28.70 -38.42 197 751 -411 -16.07 -47.73 -13 68 -282
61.14 -0.80 -495 -190 -498 -28.71 -37.91 688 1641 -836 -15.98 -47.28 -25 -73 -181
61.17 -0.70 -573 -102 -461 -28.49 -37.83 1627 2364 -1094 -15.90 -46.78 -56 -96 -151
61.21 -0.68 -267 -161 -24 -28.38 -38.27 1882 2603 -1434 -15.79 -46.27 -57 168 -249
61.25 -0.50 248 -217 437 -28.16 -39.65 1659 129 -1054 -15.73 -45.77 271 1285 -878
61.35 -0.08 543 -271 602 -28.21 -41.02 -1449 -2000 753 -15.98 -45.85 1217 3718 -2743
61.35 -0.08 543 -271 602 -28.21 -41.02 -1449 -2000 753 -15.98 -45.85 1217 3718 -2743
61.31 0.64 -326 247 -190 -28.25 -40.24 -397 -1107 387 -17.68 -50.62 736 2635 -1977
61.37 0.59 -530 323 -336 -28.37 -39.96 476 93 -570 -16.93 -52.29 -1344 -737 364
61.49 0.36 -580 319 -347 -28.49 -39.90 431 268 -565 -16.27 -52.70 -966 -698 -320
