62.10 0.16 321 -133 195 -27.89 -42.69 34 -19 -64 -16.85 -50.25 -27 17 2
62.04 0.33 -16 -96 110 -27.93 -42.57 50 -60 -18 -16.83 -50.21 -13 -37 33
61.92 0.35 -542 69 -112 -27.99 -42.38 -78 -118 21 -16.80 -50.15 -15 -68 30
61.77 0.04 -977 206 -279 -28.08 -42.08 -45 -122 -5 -16.78 -50.07 -2 -121 35
61.68 -0.56 -1037 447 -401 -28.14 -41.78 -70 -194 8 -16.77 -49.96 15 -239 141
61.64 -1.46 -341 430 -163 -28.24 -41.40 -77 -266 51 -16.63 -49.72 7 -310 162
61.37 -2.40 150 574 -185 -28.34 -40.96 -73 -300 61 -16.66 -49.47 13 -153 28
61.70 -2.95 2728 -105 1180 -28.48 -40.40 -206 -191 -10 -16.64 -49.22 26 -406 225
61.90 -2.67 3138 -699 1488 -28.63 -39.76 -201 284 -314 -16.63 -48.76 -43 -656 361
61.27 -2.02 1466 -475 428 -28.65 -39.21 285 1081 -774 -16.63 -48.09 -140 -773 371
60.77 -1.45 -480 -98 -624 -28.45 -39.17 878 2074 -1554 -16.59 -47.27 -259 -760 259
60.50 -1.26 -1754 28 -1167 -27.94 -40.27 1540 2415 -1693 -16.48 -46.36 -289 -607 145
60.46 -1.43 -2221 -109 -1100 -27.48 -42.00 1309 1548 -459 -16.31 -45.42 -294 -49 -159
60.53 -1.81 -2121 -66 -782 -27.56 -42.68 -610 -1195 1447 -16.04 -44.61 -311 927 -704
60.69 -2.22 -1093 83 -139 -27.20 -43.00 -516 -2803 2203 -15.56 -44.17 1 2065 -1445
61.12 -2.54 718 -149 895 -27.20 -42.26 -1644 -2946 2101 -15.16 -44.56 420 3800 -3194
61.53 -2.37 1783 -364 1185 -27.66 -40.72 -1004 -1618 1093 -15.84 -46.93 1819 6240 -5999
61.62 -1.74 1608 -259 765 -27.91 -39.40 500 1 -423 -16.65 -51.99 -380 2836 -1855
61.58 -1.12 807 -32 194 -28.28 -38.26 801 882 -1471 -16.05 -54.67 -501 1765 -1301
61.48 -0.90 -148 323 -384 -28.67 -37.26 661 1167 -2027 -15.40 -57.17 -95 588 -36
