63.32 -1.30 154 18 81 -26.28 -41.89 90 149 -115 -14.89 -49.38 46 -2 -27
63.32 -1.30 154 18 81 -26.28 -41.89 90 149 -115 -14.89 -49.38 46 -2 -27
63.34 -1.31 126 6 73 -26.30 -41.90 74 134 -115 -14.93 -49.37 -11 27 -44
63.35 -1.33 142 -10 86 -26.31 -41.89 79 115 -99 -14.94 -49.37 -5 31 -40
63.36 -1.33 174 -35 121 -26.32 -41.89 72 118 -92 -14.94 -49.39 17 -4 -22
63.34 -1.34 150 -38 118 -26.35 -41.88 63 140 -103 -14.93 -49.41 31 -144 67
63.34 -1.34 141 -30 105 -26.36 -41.89 54 150 -122 -14.92 -49.43 107 -226 49
63.34 -1.34 161 -8 78 -26.35 -41.91 71 159 -123 -15.07 -49.74 231 32 -313
63.34 -1.34 161 -8 78 -26.35 -41.91 71 159 -123 -15.07 -49.74 231 32 -313
63.35 -1.36 142 4 72 -26.33 -41.93 73 137 -98 -15.52 -51.64 175 -217 -27
63.35 -1.36 164 -6 90 -26.34 -41.92 65 115 -96 -15.66 -53.34 293 -285 -86
63.35 -1.36 157 -28 107 -26.34 -41.92 75 115 -95 -15.85 -55.81 278 -105 -137
63.35 -1.37 140 -29 111 -26.35 -41.92 72 126 -100 -16.13 -58.58 -16 560 -289
63.35 -1.38 157 -40 124 -26.36 -41.92 67 131 -106 -16.15 -61.61 -123 1342 -20
63.35 -1.38 166 -13 111 -26.36 -41.93 84 132 -101 -15.77 -64.44 -133 1843 687
63.35 -1.37 203 18 82 -26.37 -41.94 77 137 -104 -15.05 -66.63 -96 1257 1455
63.36 -1.36 265 7 101 -26.37 -41.95 101 127 -81 -14.36 -68.32 1006 3963 141
63.37 -1.33 342 -20 125 -26.36 -41.98 35 108 -100 -14.44 -69.25 -892 754 1536
63.38 -1.25 420 -58 158 -26.39 -41.98 62 116 -105 -13.98 -69.54 -658 168 686
63.38 -1.13 388 -71 137 -26.39 -41.98 95 118 -88 -13.52 -69.92 -482 -187 157
