63.43 -1.88 187 4 61 -26.54 -41.71 88 124 -108 -15.04 -50.64 -12 27 -9
63.43 -1.88 187 4 61 -26.54 -41.71 88 124 -108 -15.04 -50.64 -12 27 -9
63.44 -1.86 154 1 76 -26.58 -41.72 51 38 -111 -15.07 -50.66 43 11 -32
63.44 -1.87 132 -22 109 -26.60 -41.74 62 -26 -162 -15.11 -50.75 106 -34 4
63.43 -1.87 140 -27 119 -26.62 -41.80 -6 -101 -78 -15.18 -50.93 127 -87 88
63.43 -1.87 174 -25 102 -26.62 -41.82 69 -80 -21 -15.26 -51.05 114 -19 73
63.42 -1.87 152 -20 92 -26.54 -41.98 -32 -344 219 -15.40 -51.10 -31 -20 22
63.42 -1.87 150 -5 83 -26.54 -41.87 -286 -547 388 -15.56 -51.20 30 -94 -57
63.43 -1.87 191 3 75 -26.50 -41.77 -91 -581 443 -15.75 -51.59 17 -127 -117
63.43 -1.87 173 -1 79 -26.47 -41.70 -30 -286 331 -15.99 -52.39 160 -121 -126
63.43 -1.88 171 -18 107 -26.53 -41.46 255 721 -149 -16.27 -53.69 342 -232 -109
63.41 -1.89 151 -17 105 -26.56 -41.13 716 1895 -692 -16.61 -55.51 347 -422 33
63.40 -1.89 132 -19 106 -26.61 -40.80 1040 2147 -1270 -16.98 -57.68 66 -413 -17
63.40 -1.89 154 -10 94 -26.58 -40.88 879 1533 -1162 -17.37 -60.27 -294 662 -458
63.40 -1.89 188 -1 89 -26.63 -41.44 -493 -219 -301 -17.30 -63.29 -520 2067 -290
63.40 -1.89 213 -4 95 -26.64 -41.44 -1240 -1332 460 -16.67 -66.21 -77 2959 357
63.40 -1.89 201 -7 103 -26.50 -41.04 -569 -1143 249 -15.85 -68.72 -315 1882 1390
63.38 -1.87 170 16 67 -26.42 -40.69 185 -929 90 -14.72 -70.82 404 2802 1053
63.38 -1.86 224 -50 148 -26.64 -40.23 -105 -771 56 -14.28 -71.82 -794 107 1561
63.38 -1.81 344 -101 204 -26.76 -39.69 -48 -584 23 -13.60 -72.41 -483 -555 660
