67.33 -4.93 176 -14 78 -25.60 -42.24 79 127 -120 -12.44 -50.68 15 12 -20
67.34 -4.96 181 -23 76 -25.58 -42.24 70 112 -113 -12.45 -50.69 94 -181 43
67.34 -4.96 191 -30 94 -25.58 -42.24 71 111 -108 -12.51 -50.74 62 -285 53
67.34 -4.96 175 -20 75 -25.58 -42.25 69 117 -114 -12.65 -50.83 26 -357 50
67.35 -4.96 163 -19 74 -25.57 -42.25 67 112 -119 -12.89 -51.44 346 8 -322
67.36 -4.97 156 -19 78 -25.57 -42.26 64 89 -117 -13.24 -52.65 20 -445 -72
67.37 -4.98 171 -31 92 -25.56 -42.25 57 40 -114 -13.53 -54.15 -73 -554 78
67.37 -4.99 174 -31 87 -25.55 -42.25 100 -80 -62 -13.69 -55.71 -237 -581 275
67.38 -5.00 167 -27 88 -25.59 -42.35 277 -66 -137 -13.76 -57.23 -170 -135 154
67.38 -5.01 192 -28 91 -25.61 -42.61 -32 -147 34 -13.75 -58.96 -3 301 116
67.39 -5.02 194 -24 83 -25.56 -42.69 -182 -429 232 -13.66 -60.61 22 457 340
67.39 -5.03 197 -44 96 -25.56 -42.51 -406 -778 440 -13.55 -61.89 -81 696 429
67.39 -5.03 207 -62 126 -25.46 -42.37 -239 -696 280 -13.38 -62.94 24 1061 275
67.37 -5.01 210 -56 111 -25.30 -42.25 -177 -394 -17 -13.18 -64.11 70 1296 248
67.36 -4.99 186 -38 87 -25.12 -42.17 16 -72 -128 -12.93 -65.23 85 1800 69
67.35 -4.97 178 -21 76 -24.93 -42.08 145 136 -164 -12.73 -66.65 541 3546 -635
67.35 -4.96 258 -41 91 -24.84 -41.81 169 330 -244 -12.67 -68.85 -22 2039 689
67.34 -4.93 357 -71 101 -24.79 -41.49 218 565 -374 -12.15 -70.50 -1085 -452 2002
67.35 -4.83 443 -85 97 -24.73 -41.23 343 747 -410 -11.62 -70.97 -445 -879 1043
67.38 -4.68 510 -129 138 -24.69 -41.01 427 874 -349 -11.29 -71.39 -522 -956 328
