63.61 -0.94 1041 -280 394 -26.54 -42.18 52 74 -109 -15.88 -51.77 -35 5 -25
63.59 -0.33 1200 -351 392 -26.52 -42.18 41 53 -117 -15.88 -51.77 14 5 -15
63.51 0.44 1092 -362 298 -26.54 -42.19 34 43 -112 -15.88 -51.76 30 19 -2
63.32 1.21 520 -240 71 -26.55 -42.16 -60 -125 4 -15.88 -51.75 15 29 -9
63.07 1.80 -430 48 -232 -26.56 -42.00 -70 -360 192 -15.89 -51.75 -19 -11 -1
62.84 1.96 -1353 330 -537 -26.57 -41.76 -172 -831 396 -15.89 -51.73 -44 -32 -15
62.65 1.55 -2078 621 -857 -26.67 -41.28 -342 -1123 587 -15.91 -51.73 -25 -42 -17
62.48 0.54 -2340 752 -958 -26.75 -40.79 -355 -1025 386 -15.94 -51.73 19 -93 -6
62.57 -0.69 -1275 724 -457 -26.62 -40.48 -90 -583 136 -15.96 -51.78 98 -293 27
63.34 -1.53 1720 -592 1357 -26.58 -40.16 157 172 -130 -16.10 -52.06 263 -552 -98
63.32 -1.41 2132 -1066 1484 -26.59 -39.73 445 1367 -675 -16.43 -53.02 219 -1077 61
62.95 -0.78 1171 -710 404 -26.58 -39.40 918 2472 -1109 -16.75 -54.42 50 -1502 358
62.78 -0.29 147 -338 -356 -26.54 -39.16 1675 3145 -1470 -17.06 -56.02 -165 -999 208
62.78 -0.16 3 -170 -353 -26.55 -39.29 1684 2766 -1714 -17.38 -57.63 -457 222 10
62.84 -0.19 248 -252 61 -26.50 -40.33 300 -213 -491 -17.25 -59.21 -386 1876 -241
62.75 -0.02 444 -319 368 -26.73 -40.66 -2591 -2334 1101 -16.71 -61.27 171 4177 -639
62.64 0.35 106 -204 330 -26.63 -39.90 -1482 -1922 719 -16.08 -63.90 852 5027 -373
62.57 0.66 -349 125 -18 -26.42 -39.37 293 -731 -203 -15.48 -66.65 611 3647 788
62.66 0.74 -454 288 -196 -26.49 -39.13 317 -350 -291 -14.66 -68.63 -1397 -272 1861
62.71 0.61 -650 312 -275 -26.60 -38.79 145 -277 -193 -14.01 -68.97 -745 -948 474
