63.72 -1.11 195 53 149 -25.98 -42.76 102 217 -11 -15.62 -51.11 33 86 -8
63.53 -0.96 181 117 229 -25.87 -43.16 36 129 6 -15.61 -51.25 14 87 8
63.41 -0.91 -55 197 133 -25.83 -43.35 112 104 67 -15.59 -51.32 16 118 6
63.25 -0.98 -52 193 149 -25.85 -43.48 77 165 60 -15.58 -51.41 28 120 42
63.11 -1.10 42 123 248 -25.90 -43.55 86 213 17 -15.57 -51.53 62 118 88
62.81 -1.20 17 108 278 -25.93 -43.73 -19 187 65 -15.55 -51.70 24 29 124
62.45 -1.32 39 143 323 -25.93 -43.95 -24 235 63 -15.57 -51.83 56 4 102
62.45 -1.32 39 143 323 -25.93 -43.95 -24 235 63 -15.57 -51.83 56 4 102
61.39 -1.64 -87 454 -7 -26.15 -42.85 -441 -16 523 -15.71 -52.11 277 32 116
60.51 -2.16 -409 567 -217 -26.34 -42.06 -96 351 -43 -15.94 -52.25 75 112 119
59.62 -2.94 -95 569 -210 -26.48 -41.43 -26 494 -182 -16.16 -52.45 1 72 154
58.74 -3.65 241 642 -326 -26.57 -40.78 88 581 -193 -16.36 -52.81 -11 129 174
57.85 -4.24 76 730 -629 -26.76 -40.02 124 754 -192 -16.48 -53.30 -25 298 378
57.07 -4.96 161 370 -383 -26.98 -39.10 268 1024 -105 -16.57 -53.71 2 251 406
56.55 -5.74 537 -312 65 -27.33 -37.98 570 1264 -263 -16.62 -54.19 54 257 426
56.20 -6.30 881 -1011 635 -27.69 -36.94 247 1215 -807 -16.56 -54.86 232 189 447
56.06 -6.49 1037 -1380 687 -27.77 -35.94 280 1168 -1309 -16.41 -55.90 310 196 480
55.98 -6.36 779 -1363 328 -27.52 -35.55 1096 1170 -1619 -16.35 -57.21 167 285 658
56.06 -6.04 446 -1014 -239 -27.32 -35.44 -278 -782 -30 -16.13 -58.58 434 305 983
56.28 -5.70 314 -796 -458 -26.92 -36.05 4 -587 -1044 -15.73 -59.68 366 -181 1266
