62.12 1.47 96 116 132 -26.60 -41.80 46 154 -56 -14.29 -51.94 446 2063 -1756
62.08 1.44 27 150 123 -26.57 -41.90 42 155 22 -14.04 -51.95 -304 76 -1309
62.05 1.40 31 204 121 -26.55 -42.05 49 166 67 -14.02 -52.12 -956 -1876 -570
62.03 1.35 15 270 80 -26.54 -42.22 8 168 111 -14.08 -52.02 -1341 -2370 -286
61.92 1.19 -273 241 96 -26.52 -42.42 26 225 91 -14.07 -51.70 -692 -1163 -834
61.61 0.78 -537 280 46 -26.49 -42.60 3 269 110 -14.12 -51.73 51 -402 -1205
61.33 0.27 -275 204 187 -26.48 -42.76 -19 362 66 -14.43 -51.90 595 -233 -1228
60.90 -0.29 192 48 403 -26.47 -43.01 -196 395 139 -14.90 -51.98 560 -401 -844
60.15 -0.88 452 -53 542 -26.34 -43.38 -151 475 239 -15.46 -51.73 -92 -620 -447
59.21 -1.44 451 110 336 -26.39 -43.01 -327 516 614 -15.77 -51.12 -503 -793 -229
58.26 -1.97 1 586 -404 -26.71 -42.00 -231 647 144 -16.01 -50.34 -576 -801 -269
57.34 -2.67 -814 1071 -1205 -26.86 -41.23 17 476 97 -16.07 -49.75 -294 -69 -663
56.66 -3.75 -1054 1126 -1496 -27.11 -40.19 -3 74 415 -16.18 -49.59 -187 263 -785
56.32 -5.14 -110 392 -514 -27.61 -38.69 -456 -3 188 -16.20 -49.71 -77 547 -849
56.16 -6.14 1667 -752 990 -28.03 -36.84 -377 511 -586 -16.06 -50.12 266 877 -854
55.95 -6.32 2145 -1301 1485 -28.27 -34.80 989 1491 -1848 -16.00 -50.71 539 1037 -698
55.69 -6.00 1515 -1307 1143 -28.21 -33.93 2420 2548 -3132 -16.01 -51.20 446 945 -296
55.60 -5.63 766 -1037 413 -27.98 -34.59 1105 813 -1340 -15.88 -51.73 354 775 170
55.73 -5.28 475 -845 -170 -27.92 -34.66 -661 -1921 883 -15.74 -52.12 81 290 610
55.96 -4.73 221 -660 -602 -28.02 -34.30 -366 -2156 247 -15.67 -52.33 53 -39 948
