61.55 2.13 158 4 124 -26.34 -45.41 75 111 -116 -18.30 -53.70 -19 48 -49
61.53 2.15 162 23 103 -26.30 -45.54 84 112 -123 -18.30 -53.78 -11 54 -48
61.52 2.15 160 36 82 -26.28 -45.66 78 114 -129 -18.29 -53.85 -2 47 -45
61.51 2.16 145 39 76 -26.26 -45.79 60 120 -111 -18.29 -53.92 1 41 -32
61.49 2.17 129 28 94 -26.22 -45.93 10 180 -86 -18.28 -54.00 8 41 -11
61.50 2.17 126 19 104 -26.13 -46.09 -28 208 39 -18.28 -54.08 26 26 4
61.50 2.18 138 22 112 -26.04 -46.22 -38 293 66 -18.32 -54.16 56 24 1
61.50 2.20 162 28 108 -25.94 -46.40 -119 351 167 -18.39 -54.24 57 32 -3
61.49 2.22 171 39 84 -25.79 -46.73 -282 350 182 -18.46 -54.34 43 41 6
61.48 2.24 159 52 55 -25.67 -46.68 -496 334 647 -18.53 -54.44 -21 70 53
61.48 2.25 154 26 55 -25.77 -45.38 -337 380 496 -18.57 -54.56 3 83 137
61.48 2.25 117 19 33 -25.91 -43.99 -225 553 128 -18.58 -54.74 108 101 226
61.50 2.23 110 -13 62 -26.27 -41.95 -89 487 -156 -18.62 -54.99 148 110 338
61.50 2.21 99 -24 76 -26.82 -39.58 -315 210 -318 -18.74 -55.26 22 82 392
61.53 2.18 87 -15 89 -27.29 -37.06 -415 283 -963 -18.68 -55.62 51 -192 781
61.55 2.16 86 -11 89 -27.42 -35.05 947 1470 -2376 -18.00 -56.20 165 -541 1035
61.58 2.13 150 -25 109 -26.90 -35.22 2929 2796 -3751 -17.42 -56.54 113 -640 1140
61.61 2.11 218 -53 127 -26.34 -36.70 1264 251 -1006 -16.85 -56.48 -79 -854 1125
61.61 2.12 235 -50 109 -26.16 -36.69 -207 -1847 621 -16.33 -55.74 -456 -1018 989
61.61 2.15 234 -42 103 -25.95 -36.58 -52 -1966 86 -15.95 -54.09 -1015 -149 303
