61.57 1.11 153 5 88 -27.50 -40.33 71 124 -138 -17.16 -51.32 23 29 -12
61.57 1.09 160 2 97 -27.50 -40.33 82 126 -133 -17.16 -51.32 24 34 -19
61.55 1.05 144 -10 107 -27.50 -40.33 82 119 -127 -17.16 -51.32 24 34 -20
61.53 1.01 171 -12 106 -27.50 -40.33 81 129 -122 -17.16 -51.31 6 36 -21
61.50 0.98 280 -35 149 -27.50 -40.33 74 133 -113 -17.16 -51.31 -2 37 -28
61.50 0.98 280 -35 149 -27.50 -40.33 74 133 -113 -17.16 -51.31 -2 37 -28
61.34 1.02 291 -45 133 -27.54 -40.32 154 196 -143 -17.16 -51.31 8 38 -28
61.32 1.09 318 -57 134 -27.57 -40.32 83 124 -115 -17.15 -51.31 17 42 -25
61.31 1.18 370 -99 229 -27.56 -40.36 103 73 -73 -17.15 -51.32 4 47 -16
61.19 1.27 79 -18 165 -27.61 -40.32 -84 -66 9 -17.14 -51.32 22 36 4
60.96 1.17 -459 208 -114 -27.62 -40.29 37 -54 16 -17.13 -51.32 18 32 22
60.57 0.66 -1333 548 -617 -27.63 -40.19 -194 -355 339 -17.12 -51.30 17 14 36
60.25 -0.28 -1833 843 -1083 -27.70 -39.86 -459 -485 617 -17.11 -51.28 25 -63 43
60.15 -1.48 -831 674 -590 -27.83 -39.24 -327 120 207 -17.12 -51.26 -15 -180 123
60.51 -2.40 1641 -175 861 -27.98 -38.64 403 1367 -808 -17.17 -51.20 -31 -329 190
60.47 -2.57 1882 -650 1286 -28.01 -38.76 2642 3156 -2399 -17.02 -51.29 42 -760 444
60.23 -2.30 988 -496 618 -28.18 -40.15 584 1970 -946 -16.93 -51.38 33 -749 359
60.22 -2.09 592 -358 122 -28.31 -41.03 -1340 -954 1046 -17.02 -51.44 211 -573 290
60.23 -1.95 674 -320 -11 -28.14 -41.35 -576 -1265 378 -17.21 -51.37 179 -248 410
60.23 -1.69 900 -262 37 -28.09 -41.59 -228 -972 -14 -17.28 -51.03 -44 667 340
