61.26 -0.44 128 -3 112 -28.12 -40.93 49 88 -137 -17.64 -50.92 59 -6 52
61.25 -0.52 189 -11 75 -28.15 -40.85 50 81 -158 -17.74 -51.25 160 -90 139
61.23 -0.55 176 7 54 -28.17 -40.80 63 103 -151 -17.82 -51.50 204 -8 60
61.21 -0.57 166 17 67 -28.16 -40.79 99 126 -164 -18.00 -51.77 -12 75 -3
61.21 -0.59 310 -8 156 -28.16 -40.79 114 131 -157 -18.12 -51.99 -165 98 -2
61.20 -0.55 371 -71 218 -28.17 -40.77 113 113 -116 -18.10 -52.19 -200 36 12
61.17 -0.45 405 -117 224 -28.24 -40.66 13 21 3 -18.06 -52.33 -180 -6 50
61.18 -0.29 447 -138 227 -28.31 -40.29 -163 -295 320 -17.98 -52.46 -104 7 41
61.15 -0.10 436 -168 215 -28.47 -39.77 48 -288 229 -17.95 -52.59 -99 106 -33
61.09 0.09 247 -168 178 -28.66 -39.27 38 -300 130 -17.92 -52.71 -50 221 -88
61.00 0.23 -22 -41 40 -28.86 -38.75 -173 -433 149 -17.89 -52.77 -27 207 -72
60.78 0.20 -481 208 -215 -29.06 -38.09 -246 -434 45 -17.82 -52.78 -17 65 19
60.54 -0.17 -1233 630 -673 -29.23 -37.33 -103 -247 -159 -17.72 -52.70 -63 -79 59
60.18 -1.09 -2077 875 -1140 -29.37 -36.59 75 120 -448 -17.67 -52.55 -53 -264 124
59.92 -2.44 -1879 972 -917 -29.49 -36.00 508 854 -1017 -17.61 -52.30 -79 -462 205
60.58 -3.58 1659 -120 960 -29.61 -35.94 1915 2387 -2261 -17.55 -51.98 -73 -536 144
60.75 -3.82 2402 -803 1612 -29.45 -37.81 3585 4544 -4242 -17.56 -51.62 -41 -556 97
60.75 -3.82 2402 -803 1612 -29.45 -37.81 3585 4544 -4242 -17.56 -51.62 -41 -556 97
60.32 -3.16 685 -404 82 -28.76 -41.33 -640 -1177 1100 -17.67 -50.88 -14 -177 17
60.28 -2.97 631 -355 -108 -28.62 -41.67 -368 -1212 397 -17.64 -50.48 68 410 -133
