61.25 0.08 218 -11 95 -28.23 -41.03 30 103 -182 -16.00 -47.68 796 3473 -1356
61.22 0.07 218 -58 146 -28.22 -40.99 54 132 -173 -15.29 -47.74 -184 1644 -1540
61.17 0.10 150 -33 97 -28.22 -40.94 65 128 -141 -15.31 -48.21 -1287 -2050 693
61.17 0.12 147 -31 98 -28.23 -40.88 82 87 -100 -15.08 -47.75 -1249 -2460 776
61.15 0.13 189 -43 146 -28.27 -40.80 48 33 -77 -14.73 -47.15 -642 -1282 -34
61.16 0.15 270 -68 202 -28.27 -40.75 87 60 -104 -14.56 -46.70 57 -479 -620
61.15 0.22 315 -59 193 -28.26 -40.70 31 21 -63 -14.74 -46.28 403 -202 -790
61.15 0.30 345 -50 161 -28.26 -40.59 -65 -78 26 -15.15 -45.96 282 -301 -588
61.18 0.39 405 -40 145 -28.32 -40.34 -284 -213 146 -15.57 -45.84 16 -710 -257
61.17 0.51 424 -80 184 -28.40 -39.90 -177 -272 240 -16.06 -45.85 -467 -1096 190
61.10 0.67 238 -25 115 -28.54 -39.34 -238 -392 309 -16.22 -45.65 -263 -179 -70
60.94 0.69 -346 166 -111 -28.72 -38.57 -317 -563 423 -16.38 -45.59 -129 888 -480
60.57 0.36 -1406 645 -692 -28.91 -37.60 -213 -585 342 -16.39 -45.78 237 1467 -603
60.17 -0.56 -2308 1061 -1324 -29.10 -36.50 -2 -203 -99 -16.33 -46.20 253 1688 -629
59.93 -2.00 -2588 1182 -1514 -29.33 -35.51 658 920 -907 -16.09 -46.82 283 1478 -461
60.31 -3.60 584 238 534 -29.49 -35.04 2585 2916 -2370 -15.86 -47.40 231 985 -177
60.71 -4.32 2585 -966 1998 -29.44 -36.65 4340 5035 -4720 -15.65 -47.83 121 327 93
60.71 -4.32 2585 -966 1998 -29.44 -36.65 4340 5035 -4720 -15.65 -47.83 121 327 93
60.11 -3.79 576 -571 286 -28.96 -40.50 -309 -1173 769 -15.49 -48.35 -69 -621 351
60.09 -3.69 484 -424 -115 -28.89 -40.83 -272 -1318 157 -15.56 -48.46 -14 -602 363
