61.30 0.05 130 8 67 -28.42 -40.29 60 134 -133 -17.05 -49.57 -70 -1044 362
61.30 0.05 130 8 67 -28.42 -40.29 60 134 -133 -17.05 -49.57 -70 -1044 362
61.32 0.07 197 12 96 -19.51 -65.34 -615 1497 1140 -17.31 -48.46 60 -506 66
61.31 0.08 295 -15 146 -19.09 -66.07 -247 656 261 -17.43 -47.93 115 286 -291
61.29 0.14 379 -36 158 -18.71 -66.76 -286 56 -82 -17.34 -47.61 111 1080 -472
61.26 0.25 258 -15 97 -18.33 -67.61 -310 3 -499 -17.02 -47.44 294 1998 -677
61.27 0.34 241 -11 83 -18.21 -67.76 34 -244 -110 -16.34 -47.51 718 3123 -1074
61.28 0.44 231 -17 77 -18.35 -67.43 3 -381 -48 -15.89 -47.90 219 2602 -1470
61.29 0.56 237 -16 63 -18.74 -66.85 -107 -615 -87 -15.93 -48.69 -152 -462 216
61.30 0.68 231 -62 108 -19.04 -66.12 -778 -2225 371 -15.89 -48.70 -1004 -2175 1244
61.28 0.80 175 -88 145 -19.66 -64.87 289 -227 -406 -15.66 -48.17 -771 -1810 788
61.29 0.92 247 -103 176 -20.04 -63.95 -309 -555 145 -15.60 -47.65 -335 -1187 -1
61.26 1.07 300 -100 190 -20.70 -62.38 -105 -67 367 -15.70 -47.18 68 -516 -443
61.26 1.30 535 -114 245 -21.49 -60.30 62 540 216 -15.98 -46.86 167 -240 -463
61.29 1.60 811 -188 313 -22.33 -57.72 242 1126 -323 -16.28 -46.76 -15 -402 -244
61.26 2.03 803 -197 264 -22.98 -55.14 797 1746 -1124 -16.57 -46.76 -242 -743 -8
61.16 2.53 505 -118 71 -23.48 -53.02 1000 1691 -1577 -16.86 -46.66 -89 -260 264
61.01 2.96 -53 35 -179 -24.03 -51.12 889 790 -1470 -17.04 -46.42 20 959 -335
60.89 3.18 -782 294 -434 -24.66 -49.34 475 -288 -1083 -17.22 -46.39 383 1659 -567
60.87 3.04 -1523 548 -665 -25.26 -47.87 47 -913 -663 -17.33 -46.57 428 1889 -592
