61.82 -0.06 189 -20 108 -26.73 -44.85 71 104 -125 -17.08 -49.76 6 52 -41
61.82 -0.06 189 -20 108 -26.73 -44.85 71 104 -125 -17.08 -49.76 6 52 -41
61.81 -0.03 183 9 95 -26.74 -44.84 71 94 -111 -17.09 -49.77 6 52 -40
61.81 -0.03 183 9 95 -26.74 -44.84 71 94 -111 -17.09 -49.77 6 52 -40
61.80 0.02 290 -37 137 -26.77 -44.83 81 99 -89 -17.09 -49.79 6 18 -14
61.79 0.12 427 -51 139 -26.79 -44.82 78 73 -64 -17.09 -49.79 4 22 -23
61.82 0.29 652 -85 211 -26.83 -44.77 109 -4 -4 -17.09 -49.79 26 31 -24
61.85 0.56 905 -185 355 -26.78 -44.82 303 -45 34 -17.10 -49.79 1 17 -20
61.82 0.99 814 -189 310 -26.78 -45.06 -5 -319 161 -17.10 -49.78 9 12 -6
61.76 1.45 514 -172 185 -26.67 -45.56 26 -547 293 -17.11 -49.77 22 -2 7
61.70 1.88 194 -104 29 -26.54 -46.35 13 -624 403 -17.13 -49.75 14 -8 20
61.70 2.21 -11 -23 -60 -26.41 -47.37 36 -466 417 -17.15 -49.74 2 -31 16
61.70 2.21 -11 -23 -60 -26.41 -47.37 36 -466 417 -17.15 -49.74 2 -31 16
61.74 2.46 -1027 304 -437 -25.82 -50.47 253 898 -522 -17.21 -49.66 24 -381 159
61.72 2.05 -1324 618 -433 -25.02 -53.03 1101 2402 -1217 -17.19 -49.56 -36 -744 279
61.84 1.34 -418 402 -110 -23.91 -56.35 1835 4092 -1843 -17.32 -49.38 -122 -818 210
61.98 0.77 668 -23 503 -23.10 -58.66 -804 755 1040 -17.48 -49.17 -86 -816 220
61.85 0.59 882 -364 677 -21.70 -61.55 -220 2403 949 -17.65 -48.89 -29 -529 102
61.57 0.67 355 -447 439 -20.82 -62.79 218 996 963 -17.78 -48.62 59 -117 -63
61.39 0.72 148 -457 176 -20.45 -63.78 90 491 449 -17.81 -48.46 37 279 -198
