61.61 1.75 -1285 381 -378 -22.67 -59.95 1748 4522 -1384 -17.37 -49.64 48 -675 268
61.79 0.91 -98 66 370 -21.74 -62.17 -461 1279 947 -17.46 -49.52 -45 -806 354
61.78 0.46 662 -339 786 -20.31 -64.96 -1619 1695 1825 -17.52 -49.26 -70 -947 397
61.58 0.39 591 -516 713 -19.92 -65.50 -387 1296 969 -17.64 -48.80 -96 -768 265
61.45 0.45 608 -610 542 -19.65 -66.11 -379 512 357 -17.81 -48.31 13 -149 -39
61.29 0.57 624 -591 362 -19.38 -66.59 -179 221 -1 -17.80 -47.91 91 836 -305
61.15 0.80 651 -487 219 -19.25 -66.75 -37 35 -187 -17.42 -47.68 551 2101 -682
61.07 1.15 720 -358 259 -19.35 -66.52 -141 -565 -117 -17.02 -47.78 423 2597 -964
60.95 1.60 231 -139 19 -19.65 -65.87 -319 -997 41 -16.65 -48.19 243 1909 -808
60.84 1.90 -367 96 -167 -20.57 -63.97 -1017 -1907 567 -16.70 -48.63 -301 393 -114
60.84 1.99 -615 210 -189 -21.29 -61.80 120 -384 -120 -16.63 -48.79 -669 -859 476
60.86 1.90 -971 361 -346 -22.25 -59.23 -366 -938 131 -16.50 -48.51 -683 -1153 421
60.96 1.57 -1015 402 -393 -23.27 -56.12 67 -149 -323 -16.37 -48.09 -399 -1038 94
61.07 1.06 -873 335 -255 -24.28 -52.78 351 757 -1006 -16.44 -47.63 -194 -839 -116
61.26 0.49 -397 176 -18 -25.19 -49.28 736 1395 -1704 -16.60 -47.24 -104 -600 -181
61.40 0.02 148 -5 228 -25.91 -46.27 1269 1733 -2232 -16.91 -46.94 -126 -684 78
61.46 -0.28 556 -90 333 -26.37 -44.46 1664 1949 -2653 -16.96 -46.64 180 56 -139
61.49 -0.41 714 -61 275 -26.58 -43.90 1552 1323 -2187 -17.16 -46.41 222 791 -398
61.49 -0.41 714 -61 275 -26.58 -43.90 1552 1323 -2187 -17.16 -46.41 222 791 -398
61.63 -0.58 488 77 19 -26.94 -43.69 -26 -637 -140 -17.45 -46.54 271 1488 -538
