58.83 -7.33 423 42 -105 -25.00 -42.07 145 388 110 -12.81 -54.93 320 -66 126
58.83 -7.33 423 42 -105 -25.00 -42.07 145 388 110 -12.81 -54.93 320 -66 126
57.69 -7.71 62 148 -332 -26.06 -40.27 491 299 -114 -13.11 -55.48 -13 -52 146
57.22 -8.08 -88 120 -346 -26.82 -39.36 238 251 -284 -13.04 -55.46 -133 -283 189
56.79 -8.57 -307 71 -290 -27.53 -38.52 246 268 -508 -13.00 -55.20 -126 -318 80
56.50 -9.11 -198 100 -163 -28.09 -37.78 292 212 -541 -12.96 -54.84 -21 -106 -70
56.21 -9.59 -136 209 -134 -28.50 -37.20 -45 50 -360 -12.92 -54.40 113 112 -159
56.05 -10.07 656 -172 485 -28.77 -36.55 33 -196 -2 -12.79 -53.91 272 261 -301
55.98 -10.18 537 -264 455 -29.04 -35.83 -8 -160 -152 -12.64 -53.42 199 512 -520
56.10 -10.20 633 -359 446 -29.22 -35.23 -18 -228 -165 -12.49 -53.06 -74 626 -627
56.33 -9.98 902 -340 284 -29.36 -34.69 199 -181 -169 -12.36 -52.80 -449 450 -563
56.66 -9.53 937 -328 10 -29.52 -34.14 225 -81 -191 -12.12 -52.54 -340 445 -498
57.13 -8.80 312 -258 -535 -29.68 -33.54 235 -18 -296 -11.96 -52.36 -389 -369 -381
57.55 -8.35 -619 -358 -606 -29.80 -32.79 376 56 -536 -11.91 -52.24 -660 -911 -150
58.20 -8.15 -364 -506 -33 -29.85 -32.03 45 50 -857 -11.69 -52.13 -679 -864 -131
58.98 -7.76 481 -681 777 -29.69 -31.43 428 190 -1087 -11.44 -51.92 -363 -934 -89
59.96 -7.00 837 -731 852 -29.48 -31.83 2550 1795 -2560 -11.34 -51.63 193 -858 -231
60.73 -6.14 423 -456 496 -29.10 -32.43 886 -488 -129 -11.53 -51.24 530 -850 -420
61.62 -5.37 352 -346 322 -28.95 -32.61 434 -548 -188 -11.90 -50.70 237 -429 -642
62.27 -4.82 -194 -316 221 -28.70 -32.88 253 -473 -256 -12.33 -49.99 -392 -66 -783
