61.82 -0.53 130 -37 146 -26.93 -45.14 63 129 -25 -16.19 -49.68 -4 42 -30
61.82 -0.53 130 -37 146 -26.93 -45.14 63 129 -25 -16.19 -49.68 -4 42 -30
61.82 -0.53 130 -37 146 -26.93 -45.14 63 129 -25 -16.19 -49.68 -4 42 -30
61.11 -0.86 343 -160 291 -27.00 -45.34 -177 -18 227 -16.16 -49.69 5 14 -12
60.62 -1.07 235 -226 276 -27.02 -45.45 -239 -148 343 -16.16 -49.67 16 7 -10
59.93 -1.38 -93 -113 57 -27.07 -45.45 -524 -380 631 -16.13 -49.64 25 -12 13
59.20 -1.92 -556 84 -227 -27.18 -45.32 -527 -196 419 -16.13 -49.58 6 40 33
58.21 -2.74 -1029 402 -554 -27.30 -45.21 -349 379 -23 -16.12 -49.49 -31 73 52
57.21 -3.90 -986 711 -611 -27.50 -44.98 -24 953 -294 -16.11 -49.29 -176 -93 269
56.43 -5.22 -97 723 -384 -27.73 -44.61 469 1384 -495 -15.89 -48.85 -204 -309 388
55.96 -6.29 1093 282 220 -27.99 -44.24 1028 1642 -785 -15.64 -48.18 -198 -321 395
55.70 -6.93 1910 -376 850 -28.23 -44.25 1269 1068 -867 -15.36 -46.95 -175 -127 313
55.34 -6.98 1685 -562 652 -28.34 -44.74 261 -627 -384 -15.15 -45.12 -165 249 -54
54.88 -6.77 876 -298 17 -28.49 -44.92 -666 -1424 -109 -15.06 -42.78 -184 868 -601
54.66 -6.54 354 -103 -275 -28.57 -44.65 -317 -1126 -139 -14.90 -39.96 79 1617 -1596
54.82 -6.20 395 -92 -92 -28.69 -44.18 84 -684 -255 -14.80 -37.18 726 2260 -2885
55.21 -5.65 733 -171 268 -28.81 -43.57 244 -626 -265 -15.23 -35.67 979 2164 -3382
55.78 -4.85 865 -322 562 -28.96 -42.75 89 -870 -139 -15.19 -36.04 334 -150 -641
56.41 -3.86 603 -374 461 -29.12 -41.71 57 -1165 -61 -14.90 -35.72 -307 -1749 325
56.81 -2.94 -295 -160 80 -29.19 -40.71 -221 -1254 35 -14.94 -35.14 -235 -1624 253
