61.65 -0.19 127 -28 119 -28.12 -42.55 84 126 -123 -16.31 -49.04 3 29 -31
61.64 -0.19 141 -25 113 -28.13 -42.55 80 134 -131 -16.30 -49.02 3 33 -18
61.65 -0.18 150 -7 95 -28.13 -42.55 74 138 -136 -16.30 -49.01 13 25 -11
61.65 -0.19 165 -2 102 -28.13 -42.54 75 136 -125 -16.30 -49.00 8 -11 -1
61.65 -0.19 154 -2 101 -28.13 -42.54 74 143 -124 -16.30 -48.97 17 18 4
61.64 -0.19 134 -8 98 -28.13 -42.54 70 136 -124 -16.32 -48.92 -1 48 2
61.64 -0.19 130 -13 105 -28.13 -42.55 81 131 -125 -16.33 -48.84 9 102 -17
61.64 -0.19 173 -17 112 -28.13 -42.55 79 121 -128 -16.34 -48.74 19 47 16
61.63 -0.18 171 -15 96 -28.13 -42.55 77 124 -133 -16.37 -48.58 -72 -26 105
61.63 -0.18 156 -21 98 -28.13 -42.55 74 122 -137 -16.35 -48.13 -209 -298 324
61.62 -0.17 157 -22 109 -28.14 -42.55 75 134 -132 -16.26 -47.32 -238 -351 235
61.61 -0.16 132 -15 107 -28.14 -42.54 74 129 -131 -16.19 -46.20 -153 -339 185
61.61 -0.16 132 -15 107 -28.14 -42.54 74 129 -131 -16.19 -46.20 -153 -339 185
61.60 -0.17 174 -7 98 -28.14 -42.54 76 139 -124 -15.95 -42.59 -78 -133 -6
61.59 -0.17 174 -26 113 -28.14 -42.54 70 134 -117 -15.81 -40.13 74 613 -653
61.57 -0.18 129 -8 94 -28.14 -42.53 80 116 -92 -15.66 -37.36 372 1346 -1517
61.57 -0.18 121 12 74 -28.15 -42.53 81 118 -103 -15.57 -34.78 718 1809 -2591
61.59 -0.20 145 7 100 -28.14 -42.55 68 118 -87 -15.85 -33.42 1291 2196 -3866
61.59 -0.22 231 -37 133 -28.12 -42.60 53 104 -49 -16.94 -34.40 367 808 -2039
61.55 -0.22 191 -51 126 -28.04 -42.81 62 78 -4 -16.43 -35.35 -1065 -2187 1449
