60.62 -0.42 198 -85 119 -28.32 -46.55 12 194 107 -16.52 -48.11 28 9 -14
60.38 -0.46 234 -130 193 -28.27 -47.47 -158 141 190 -16.56 -48.08 5 38 -14
60.06 -0.53 375 -190 289 -28.14 -48.50 -189 102 186 -16.60 -48.05 4 45 -2
59.67 -0.55 390 -161 253 -28.01 -49.52 -489 -416 553 -16.67 -47.97 57 -23 45
59.29 -0.57 364 -118 169 -27.99 -50.30 -755 -829 602 -16.75 -47.86 23 -81 54
58.90 -0.59 215 -42 41 -28.09 -50.89 -680 -554 262 -16.82 -47.66 -112 -143 198
58.45 -0.74 -30 -55 7 -28.30 -51.16 -399 -274 106 -16.92 -47.08 -27 -98 71
57.91 -1.06 -231 -21 -55 -28.55 -51.03 -31 -30 51 -16.98 -46.49 41 69 -34
57.21 -1.52 -695 209 -353 -28.99 -50.63 237 654 -132 -17.03 -45.58 -36 -67 46
56.38 -2.26 -1264 634 -732 -29.52 -49.93 639 1595 -234 -17.04 -44.22 -131 -210 74
55.68 -3.29 -1116 1059 -925 -29.92 -49.00 1344 2529 -346 -17.08 -42.53 -107 -300 -93
55.20 -4.57 -451 1027 -712 -30.11 -48.19 1787 2855 -452 -17.28 -40.80 30 -317 -218
55.05 -5.76 935 245 443 -30.31 -47.63 1372 2185 -785 -17.37 -39.10 45 -361 -197
55.12 -6.39 1922 -704 1216 -30.28 -47.56 -126 -722 -330 -17.35 -37.37 48 -66 -444
54.91 -6.24 1424 -702 743 -30.66 -46.52 -1855 -2642 -71 -17.37 -35.61 147 501 -833
54.78 -5.87 503 -297 -53 -31.03 -44.68 -1106 -1753 -509 -17.37 -33.72 446 1307 -1567
54.91 -5.55 -11 -55 -409 -31.23 -42.75 256 -564 -839 -17.37 -32.18 1219 2322 -3103
55.21 -5.32 122 -74 -123 -31.43 -40.87 764 -261 -911 -17.92 -32.48 1838 3265 -4884
55.66 -5.00 524 -195 315 -31.74 -39.22 569 -379 -827 -18.05 -34.21 -839 -435 -448
56.13 -4.43 569 -264 511 -31.98 -37.95 103 -624 -589 -17.47 -34.28 -702 -1809 188
