61.72 0.65 317 -57 156 -27.86 -42.21 -136 -429 320 -15.96 -48.40 -28 34 -4
61.81 0.82 420 -44 171 -27.87 -41.85 -67 -452 344 -15.94 -48.40 5 -15 24
61.92 1.04 490 -43 165 -27.95 -41.49 -35 -415 233 -15.91 -48.38 42 -73 33
61.95 1.29 359 -77 140 -28.03 -41.10 5 -279 131 -15.91 -48.35 20 -224 116
61.93 1.49 118 -102 105 -28.17 -40.63 -76 -127 7 -15.90 -48.28 -2 -454 222
61.88 1.66 -41 -96 102 -28.32 -40.03 -127 -35 -111 -15.93 -48.13 -73 -491 231
61.83 1.77 -149 -83 113 -28.44 -39.37 -94 130 -303 -15.95 -47.91 4 -625 337
61.74 1.80 -426 9 28 -28.53 -38.71 -67 463 -514 -15.92 -47.59 -49 -931 566
61.64 1.65 -801 149 -115 -28.51 -38.07 161 929 -586 -15.86 -47.15 -49 -863 403
61.52 1.21 -1155 434 -407 -28.44 -37.44 466 1475 -719 -15.92 -46.76 -32 -403 29
61.37 0.38 -1380 670 -724 -28.26 -36.91 1219 2057 -881 -16.00 -46.52 -26 -94 -115
61.23 -0.83 -1519 783 -1011 -28.31 -36.74 1622 2423 -1213 -15.98 -46.40 -80 113 -215
61.41 -2.07 209 486 -69 -28.37 -37.11 2171 1386 -1440 -15.96 -46.34 -134 401 -361
62.17 -2.65 2856 -723 1546 -28.33 -38.56 99 -1179 38 -15.93 -46.32 -219 866 -503
61.93 -2.32 2347 -939 1328 -28.64 -38.93 -2288 -2499 1177 -15.82 -46.33 -215 1770 -902
61.52 -1.64 1184 -611 368 -28.62 -38.39 -1356 -1980 989 -15.68 -46.70 468 3276 -1823
61.40 -1.15 -52 -228 -325 -28.51 -38.00 223 -523 -208 -15.69 -48.07 1379 4746 -2898
61.42 -1.05 -325 -112 -325 -28.56 -38.01 649 130 -579 -16.49 -50.69 1769 5641 -3545
61.52 -1.05 -68 -200 152 -28.68 -38.05 140 12 -352 -15.93 -53.79 -1605 107 2017
61.55 -0.87 296 -306 551 -28.85 -37.91 -421 -221 -200 -14.80 -53.44 -903 -336 661
