62.24 -0.44 131 -5 91 -28.22 -41.85 69 132 -117 -16.69 -50.99 -24 61 -25
62.24 -0.44 126 16 77 -28.22 -41.84 75 137 -117 -16.68 -51.01 -15 57 -21
62.24 -0.44 156 3 97 -28.22 -41.84 76 144 -117 -16.64 -51.03 7 29 -11
62.25 -0.44 150 5 87 -28.23 -41.85 82 138 -121 -16.63 -51.05 38 5 -4
62.25 -0.44 150 5 87 -28.23 -41.85 82 138 -121 -16.63 -51.05 38 5 -4
62.25 -0.45 171 -13 97 -28.23 -41.85 74 126 -116 -16.64 -51.03 32 12 -12
62.25 -0.45 171 -13 97 -28.23 -41.85 74 126 -116 -16.64 -51.03 32 12 -12
62.24 -0.44 167 -11 96 -28.23 -41.85 78 132 -116 -16.76 -50.54 4 -321 58
62.23 -0.44 149 -2 79 -28.23 -41.85 79 133 -123 -16.87 -50.40 14 -203 -4
62.24 -0.43 135 -4 84 -28.22 -41.85 82 128 -118 -16.92 -50.28 36 -134 -21
62.23 -0.43 133 -2 102 -28.22 -41.84 86 136 -118 -16.94 -50.22 -43 -141 1
62.23 -0.43 138 -3 96 -28.22 -41.84 82 138 -122 -16.94 -50.07 -132 -307 101
62.24 -0.43 143 4 85 -28.22 -41.84 78 136 -125 -16.92 -49.83 -225 -378 116
62.24 -0.43 145 -15 111 -28.22 -41.84 78 130 -128 -16.86 -49.50 -309 -115 19
62.24 -0.44 148 -23 119 -28.21 -41.83 79 122 -132 -16.70 -49.15 61 1115 -696
62.23 -0.43 162 -19 103 -28.21 -41.83 82 126 -129 -16.93 -49.53 1204 4133 -2829
62.23 -0.43 162 -19 103 -28.21 -41.83 82 126 -129 -16.93 -49.53 1204 4133 -2829
62.25 -0.42 179 -11 91 -28.21 -41.82 73 109 -123 -17.61 -54.45 -1115 -120 983
62.24 -0.41 160 -17 101 -28.20 -41.81 63 102 -120 -16.99 -54.99 -746 -515 500
62.24 -0.39 182 -24 112 -28.19 -41.79 40 70 -94 -16.69 -55.97 -279 -726 199
