62.20 -0.35 112 12 72 -27.97 -42.12 89 141 -131 -16.91 -51.11 15 33 -14
62.21 -0.35 120 -5 93 -27.97 -42.13 88 122 -116 -16.91 -51.10 -2 38 -15
62.23 -0.37 187 -28 117 -27.96 -42.13 90 114 -116 -16.90 -51.10 -6 21 -17
62.21 -0.36 227 -41 126 -27.96 -42.14 91 113 -117 -16.90 -51.10 -2 10 -18
62.19 -0.34 183 -23 104 -27.96 -42.14 92 125 -116 -16.90 -51.08 -13 -13 -7
62.18 -0.33 127 2 62 -27.96 -42.14 91 134 -120 -16.89 -51.06 -30 -21 -2
62.20 -0.33 131 3 69 -27.96 -42.14 83 136 -119 -16.88 -51.02 -15 -75 27
62.21 -0.32 133 1 73 -27.96 -42.14 80 139 -119 -16.83 -50.95 -69 -358 206
62.22 -0.32 117 -4 78 -27.96 -42.14 81 131 -113 -16.66 -50.62 -221 -1020 544
62.23 -0.33 151 -9 102 -27.96 -42.13 81 125 -107 -16.54 -50.06 -275 -1081 359
62.23 -0.34 170 -14 109 -27.96 -42.13 82 124 -105 -16.52 -49.37 -279 -985 290
62.24 -0.35 197 -31 114 -27.95 -42.14 78 123 -103 -16.58 -48.52 -331 -556 -7
62.22 -0.34 204 -31 107 -27.95 -42.14 82 120 -110 -16.58 -47.70 -225 -151 -202
62.21 -0.32 144 -15 87 -27.95 -42.14 71 119 -120 -16.46 -46.91 -118 346 -391
62.21 -0.32 109 -8 89 -27.95 -42.13 70 121 -118 -16.26 -46.23 145 1358 -937
62.21 -0.31 133 -1 89 -27.95 -42.13 72 130 -113 -16.22 -46.00 679 3194 -2401
62.21 -0.31 133 -1 89 -27.95 -42.13 72 130 -113 -16.22 -46.00 679 3194 -2401
62.22 -0.31 162 -15 99 -27.94 -42.14 90 123 -127 -17.58 -49.99 930 3319 -1551
62.21 -0.31 159 -27 96 -27.94 -42.16 70 105 -118 -16.74 -52.08 -1605 -1307 1095
62.21 -0.31 147 -32 104 -27.94 -42.16 75 90 -126 -15.72 -52.17 -791 -1273 451
