62.38 -0.23 226 -30 120 -26.88 -42.74 33 5 -170 -16.57 -50.83 -45 26 -24
62.40 -0.15 266 -58 153 -26.73 -42.87 57 -35 -178 -16.51 -50.88 -36 5 -8
62.45 -0.03 392 -77 182 -26.56 -43.07 93 -148 -22 -16.43 -50.95 -33 -59 13
62.49 0.15 489 -116 203 -26.41 -43.15 -81 -483 379 -16.36 -51.02 5 -19 3
62.52 0.37 511 -119 165 -26.34 -42.79 -318 -971 865 -16.28 -51.10 -24 -21 -3
62.55 0.64 609 -118 194 -26.45 -42.10 -224 -964 691 -16.27 -51.28 128 99 -231
62.61 1.01 850 -153 288 -26.46 -41.57 -34 -567 286 -16.32 -51.86 44 -149 -36
62.65 1.53 853 -128 194 -26.40 -41.01 207 28 124 -16.34 -52.64 118 -177 -67
62.55 2.08 291 -10 -24 -26.49 -40.19 347 1065 -266 -16.42 -53.87 122 -121 -101
62.41 2.44 -541 203 -328 -26.65 -39.08 940 2253 -848 -16.52 -55.48 153 -72 -104
62.19 2.33 -1562 445 -612 -26.80 -38.20 1855 2811 -1717 -16.55 -57.33 -23 -274 164
61.95 1.51 -2034 595 -730 -26.96 -38.54 1490 1194 -1769 -16.49 -59.10 -103 -553 284
61.98 0.35 -1154 523 -233 -27.12 -39.29 -1043 -999 54 -16.46 -60.98 -56 -281 224
62.57 -0.44 1054 -319 1114 -27.07 -39.14 -1982 -1664 611 -16.48 -62.72 -92 409 228
62.64 -0.44 1508 -764 1303 -26.78 -38.60 -542 -1095 144 -16.32 -64.38 120 1893 133
62.47 -0.06 1047 -689 581 -26.69 -38.26 388 -619 -285 -15.95 -66.19 354 3388 280
62.32 0.38 573 -461 -164 -26.81 -38.03 428 -520 -159 -15.36 -68.21 576 4430 425
62.28 0.69 347 -316 -392 -27.09 -37.76 -44 -520 -74 -14.77 -70.42 -786 1967 1949
62.24 0.83 435 -374 -93 -27.28 -37.51 -344 -328 19 -14.11 -71.18 -507 655 841
62.07 1.09 142 -285 83 -27.38 -37.14 -503 -151 33 -13.39 -72.30 -667 -701 429
