62.99 0.39 690 -179 188 -27.34 -40.17 -131 -439 42 -16.29 -51.40 10 -100 16
62.96 0.84 576 -197 179 -27.28 -39.73 -43 -266 -22 -16.28 -51.39 -4 -229 35
62.90 1.31 460 -186 170 -27.28 -39.36 116 79 -268 -16.35 -51.38 -13 -427 28
62.87 1.79 296 -130 93 -27.21 -39.14 257 279 -366 -16.45 -51.71 51 -672 23
62.74 2.23 81 -111 11 -27.12 -38.94 230 394 -408 -16.66 -52.51 99 -626 -82
62.62 2.63 -105 -70 -60 -27.08 -38.69 245 587 -457 -16.83 -53.81 130 -676 104
62.55 2.92 -194 -91 -35 -27.08 -38.41 310 903 -584 -16.98 -55.18 2 -778 371
62.47 3.16 -366 -68 -65 -27.05 -38.19 422 1369 -857 -17.11 -56.39 -87 -538 332
62.36 3.29 -725 33 -176 -26.95 -38.14 669 1816 -865 -17.28 -57.63 38 193 35
62.33 3.23 -1120 227 -334 -26.89 -37.98 1027 2375 -980 -17.42 -59.03 54 534 127
62.36 2.81 -1448 421 -430 -27.01 -37.99 1426 3116 -1614 -17.42 -60.29 27 492 359
62.37 1.91 -1837 556 -557 -27.00 -38.72 2045 2075 -1704 -17.38 -61.16 -21 645 464
62.32 0.55 -2186 716 -840 -27.06 -40.30 -880 -1749 414 -17.32 -61.73 -103 1098 376
62.66 -0.92 -205 494 69 -27.31 -40.24 -3602 -3581 2033 -17.18 -62.28 -140 1741 240
63.63 -1.74 2960 -924 1950 -27.00 -39.18 -1413 -2396 1221 -16.82 -62.95 -172 2337 119
63.52 -1.41 2893 -1051 1572 -26.82 -38.55 423 -676 -273 -16.20 -63.96 133 3470 -214
63.05 -0.71 1457 -646 319 -26.92 -38.33 724 -25 -562 -15.61 -65.68 895 5227 -804
62.75 -0.24 -7 -241 -521 -27.02 -38.19 369 -100 -366 -15.18 -68.26 274 3649 -71
62.75 -0.17 -381 -48 -593 -27.17 -37.98 -179 -258 -171 -14.23 -69.69 -1424 251 1105
62.90 -0.27 119 -163 -60 -27.25 -37.69 -269 -396 -97 -13.17 -70.59 -599 -1032 -111
