63.70 -1.25 175 -30 132 -27.25 -41.68 -19 -69 -85 -16.13 -50.86 23 105 -77
63.69 -1.22 193 -38 130 -27.26 -41.58 -264 -439 131 -16.13 -50.99 -16 28 -12
63.69 -1.18 328 -78 170 -27.27 -41.18 -437 -1033 613 -16.10 -51.06 9 19 -2
63.69 -1.06 565 -168 267 -27.38 -40.48 -475 -1350 833 -16.05 -51.09 -16 18 8
63.72 -0.78 855 -196 315 -27.51 -39.67 -373 -1160 581 -16.00 -51.11 -19 29 25
63.80 -0.30 1161 -243 380 -27.58 -38.86 11 -635 197 -15.95 -51.11 -12 18 29
63.83 0.37 1203 -268 323 -27.66 -38.15 312 5 -238 -15.93 -51.10 -12 -59 26
63.73 1.13 696 -178 87 -27.62 -37.64 532 639 -655 -15.92 -51.08 -62 -244 50
63.58 1.78 102 -50 -157 -27.57 -37.21 565 912 -686 -15.89 -51.02 -171 -697 205
63.43 2.23 -375 18 -252 -27.53 -36.73 427 1166 -797 -15.88 -50.91 -107 -1107 265
63.31 2.48 -709 122 -298 -27.47 -36.37 594 1585 -984 -15.99 -50.87 33 -1299 260
63.27 2.53 -902 163 -240 -27.44 -36.17 1098 2252 -1339 -16.28 -51.18 134 -805 -79
63.27 2.38 -1024 236 -231 -27.37 -36.35 1599 2337 -1761 -16.69 -51.99 171 -79 -321
63.25 1.93 -1377 375 -395 -27.26 -37.61 748 423 -913 -16.84 -53.34 97 724 -469
63.26 1.10 -1339 643 -515 -27.43 -38.42 -1557 -1445 676 -16.69 -55.10 140 1459 -471
63.76 0.21 481 109 469 -27.44 -38.17 -1786 -1640 824 -16.43 -56.97 144 1982 -411
64.02 -0.13 1705 -621 1203 -27.20 -37.73 -138 -772 99 -16.06 -58.98 168 2540 -437
64.02 -0.13 1705 -621 1203 -27.20 -37.73 -138 -772 99 -16.06 -58.98 168 2540 -437
63.59 0.58 517 -436 55 -27.31 -37.51 220 -214 -195 -15.03 -50.78 371 -625 -49
63.50 0.83 96 -202 -325 -27.50 -37.35 -94 -157 -96 -15.01 -50.73 201 -748 26
