64.13 -1.31 229 205 54 -27.08 -42.43 -43 252 77 -12.55 -54.70 -559 421 -1273
64.13 -1.26 327 173 127 -26.95 -42.74 -77 290 23 -12.40 -54.76 -1174 -1377 -748
64.07 -1.22 290 84 219 -26.79 -43.09 -98 357 32 -12.30 -54.46 -984 -1552 -786
63.95 -1.19 189 13 281 -26.68 -43.22 -351 452 221 -12.15 -54.01 -327 -929 -969
63.78 -1.17 104 -15 267 -26.70 -42.53 -186 488 180 -12.11 -53.29 356 -374 -1118
63.54 -1.22 -76 -35 225 -26.75 -42.03 240 622 -105 -12.23 -52.37 796 -97 -1316
63.18 -1.37 -521 85 64 -26.91 -41.43 304 449 -128 -12.69 -51.59 756 -149 -1475
62.91 -1.60 -433 190 -33 -27.19 -40.58 311 208 -9 -13.32 -51.27 286 87 -1544
62.66 -1.91 -55 149 44 -27.61 -39.61 382 290 -162 -14.06 -51.32 -358 49 -1269
62.33 -2.15 300 188 24 -28.01 -38.63 72 485 -218 -14.52 -51.47 -417 -15 -987
61.86 -2.36 506 189 137 -28.32 -37.41 -56 559 -146 -14.92 -51.66 -264 -144 -728
61.37 -2.54 676 300 210 -28.57 -35.87 -238 491 -279 -15.33 -51.90 -269 -155 -474
60.58 -2.83 478 348 131 -28.59 -34.07 338 670 -672 -15.62 -52.14 -140 -290 -258
59.60 -3.18 294 472 -56 -28.34 -32.80 908 868 -1482 -15.73 -52.32 -365 -293 18
58.71 -3.53 218 687 -431 -27.98 -32.42 389 16 -960 -15.59 -52.32 -146 -212 260
57.78 -3.97 -176 863 -879 -27.43 -33.52 -735 -1170 -463 -15.35 -52.21 77 173 280
57.03 -4.63 -426 750 -975 -27.00 -33.95 -294 -1625 -584 -15.22 -52.01 269 739 89
56.60 -5.58 -140 89 -414 -26.39 -34.65 -141 -1704 -464 -15.30 -51.82 363 1070 -5
56.38 -6.44 383 -669 506 -25.91 -35.27 233 -1275 -512 -15.31 -51.88 341 982 -10
56.48 -6.89 1332 -1355 1121 -25.76 -35.51 438 -983 -382 -15.38 -52.14 133 132 560
