65.27 -3.50 -165 26 115 -30.66 -30.13 425 313 -564 -11.58 -47.17 -124 -461 -410
64.49 -3.87 -115 -22 208 -30.76 -30.97 -1538 -1484 1206 -11.47 -47.06 499 -59 -690
64.49 -3.87 -115 -22 208 -30.76 -30.97 -1538 -1484 1206 -11.47 -47.06 499 -59 -690
63.04 -4.25 818 -131 325 -30.23 -31.40 -671 -1142 165 -11.87 -46.92 503 -413 -887
62.26 -4.41 918 -147 141 -29.83 -31.74 -374 -809 -80 -12.39 -46.86 295 -434 -813
61.32 -4.70 829 -124 126 -29.54 -31.98 53 -534 -128 -13.30 -47.01 -689 -1094 50
60.32 -4.95 550 98 -55 -29.54 -31.94 265 -492 -86 -13.85 -47.00 -1338 -1764 810
59.36 -5.15 332 328 -316 -29.83 -31.64 324 -740 -16 -14.15 -46.52 -1259 -953 307
58.50 -5.43 273 243 -226 -30.25 -31.14 349 -1043 68 -14.22 -46.13 -561 336 -466
57.55 -5.85 85 144 -254 -30.69 -30.52 -827 -1926 893 -14.02 -46.02 8 1252 -1010
56.56 -6.36 -168 282 -506 -30.90 -30.38 1294 -747 -243 -13.71 -46.19 18 1657 -1170
55.67 -6.89 -295 548 -754 -31.01 -31.19 -1810 -1466 927 -13.14 -46.72 454 1783 -907
54.86 -7.54 -247 560 -668 -31.11 -30.77 -1646 -1022 409 -12.55 -47.42 835 1284 -177
54.29 -8.47 133 235 -24 -30.93 -30.36 -395 220 -847 -12.11 -48.02 826 729 327
53.89 -9.18 852 -416 791 -30.51 -30.58 472 1037 -1504 -11.89 -48.48 857 534 443
53.62 -9.27 701 -636 860 -29.93 -31.73 798 1625 -1839 -12.06 -48.82 920 437 435
53.53 -9.14 558 -701 702 -29.12 -33.68 968 1996 -1541 -12.43 -49.14 565 309 366
53.56 -8.87 550 -565 254 -28.21 -35.82 1126 2033 -908 -12.79 -49.53 343 252 276
53.63 -8.56 305 -359 -348 -27.47 -37.91 954 1629 -82 -13.12 -49.96 117 213 172
53.81 -8.30 29 -313 -635 -27.02 -39.48 230 894 919 -13.37 -50.40 29 104 117
