56.98 -3.70 241 758 -550 -28.73 -32.80 -324 -1105 -120 -16.16 -54.30 469 118 460
56.09 -4.26 -522 525 -475 -28.08 -33.57 -171 -1275 -130 -15.55 -54.89 706 -253 739
55.73 -4.94 -497 138 -172 -27.59 -34.30 4 -1077 -308 -14.95 -54.95 714 -422 682
55.79 -5.46 448 -449 691 -27.30 -34.73 431 -879 -324 -14.69 -54.60 340 -43 366
56.00 -5.60 1353 -946 1064 -27.43 -34.63 630 -850 -252 -14.52 -54.13 -110 794 -294
56.00 -5.38 980 -1077 523 -27.84 -34.15 632 -1083 -87 -14.31 -54.11 -1137 837 -690
55.98 -5.07 148 -918 -373 -28.39 -33.67 812 -1109 -220 -14.01 -54.34 -1652 -6 -416
56.23 -4.84 -110 -768 -808 -29.05 -33.41 37 -1156 -146 -13.53 -54.54 -1495 -996 -348
56.55 -4.55 139 -784 -671 -29.67 -32.51 521 -555 -1021 -13.19 -54.56 -1080 -1363 -362
56.86 -4.10 133 -861 -398 -29.84 -32.83 -116 -511 -356 -13.02 -54.49 -407 -978 -648
57.12 -3.73 -119 -869 -103 -30.09 -33.01 -238 -435 -49 -12.98 -54.37 170 -335 -980
57.12 -3.73 -119 -869 -103 -30.09 -33.01 -238 -435 -49 -12.98 -54.37 170 -335 -980
57.92 -2.97 464 -691 742 -30.36 -33.02 221 252 -85 -12.96 -53.69 1014 -90 -1151
58.29 -2.30 634 -434 693 -30.34 -33.42 581 884 -410 -13.35 -53.03 741 -354 -1103
58.68 -1.54 520 -119 333 -30.16 -34.23 738 1351 -457 -14.07 -52.28 -11 -411 -1014
59.05 -0.80 143 196 -76 -30.01 -35.15 589 1641 -390 -14.65 -51.64 -621 -645 -670
59.46 -0.17 -281 513 -381 -29.90 -36.13 334 1759 -262 -14.99 -51.06 -601 -763 -366
59.84 0.30 -549 724 -411 -29.84 -36.68 -790 983 885 -15.26 -50.43 -308 -348 -466
60.23 0.58 -512 836 -288 -29.81 -36.59 -249 802 494 -15.60 -49.98 -210 184 -509
60.48 0.75 -450 741 -22 -29.81 -36.66 -307 380 325 -15.73 -49.83 -117 429 -421
