62.41 1.86 267 172 46 -27.44 -42.25 1 300 9 -17.06 -50.04 16 43 38
62.43 1.90 263 134 106 -27.37 -42.54 -64 267 7 -17.11 -50.06 14 38 51
62.43 1.90 263 134 106 -27.37 -42.54 -64 267 7 -17.11 -50.06 14 38 51
62.34 1.90 51 59 111 -27.07 -43.27 -49 274 -27 -17.18 -50.24 68 48 125
62.32 1.89 1 105 69 -26.91 -43.48 52 366 5 -17.19 -50.41 95 62 133
62.33 1.82 104 47 192 -26.89 -43.09 116 180 185 -17.28 -50.59 41 139 75
62.30 1.75 142 4 229 -27.03 -42.63 -49 195 -26 -17.39 -50.87 -28 116 138
62.23 1.70 135 11 156 -27.07 -42.22 70 283 -125 -17.41 -51.14 -71 143 151
62.07 1.64 -43 92 -56 -27.09 -41.93 96 226 -91 -17.36 -51.47 -35 122 162
61.94 1.54 -58 177 -180 -27.16 -41.58 71 199 -79 -17.31 -51.92 -17 86 132
61.86 1.39 28 196 -119 -27.36 -41.12 58 229 -58 -17.26 -52.52 -38 83 127
61.75 1.22 197 171 45 -27.69 -40.40 -78 249 53 -17.15 -53.20 -49 180 155
61.53 1.02 265 65 256 -28.15 -39.31 -233 359 -1 -16.96 -53.83 -71 278 200
61.23 0.78 500 -8 518 -28.56 -37.83 -423 465 -283 -16.72 -54.39 -28 260 198
60.73 0.59 379 10 570 -28.87 -36.06 -539 617 -677 -16.47 -54.96 80 238 237
59.99 0.28 333 -1 505 -28.94 -34.27 397 1114 -1412 -16.24 -55.57 144 172 234
59.03 -0.08 69 128 324 -28.70 -33.67 2427 2476 -3242 -16.05 -56.19 120 153 261
58.07 -0.54 -59 388 6 -28.03 -35.27 1703 1387 -1942 -15.87 -56.84 131 82 322
57.23 -1.10 -221 613 -344 -27.35 -36.10 -334 -1251 481 -15.67 -57.52 13 -189 681
56.47 -1.77 -570 880 -852 -26.75 -36.41 -27 -1471 186 -15.43 -57.86 -133 -872 1174
