62.02 0.90 116 -6 92 -28.50 -39.65 79 130 -128 -17.50 -45.63 74 1582 -524
62.04 0.88 135 3 88 -28.49 -39.66 80 134 -132 -16.76 -45.03 420 2459 -1075
62.06 0.85 174 -4 109 -28.49 -39.67 89 131 -128 -16.12 -44.77 389 3192 -1683
62.07 0.84 213 -19 132 -28.49 -39.68 89 123 -129 -15.17 -45.02 -114 2559 -1841
62.06 0.85 186 -15 126 -28.49 -39.68 89 110 -133 -14.87 -45.76 -1018 -1458 323
62.06 0.86 142 -3 95 -28.49 -39.68 84 105 -137 -14.59 -45.54 -1254 -2940 1354
62.06 0.85 138 -12 92 -28.49 -39.68 75 102 -130 -14.18 -44.74 -660 -1587 441
62.06 0.83 148 -25 117 -28.49 -39.68 67 88 -111 -13.85 -44.18 134 -508 -414
62.06 0.82 171 -27 115 -28.49 -39.63 -22 -40 42 -13.94 -43.77 692 94 -872
62.04 0.81 167 -25 121 -28.56 -39.43 -281 -411 416 -14.33 -43.56 447 135 -800
62.02 0.81 176 -26 131 -28.73 -38.59 -1002 -1433 1401 -14.66 -43.65 90 -218 -419
62.00 0.82 206 -31 149 -28.98 -37.30 -673 -1555 1447 -14.99 -43.90 -358 -641 20
61.97 0.85 310 -65 198 -29.30 -35.83 -434 -1206 967 -15.31 -43.88 -264 50 -168
61.92 0.91 477 -126 308 -29.64 -34.19 -101 -183 -278 -15.56 -43.98 -97 1084 -655
61.90 1.08 858 -172 437 -29.84 -32.90 590 1288 -1744 -15.66 -44.44 208 1560 -690
61.89 1.39 919 -248 519 -29.77 -32.45 2410 3092 -3377 -15.72 -45.05 235 1487 -503
61.86 1.73 543 -156 238 -29.57 -34.30 4591 5146 -5858 -15.54 -45.81 273 1053 -172
61.76 1.94 -59 22 -120 -28.76 -39.63 2557 3389 -4021 -15.17 -46.50 329 358 186
61.56 1.88 -786 248 -386 -28.46 -41.42 -872 -1197 390 -14.95 -47.00 270 -148 387
61.15 1.39 -1481 519 -625 -28.03 -42.16 -453 -1375 -169 -14.95 -47.28 131 -323 360
