61.59 -0.03 26 10 32 -28.43 -40.30 85 135 -123 -17.20 -49.92 467 -586 430
61.35 -0.24 -192 40 -3 -28.43 -40.30 91 119 -125 -17.61 -49.78 146 -679 511
60.94 -0.60 -393 76 -68 -28.42 -40.30 87 126 -127 -18.01 -49.47 79 -764 580
60.40 -1.13 -627 211 -244 -28.43 -40.30 80 133 -123 -18.21 -49.15 11 -454 385
59.77 -1.85 -798 543 -619 -28.43 -40.30 76 140 -127 -18.34 -48.81 142 106 149
59.39 -2.74 -798 789 -950 -28.42 -40.30 75 139 -126 -18.36 -48.44 251 540 -35
58.99 -3.74 -438 748 -631 -28.41 -40.31 80 134 -125 -18.20 -48.03 170 904 -212
59.13 -4.47 1885 -104 907 -28.42 -40.32 77 121 -133 -17.80 -47.50 -47 1574 -617
59.14 -4.47 1956 -635 1216 -28.42 -40.31 83 126 -129 -17.16 -47.17 -87 2066 -1113
58.84 -4.13 900 -425 393 -28.42 -40.31 74 120 -125 -16.36 -47.27 -311 1610 -1200
58.77 -3.93 262 -222 -112 -28.42 -40.30 71 120 -123 -16.08 -47.65 -1072 -1086 -45
58.86 -3.82 365 -218 -92 -28.43 -40.27 81 103 -84 -15.91 -47.51 -979 -2071 576
58.99 -3.60 639 -273 174 -28.47 -40.23 40 39 -21 -15.78 -47.05 -475 -1122 14
58.99 -3.60 639 -273 174 -28.47 -40.23 40 39 -21 -15.78 -47.05 -475 -1122 14
59.36 -2.59 608 -222 425 -28.63 -40.01 -90 -126 197 -15.65 -46.50 337 -125 -545
59.67 -2.03 407 -268 325 -28.78 -39.58 -464 -501 658 -15.81 -46.42 104 -160 -443
59.76 -1.60 -450 -67 -51 -28.98 -38.76 -357 -570 813 -16.07 -46.46 -161 -403 -188
59.87 -1.32 -580 79 -166 -29.25 -37.75 -68 -378 515 -16.33 -46.46 -352 -588 -63
60.02 -1.12 -527 226 -270 -29.62 -36.62 -120 -85 110 -16.62 -46.41 -381 -402 103
60.02 -1.12 -527 226 -270 -29.62 -36.62 -120 -85 110 -16.62 -46.41 -381 -402 103
