61.95 0.20 161 -14 81 -29.50 -39.51 71 135 -130 -17.85 -49.35 -1 13 -43
61.95 0.19 147 19 52 -29.51 -39.52 65 128 -114 -17.84 -49.33 -4 18 -34
61.94 0.16 142 24 63 -29.53 -39.51 63 161 -114 -17.82 -49.32 14 33 -33
61.93 0.14 134 9 82 -29.53 -39.55 42 159 -102 -17.81 -49.31 8 66 -41
61.92 0.10 154 -18 112 -29.53 -39.55 59 140 -110 -17.80 -49.32 23 69 -28
61.90 0.07 158 -32 122 -29.50 -39.59 18 101 -99 -17.79 -49.33 3 56 -4
61.86 0.04 135 -29 110 -29.45 -39.62 73 80 -91 -17.78 -49.34 -6 33 1
61.86 0.04 135 -29 110 -29.45 -39.62 73 80 -91 -17.78 -49.34 -6 33 1
61.80 -0.06 95 9 53 -29.47 -39.58 101 77 -32 -17.75 -49.34 2 22 -7
61.78 -0.13 116 -5 90 -29.49 -39.51 133 -12 74 -17.74 -49.35 -2 26 -10
61.75 -0.18 173 -2 123 -29.60 -39.31 -466 -457 532 -17.73 -49.37 5 60 7
61.72 -0.18 217 4 118 -29.78 -38.19 -731 -1056 1379 -17.71 -49.38 4 41 12
61.68 -0.17 243 -23 137 -30.14 -36.85 -417 -610 735 -17.70 -49.39 -3 9 -3
61.60 -0.17 286 -65 154 -30.58 -35.29 -146 165 -263 -17.69 -49.41 -2 -25 -5
61.50 -0.14 417 -81 182 -30.92 -33.70 604 1239 -1476 -17.69 -49.43 4 -86 39
61.35 -0.10 505 -181 322 -31.04 -32.59 2588 2546 -2789 -17.68 -49.42 51 -129 76
61.12 -0.03 417 -209 356 -31.06 -33.73 4602 4109 -4580 -17.56 -49.43 195 -343 281
60.80 0.00 215 -197 281 -31.04 -36.67 1532 1212 -1460 -17.37 -49.32 63 -666 456
60.31 -0.09 -283 15 -59 -30.89 -37.45 -456 -1583 770 -17.43 -48.93 -28 -834 570
59.70 -0.43 -768 398 -558 -30.74 -37.92 -300 -1286 86 -17.48 -48.29 5 -834 567
