61.90 1.07 852 -93 288 -25.39 -53.61 573 2388 -606 -16.93 -48.92 12 -160 31
61.99 1.48 1129 -189 355 -24.19 -56.53 907 3745 -641 -16.99 -48.87 46 -289 102
62.09 2.03 1182 -288 358 -23.69 -57.76 -338 1927 702 -17.04 -48.77 -28 -603 221
62.04 2.65 791 -256 183 -22.35 -60.30 -2148 1205 1575 -17.18 -48.57 -72 -1135 376
61.87 3.25 147 -125 -68 -21.69 -61.24 -771 788 647 -17.40 -48.24 -137 -1470 439
61.76 3.69 -539 58 -267 -21.18 -62.21 -453 95 104 -17.59 -47.86 -111 -1283 396
61.54 3.79 -1314 313 -526 -20.81 -62.86 -137 71 -163 -17.73 -47.38 166 -617 56
61.29 3.35 -2106 576 -663 -20.70 -62.99 32 -139 -104 -17.82 -47.04 249 308 -266
61.20 2.45 -1586 465 -456 -20.89 -62.56 -63 -534 41 -17.64 -46.82 371 1466 -492
61.40 1.57 -327 140 264 -21.27 -61.71 -80 -663 -55 -17.17 -46.71 711 2669 -835
61.56 1.04 792 -405 898 -21.78 -60.53 -1688 -3000 1156 -16.74 -46.91 632 3031 -1022
61.44 1.02 851 -574 803 -22.84 -57.59 -33 -962 163 -16.36 -47.50 262 2037 -889
61.23 1.18 568 -517 401 -23.87 -54.86 -305 -781 -114 -16.43 -48.13 -259 125 27
61.08 1.29 364 -416 52 -24.85 -51.93 52 -103 -565 -16.42 -48.19 -953 -1440 824
61.01 1.35 386 -314 -38 -25.67 -49.12 409 794 -1317 -16.22 -47.79 -781 -1393 556
60.98 1.45 548 -280 86 -26.33 -46.45 888 1356 -1882 -16.07 -47.28 -329 -992 85
60.93 1.69 377 -281 299 -26.79 -44.47 1419 1744 -2301 -16.06 -46.76 -68 -661 -194
60.77 1.98 -308 68 -75 -27.09 -43.52 1478 1741 -2327 -16.21 -46.30 5 -382 -320
60.80 2.03 -614 189 -106 -27.31 -43.10 1082 1072 -1757 -16.51 -46.02 -194 -344 -190
60.90 1.88 -704 274 -142 -27.51 -42.97 485 326 -1052 -16.70 -45.67 -70 103 -163
