62.11 -0.56 150 -9 100 -28.04 -42.78 78 116 -124 -17.69 -45.94 383 1001 -478
62.12 -0.56 156 3 83 -28.04 -42.78 74 120 -119 -17.44 -45.77 543 2033 -814
62.12 -0.56 138 3 71 -28.04 -42.79 73 132 -123 -16.84 -45.95 990 2967 -1111
62.13 -0.57 124 2 69 -28.04 -42.80 74 130 -122 -16.47 -46.34 518 2611 -1049
62.14 -0.59 140 -15 97 -28.03 -42.80 81 85 -129 -16.36 -46.95 -254 669 -248
62.14 -0.60 179 -31 121 -28.02 -42.82 92 41 -114 -16.40 -47.19 -908 -1185 736
62.13 -0.58 189 -28 121 -28.02 -42.85 234 32 -90 -16.23 -46.87 -1050 -1448 661
62.13 -0.56 171 -18 108 -28.02 -43.04 166 -40 27 -16.03 -46.44 -581 -1033 189
62.12 -0.54 139 -12 93 -27.92 -43.47 124 -107 137 -15.94 -45.97 -240 -837 2
62.12 -0.53 162 -26 118 -27.73 -44.28 183 -281 229 -16.07 -45.44 -199 -669 -98
62.12 -0.51 273 -53 162 -27.42 -45.46 197 -713 531 -16.28 -44.96 -228 -373 -220
62.12 -0.42 289 -43 146 -27.16 -46.72 -253 -1187 883 -16.64 -44.53 -295 -67 -121
62.12 -0.32 335 -31 130 -27.02 -47.99 -548 -995 742 -16.80 -44.20 -93 727 -522
62.14 -0.20 420 -62 179 -26.70 -49.56 -275 54 207 -16.99 -44.13 32 1233 -655
62.15 -0.03 565 -42 163 -26.02 -51.63 589 1925 -614 -17.08 -44.27 216 1362 -609
62.24 0.25 956 -99 274 -24.95 -54.46 1932 4570 -1720 -17.01 -44.56 260 1200 -412
62.31 0.65 1226 -337 534 -23.44 -58.16 1344 4535 -1018 -16.75 -44.86 211 789 -82
62.31 1.22 1259 -525 639 -22.66 -59.92 690 3111 -259 -16.34 -44.99 220 510 -31
62.16 1.91 814 -464 410 -21.64 -61.54 -390 858 1012 -15.92 -45.14 279 314 -152
61.86 2.52 103 -279 104 -21.15 -62.45 -268 263 280 -15.57 -45.40 357 201 -264
