60.95 0.16 -351 275 -118 -24.03 -56.31 1811 4220 -1484 -16.74 -44.54 -23 1100 -415
61.13 -0.33 -69 194 -47 -22.60 -60.08 -261 2417 742 -16.49 -44.95 54 881 -262
61.26 -0.76 250 130 17 -21.32 -62.65 -983 1650 815 -16.14 -45.35 130 625 -160
61.34 -1.08 548 80 88 -20.63 -63.88 -931 343 963 -15.86 -45.76 226 497 -200
61.40 -1.30 753 89 113 -20.19 -64.85 -592 116 292 -15.66 -46.30 236 323 -211
61.65 -1.36 1254 25 282 -19.79 -65.59 -509 -270 122 -15.51 -46.92 209 -50 -9
61.77 -1.29 1141 -87 275 -19.61 -65.80 -279 -352 39 -15.36 -47.45 -3 -1005 599
61.70 -1.18 459 38 -5 -19.66 -65.56 -204 -510 127 -15.13 -47.66 14 -1284 615
61.70 -1.18 459 38 -5 -19.66 -65.56 -204 -510 127 -15.13 -47.66 14 -1284 615
61.81 -1.23 241 -10 175 -20.49 -63.60 -917 -2133 464 -15.32 -47.76 159 -324 188
61.82 -1.24 223 -66 226 -21.67 -60.90 -387 -1104 250 -15.39 -47.82 53 -213 136
61.83 -1.19 143 -44 163 -22.81 -57.78 -542 -953 -43 -15.45 -47.84 -7 -145 102
61.87 -1.18 176 -30 145 -24.06 -54.13 -407 -612 -427 -15.47 -47.85 -4 -76 68
61.89 -1.18 246 -63 170 -25.19 -50.20 361 334 -1208 -15.49 -47.85 -17 -17 49
61.87 -1.16 250 -53 142 -26.27 -46.35 949 954 -1915 -15.48 -47.85 7 -6 29
61.86 -1.12 183 -6 76 -27.12 -43.17 1293 1286 -2385 -15.48 -47.84 18 6 -1
61.86 -1.10 146 22 59 -27.60 -41.41 1632 1587 -2575 -15.50 -47.84 39 15 -7
61.87 -1.09 133 25 69 -27.71 -40.93 1625 1363 -2145 -15.52 -47.85 58 27 -2
61.89 -1.07 91 31 57 -27.79 -41.11 1052 591 -1188 -15.54 -47.86 62 44 -9
61.92 -1.06 70 23 32 -27.99 -41.52 478 -18 -442 -15.57 -47.86 50 31 8
