61.63 -0.35 131 45 36 -28.10 -45.42 4 184 216 -16.44 -47.61 -13 -18 10
61.63 -0.35 131 45 36 -28.10 -45.42 4 184 216 -16.44 -47.61 -13 -18 10
61.56 -0.47 219 36 54 -28.19 -46.74 -265 -371 577 -16.44 -47.54 28 89 -14
61.49 -0.53 249 -17 105 -28.37 -47.09 -408 -484 417 -16.46 -47.49 56 84 12
61.35 -0.61 177 -37 85 -28.69 -47.26 -361 -285 171 -16.53 -47.41 45 26 7
61.17 -0.71 257 -64 99 -29.11 -47.20 -168 207 -103 -16.61 -47.30 26 21 10
60.88 -0.87 279 -152 261 -29.60 -46.84 33 857 -296 -16.67 -47.16 11 61 10
60.46 -1.02 421 -179 284 -30.10 -46.20 444 1515 -573 -16.69 -46.97 -39 60 40
59.99 -1.08 467 -20 44 -30.46 -45.58 1009 1950 -761 -16.65 -46.37 -89 17 173
59.44 -1.24 486 -75 93 -30.59 -45.29 1240 1531 -818 -16.62 -45.34 -13 82 -13
58.80 -1.49 502 -143 147 -30.65 -45.34 501 149 -570 -16.62 -44.19 82 -49 -131
58.12 -1.73 185 -95 42 -30.82 -45.12 -770 -1168 -114 -16.69 -42.94 -55 -232 -74
57.25 -2.07 -407 52 -191 -31.06 -44.23 -732 -1218 -139 -16.80 -41.49 -60 -166 -163
56.26 -2.73 -936 329 -502 -31.27 -43.03 -6 -710 -324 -16.86 -39.86 -24 48 -315
55.38 -3.61 -1085 728 -751 -31.51 -41.65 333 -432 -481 -16.78 -37.97 120 680 -784
54.78 -4.66 -488 846 -620 -31.83 -40.14 312 -406 -605 -16.73 -35.89 367 1527 -1916
54.49 -5.74 623 389 3 -32.04 -38.96 207 -571 -561 -17.01 -34.60 857 2132 -2989
54.24 -6.47 1259 -160 634 -32.01 -38.18 123 -608 -504 -16.98 -34.62 615 671 -1817
54.01 -6.64 1304 -394 625 -31.83 -37.65 -127 -430 -490 -17.03 -34.84 -1014 -1537 701
53.72 -6.48 726 -235 162 -31.63 -37.05 219 84 -701 -16.85 -34.33 -492 -1462 349
