61.21 -0.08 145 -19 109 -28.81 -44.72 -195 -298 509 -17.32 -48.13 -4 6 -12
61.18 -0.09 100 7 83 -28.84 -45.46 -565 -661 656 -17.32 -48.10 -10 -11 4
61.16 -0.15 135 -27 119 -28.96 -45.87 -566 -663 462 -17.30 -48.04 5 10 17
61.10 -0.22 245 -68 183 -29.20 -46.10 -209 -128 -1 -17.30 -47.96 42 9 47
61.00 -0.25 329 -95 221 -29.50 -46.04 132 507 -324 -17.31 -47.76 -66 -230 265
60.86 -0.28 394 -120 199 -29.92 -45.58 295 962 -366 -17.25 -47.31 -58 -285 252
60.61 -0.32 575 -154 184 -30.41 -44.72 589 1604 -592 -17.24 -46.58 -48 -277 211
60.15 -0.38 602 -139 140 -30.75 -43.76 1314 2174 -791 -17.20 -45.46 101 -65 10
59.59 -0.45 446 -121 117 -30.99 -42.95 1577 2473 -1023 -17.28 -43.88 -125 -152 -6
59.04 -0.56 244 -80 71 -31.17 -42.21 1413 1730 -1172 -17.24 -41.83 -230 -479 74
58.51 -0.71 71 -66 26 -31.17 -41.83 -343 -1411 36 -17.19 -39.45 -175 -516 -156
57.92 -0.93 -226 20 -104 -31.63 -40.70 -2003 -2565 115 -17.21 -37.05 -91 -333 -483
57.19 -1.37 -732 205 -340 -31.92 -39.05 -910 -1586 -392 -17.13 -34.81 62 13 -867
56.42 -2.11 -1156 537 -657 -31.91 -37.61 574 -567 -675 -17.06 -32.62 272 458 -1198
55.82 -3.10 -916 824 -824 -32.00 -36.52 791 -276 -694 -16.97 -30.51 722 1377 -2320
55.25 -4.33 -543 814 -757 -32.10 -35.68 309 -567 -499 -17.36 -29.65 1469 2597 -4251
54.76 -5.47 -19 765 -354 -32.04 -35.05 -358 -800 -232 -18.34 -31.23 1709 3206 -5257
54.94 -6.39 1935 -446 1183 -31.97 -34.12 -13 -264 -429 -18.27 -33.66 -1042 -683 -81
54.81 -6.33 1825 -758 1118 -31.88 -33.37 690 556 -761 -17.45 -33.81 -853 -2057 596
54.59 -5.92 830 -441 280 -31.86 -33.14 996 1236 -1152 -17.16 -33.75 -694 -1768 270
