57.83 -5.38 407 11 -56 -26.47 -41.70 107 559 -5 -12.98 -52.83 90 -1340 775
57.21 -5.53 491 -74 108 -26.78 -41.04 97 571 -166 -12.83 -51.70 30 -1078 313
56.61 -5.65 474 -104 185 -27.16 -40.40 153 355 -177 -12.88 -50.33 107 -305 -335
56.03 -5.66 187 24 36 -27.59 -39.69 254 322 -247 -12.97 -49.05 176 275 -777
55.46 -5.74 -125 265 -289 -27.94 -38.98 497 175 -238 -13.08 -47.89 102 18 -757
54.92 -5.97 -246 449 -573 -28.28 -38.29 184 -274 -13 -13.16 -46.65 -107 -426 -515
54.40 -6.38 -349 685 -815 -28.58 -37.50 -319 -540 -13 -13.21 -45.34 -274 -472 -444
53.77 -7.00 -511 774 -841 -28.86 -36.45 -395 -596 -25 -13.12 -44.03 -302 -434 -382
53.17 -7.92 -553 601 -647 -29.17 -35.28 20 -398 -300 -12.97 -42.56 -188 -93 -453
52.78 -9.00 935 -315 953 -29.53 -34.17 276 -452 -331 -12.73 -40.93 -25 528 -743
52.51 -9.07 1009 -597 807 -29.94 -32.96 -18 -735 -46 -12.40 -39.26 144 1290 -1268
52.40 -8.88 725 -720 612 -30.38 -31.40 -154 -846 82 -11.99 -38.08 326 2114 -1908
52.32 -8.57 389 -583 191 -30.84 -29.52 121 -558 -222 -11.47 -37.85 398 2122 -1966
52.44 -8.26 177 -344 -243 -31.30 -27.55 378 -44 -744 -11.07 -38.28 109 860 -1125
52.80 -7.86 293 -196 -344 -31.72 -25.64 671 577 -1441 -11.16 -39.17 -1053 -1952 1023
53.36 -7.38 613 -329 217 -31.90 -24.16 1734 1478 -2495 -10.92 -39.24 -921 -2222 1036
54.05 -6.83 858 -617 820 -31.75 -24.68 4173 3052 -4020 -10.65 -38.94 -495 -1395 262
54.86 -6.14 613 -775 843 -31.61 -28.07 1493 1506 -1963 -10.44 -38.71 97 -678 -417
55.81 -5.31 293 -730 775 -31.36 -28.94 61 -1113 876 -10.32 -38.74 648 -366 -674
56.71 -4.43 -12 -471 367 -30.85 -29.15 -95 -1147 473 -10.47 -39.01 801 -215 -607
