61.12 -0.68 136 -3 99 -29.54 -42.25 27 58 227 -16.71 -47.21 8 20 -12
61.12 -0.68 148 -25 125 -29.45 -42.81 -132 -55 456 -16.70 -47.21 20 19 2
61.12 -0.68 148 -25 125 -29.45 -42.81 -132 -55 456 -16.70 -47.21 20 19 2
61.10 -0.67 154 -44 144 -29.43 -43.83 -504 -600 928 -16.68 -47.17 30 -28 -1
61.08 -0.67 148 -24 118 -29.60 -43.80 -658 -891 883 -16.68 -47.12 7 -12 -4
61.07 -0.69 214 -2 111 -29.79 -43.70 -505 -567 318 -16.68 -47.07 9 46 -8
61.03 -0.71 228 -28 143 -30.03 -43.40 -216 -289 9 -16.68 -47.02 69 24 18
61.03 -0.71 228 -28 143 -30.03 -43.40 -216 -289 9 -16.68 -47.02 69 24 18
60.80 -0.82 169 -80 202 -30.94 -41.82 111 522 -616 -18.19 -34.58 -237 184 227
60.58 -0.88 175 -78 137 -31.41 -40.68 555 1315 -977 -17.80 -35.17 -11 486 -154
60.35 -1.00 243 -127 161 -31.78 -39.49 1219 1741 -1030 -17.34 -36.41 222 532 -275
60.05 -1.13 408 -121 192 -32.02 -38.40 1836 1913 -1092 -16.84 -38.10 332 328 -69
59.70 -1.21 442 -89 163 -32.14 -37.62 1509 659 -925 -16.42 -39.86 278 167 175
59.26 -1.36 362 -100 140 -32.40 -37.31 -638 -1139 -152 -16.18 -41.50 285 310 184
58.75 -1.57 148 -40 39 -32.75 -36.54 -1227 -1231 -292 -16.11 -43.04 419 613 51
58.13 -1.87 -203 51 -119 -32.76 -35.73 -79 -538 -602 -16.14 -44.47 492 911 -104
57.43 -2.36 -603 339 -421 -32.74 -35.09 631 152 -975 -16.29 -45.70 411 1066 -174
56.74 -3.15 -883 656 -685 -32.73 -34.73 690 390 -1072 -16.52 -46.63 154 1023 -186
56.10 -4.19 -821 833 -849 -32.65 -34.66 405 267 -927 -16.75 -47.33 -114 644 8
55.70 -5.26 -128 796 -423 -32.39 -34.93 256 -33 -608 -16.87 -47.76 -215 244 279
