61.10 -0.54 142 -17 108 -29.70 -41.05 94 135 -111 -17.15 -48.02 18 19 -3
61.09 -0.54 120 -25 117 -29.71 -41.05 90 131 -124 -17.14 -48.01 17 16 -16
61.09 -0.54 120 -25 117 -29.71 -41.05 90 131 -124 -17.14 -48.01 17 16 -16
61.07 -0.54 158 -13 105 -29.70 -41.06 95 130 -123 -17.15 -47.97 8 12 -16
61.07 -0.54 169 6 81 -29.70 -41.06 95 136 -122 -17.14 -47.95 22 24 -10
61.07 -0.54 169 6 81 -29.70 -41.06 95 136 -122 -17.14 -47.95 22 24 -10
61.07 -0.53 204 -24 112 -29.70 -41.06 98 137 -126 -17.09 -47.88 -6 -52 46
61.07 -0.50 230 -24 118 -29.69 -41.06 93 142 -130 -17.05 -47.81 -35 -104 53
61.09 -0.45 284 -8 132 -29.69 -41.07 91 140 -132 -17.00 -47.71 -50 -225 151
61.17 -0.37 495 -23 187 -29.69 -41.07 87 142 -136 -16.83 -47.47 -61 -516 302
61.25 -0.28 515 -49 188 -29.69 -41.07 89 132 -129 -16.69 -47.12 -73 -706 368
61.29 -0.23 498 -100 205 -29.68 -41.07 82 133 -115 -16.54 -46.57 -173 -1000 534
61.36 -0.20 267 -86 169 -29.68 -41.07 91 133 -113 -16.44 -45.78 -224 -748 230
61.37 -0.25 -116 -16 60 -29.68 -41.07 90 124 -113 -16.49 -45.04 -3 -18 -330
61.25 -0.43 -559 132 -71 -29.68 -41.07 95 109 -120 -16.67 -44.54 19 692 -648
61.07 -0.89 -807 328 -227 -29.67 -41.07 90 113 -135 -16.81 -44.28 157 1993 -1519
60.82 -1.64 -930 495 -508 -29.67 -41.05 85 120 -132 -17.04 -45.06 1327 4337 -3515
60.54 -2.62 -757 729 -623 -29.67 -41.05 83 123 -123 -17.87 -47.60 1095 3882 -1977
60.94 -3.39 1194 115 505 -29.68 -41.03 88 139 -120 -17.22 -49.70 -888 -363 2082
61.31 -3.52 2113 -571 1190 -29.66 -41.04 87 121 -128 -16.37 -50.17 -479 -796 947
