61.77 0.01 159 -1 101 -29.79 -39.93 -536 -1139 577 -16.99 -49.58 9 20 -27
61.77 0.02 158 -13 112 -29.93 -39.09 -467 -766 163 -16.99 -49.56 16 14 -22
61.76 0.02 158 -21 118 -30.06 -38.05 -382 -512 -17 -16.99 -49.55 -5 17 -15
61.76 0.02 158 -21 118 -30.06 -38.05 -382 -512 -17 -16.99 -49.55 -5 17 -15
61.74 0.07 199 -36 116 -30.14 -35.87 120 290 -591 -16.99 -49.50 -21 -41 24
61.74 0.10 272 -57 140 -30.08 -34.93 416 795 -851 -16.96 -49.46 -21 -81 23
61.76 0.18 456 -101 243 -29.99 -34.14 714 1266 -1053 -16.92 -49.39 -32 -296 117
61.79 0.35 770 -156 373 -29.85 -33.68 1239 1782 -1266 -16.76 -49.16 -76 -908 434
61.86 0.61 913 -297 507 -29.65 -33.76 2100 2327 -1337 -16.75 -48.67 -203 -1095 410
61.83 0.93 590 -308 370 -29.79 -34.49 2400 2093 -1769 -16.81 -47.99 -238 -1097 411
61.76 1.23 177 -169 147 -29.67 -36.44 1024 -293 -474 -16.86 -47.16 -214 -607 50
61.74 1.46 -77 -65 34 -29.93 -37.47 -1968 -2041 1055 -16.88 -46.39 -63 -118 -244
61.69 1.56 -310 12 -47 -29.98 -37.20 -2116 -2099 1330 -16.84 -45.78 -30 256 -360
61.61 1.54 -540 73 -111 -29.84 -36.64 -289 -717 117 -16.68 -45.31 -102 720 -522
61.50 1.37 -734 213 -205 -29.87 -36.45 573 290 -715 -16.42 -45.01 51 1542 -1023
61.37 0.95 -778 370 -348 -30.00 -36.44 419 446 -692 -16.39 -45.29 813 3390 -2510
61.12 0.27 -968 522 -597 -30.18 -36.32 -157 372 -584 -16.86 -47.07 1523 4767 -3643
60.88 -0.66 -925 764 -784 -30.22 -36.16 -543 70 -486 -17.85 -50.23 1104 3027 -1620
61.33 -1.38 1591 111 553 -30.18 -35.80 -562 262 -351 -17.14 -52.30 -1480 -1111 1800
61.62 -1.39 2479 -604 1342 -29.95 -35.51 357 661 -492 -16.45 -52.91 -997 -982 701
