61.68 -0.27 241 -31 142 -29.61 -37.98 -3 41 -153 -16.57 -50.15 -11 -100 24
61.68 -0.22 305 -44 159 -29.71 -37.28 -33 -38 -138 -16.57 -50.07 -34 -181 79
61.70 -0.14 424 -53 202 -29.81 -36.61 117 111 -311 -16.55 -49.87 -32 -410 207
61.73 0.00 555 -74 233 -29.86 -36.06 288 327 -493 -16.56 -49.61 -89 -573 211
61.75 0.22 568 -121 236 -29.89 -35.64 364 563 -603 -16.55 -49.22 -130 -825 308
61.77 0.48 477 -130 194 -29.89 -35.32 441 927 -808 -16.54 -48.67 -133 -743 210
61.77 0.74 278 -122 142 -29.84 -35.20 709 1447 -973 -16.62 -48.10 -32 -254 -147
61.72 0.97 27 -70 51 -29.71 -35.39 1103 2024 -1275 -16.77 -47.66 -1 43 -234
61.71 1.13 -103 -29 19 -29.64 -36.09 1424 2400 -1264 -16.81 -47.30 28 132 -212
61.75 1.23 -37 -36 49 -29.51 -37.08 1817 935 -969 -16.81 -46.98 -21 133 -197
61.81 1.35 52 -51 86 -29.35 -38.69 -554 -1697 820 -16.78 -46.70 -25 179 -249
61.85 1.51 -27 -13 23 -29.57 -38.86 -2681 -2852 1845 -16.74 -46.53 7 284 -271
61.87 1.61 -162 21 -29 -29.53 -37.96 -1455 -1924 1148 -16.66 -46.40 51 450 -314
61.89 1.61 -352 38 -46 -29.46 -37.36 317 -250 -356 -16.58 -46.32 -6 810 -436
61.85 1.46 -587 136 -112 -29.54 -37.17 811 522 -889 -16.44 -46.39 86 1325 -627
61.77 1.08 -811 338 -261 -29.71 -37.06 373 498 -808 -16.36 -46.60 561 2658 -1573
61.69 0.33 -967 422 -370 -29.83 -36.86 -96 352 -618 -16.84 -47.72 1686 4880 -3583
61.37 -0.77 -1113 513 -553 -29.85 -36.63 -325 142 -545 -17.99 -50.59 1219 3238 -2156
61.59 -1.69 1265 141 541 -29.77 -36.28 -499 271 -379 -17.37 -52.32 -986 -253 -42
62.12 -1.81 3007 -707 1609 -29.57 -35.94 427 609 -450 -17.13 -52.44 -889 -318 -606
