62.11 -0.62 162 -11 82 -28.48 -40.72 -315 -748 411 -16.54 -50.08 9 26 -7
62.13 -0.61 147 -4 81 -28.50 -40.16 -346 -1278 588 -16.51 -50.09 2 32 -20
62.13 -0.61 147 -4 81 -28.50 -40.16 -346 -1278 588 -16.51 -50.09 2 32 -20
62.16 -0.63 137 -11 108 -28.44 -38.79 -492 -1143 270 -16.45 -50.12 -7 16 -19
62.16 -0.63 137 -11 108 -28.44 -38.79 -492 -1143 270 -16.45 -50.12 -7 16 -19
62.19 -0.62 157 -9 97 -28.05 -37.62 410 801 -642 -16.36 -50.13 16 -29 -15
62.20 -0.62 171 -5 101 -27.81 -37.06 826 1732 -944 -16.35 -50.12 36 -39 -25
62.22 -0.63 226 -12 144 -27.70 -36.52 1344 2259 -1092 -16.36 -50.14 55 -29 -57
62.24 -0.60 416 -16 191 -27.74 -36.25 1881 2759 -1590 -16.36 -50.25 28 -333 120
62.32 -0.48 798 -57 315 -27.69 -36.86 1794 1515 -1649 -16.34 -50.41 200 -581 -413
62.45 -0.13 1145 -241 470 -27.62 -38.37 -328 -560 -106 -16.72 -51.69 -122 -1295 177
62.60 0.39 1186 -289 463 -27.58 -38.76 -1990 -1539 887 -16.84 -52.99 -410 -1525 277
62.79 1.04 1108 -334 358 -27.40 -38.29 -1137 -1136 527 -16.95 -54.49 -525 -542 28
62.72 1.73 331 -182 40 -27.26 -37.82 155 -327 -282 -16.82 -56.00 -317 516 1
62.64 2.26 -515 88 -350 -27.30 -37.50 381 -121 -362 -16.34 -57.50 -4 1878 -224
62.54 2.41 -1242 339 -574 -27.52 -37.04 213 -70 -279 -15.69 -59.42 716 3916 -946
62.51 2.10 -1480 501 -604 -27.79 -36.59 -13 121 -274 -15.37 -62.23 1378 5353 -1502
62.50 1.35 -1588 547 -508 -27.97 -36.14 -134 103 -170 -15.04 -65.35 547 3171 -163
62.71 0.46 -308 421 120 -28.09 -35.73 -360 172 49 -14.38 -66.99 -494 531 556
63.32 0.03 1461 -352 1154 -28.21 -35.19 169 620 -294 -13.66 -68.96 -328 -198 331
