62.99 -1.28 145 -11 105 -28.35 -40.77 79 137 -127 -15.66 -49.83 -35 38 -33
62.99 -1.26 164 -8 87 -28.34 -40.78 82 133 -121 -15.63 -49.83 7 7 -18
62.99 -1.25 148 -13 93 -28.35 -40.78 83 136 -116 -15.63 -49.82 16 -9 -12
63.00 -1.24 163 -15 94 -28.35 -40.78 86 138 -124 -15.63 -49.83 5 18 -22
63.01 -1.22 152 -5 81 -28.34 -40.79 83 136 -132 -15.61 -49.84 6 9 -16
63.01 -1.22 152 -5 81 -28.34 -40.79 83 136 -132 -15.61 -49.84 6 9 -16
63.01 -1.22 152 -5 81 -28.34 -40.79 83 136 -132 -15.61 -49.84 6 9 -16
63.06 -1.12 457 -47 213 -28.35 -40.80 89 126 -132 -15.69 -50.03 -7 -292 36
63.09 -0.95 674 -59 202 -28.36 -40.79 80 130 -124 -15.94 -50.81 255 -263 -305
63.16 -0.66 840 -153 295 -28.36 -40.79 78 132 -127 -16.36 -52.24 65 -604 -210
63.22 -0.23 940 -205 319 -28.37 -40.79 80 129 -132 -16.67 -54.10 -114 -880 130
63.33 0.33 1007 -258 298 -28.37 -40.78 78 130 -124 -16.78 -55.94 -195 -806 350
63.32 0.95 774 -303 238 -28.37 -40.78 80 133 -124 -16.85 -57.63 -156 -219 348
63.19 1.56 221 -188 36 -28.36 -40.78 77 121 -119 -16.86 -59.09 -130 521 321
63.10 2.07 -263 -61 -127 -28.36 -40.78 83 111 -122 -16.74 -60.33 -162 1528 172
62.96 2.37 -751 103 -271 -28.35 -40.78 81 114 -128 -16.41 -61.78 168 2898 -243
62.85 2.38 -1190 316 -441 -28.35 -40.78 82 119 -135 -16.11 -63.71 561 3784 -367
62.82 1.98 -1526 484 -516 -28.33 -40.79 83 121 -132 -15.82 -66.13 601 3363 352
62.73 1.10 -1477 537 -473 -28.32 -40.82 92 82 -117 -15.23 -68.43 -1051 140 1828
63.04 0.24 150 292 321 -28.30 -40.86 100 -4 -79 -14.68 -68.94 -563 -652 931
