63.34 -1.25 142 -27 115 -27.81 -41.38 73 118 -134 -15.92 -51.24 1 17 -26
63.33 -1.22 159 -31 103 -27.77 -41.39 77 124 -134 -15.91 -51.22 7 2 -17
63.33 -1.20 166 -19 90 -27.75 -41.39 65 123 -133 -15.91 -51.21 -4 6 1
63.34 -1.18 192 -12 97 -27.73 -41.41 72 124 -131 -15.92 -51.19 12 -60 8
63.35 -1.14 295 -32 146 -27.71 -41.42 75 137 -123 -15.92 -51.20 -51 -182 22
63.35 -1.06 434 -93 228 -27.70 -41.43 62 139 -135 -15.98 -51.25 -74 -396 29
63.35 -0.89 586 -123 271 -27.68 -41.44 63 140 -137 -16.00 -51.50 -89 -733 131
63.39 -0.61 700 -159 277 -27.65 -41.45 73 128 -129 -16.16 -51.91 -95 -697 -5
63.41 -0.19 771 -195 275 -27.63 -41.45 80 127 -118 -16.34 -52.71 19 -544 27
63.44 0.32 696 -168 197 -27.62 -41.46 77 130 -116 -16.51 -53.75 82 -365 16
63.43 0.85 551 -164 112 -27.61 -41.47 78 134 -122 -16.61 -55.09 169 -206 77
63.36 1.33 371 -118 65 -27.60 -41.48 70 116 -128 -16.70 -56.55 142 -40 162
63.31 1.79 302 -127 72 -27.59 -41.48 69 111 -128 -16.81 -57.87 -27 408 120
63.22 2.23 134 -103 17 -27.59 -41.48 62 103 -123 -16.80 -59.11 -166 1029 73
63.07 2.60 -274 -37 -94 -27.59 -41.47 66 105 -123 -16.58 -60.33 -89 2039 -103
62.92 2.78 -940 177 -298 -27.58 -41.47 71 119 -121 -16.19 -61.95 365 3871 -494
62.83 2.56 -1504 375 -488 -27.58 -41.46 58 77 -119 -15.79 -64.17 1301 5374 -1017
62.73 1.78 -1888 585 -779 -27.57 -41.49 70 -1 -144 -15.44 -67.21 767 2913 396
62.64 0.57 -1700 818 -809 -27.60 -41.57 -69 -200 -85 -14.87 -68.35 -706 35 1497
63.38 -0.43 1226 12 749 -27.57 -41.59 -246 -530 92 -14.31 -69.16 -484 -721 441
