63.29 -1.18 155 -10 88 -27.43 -41.41 18 174 99 -16.22 -50.32 4 24 -15
63.29 -1.18 147 -13 84 -27.43 -41.47 7 225 42 -16.22 -50.31 3 29 -19
63.29 -1.18 149 -5 89 -27.44 -41.61 -134 179 49 -16.21 -50.31 13 34 -13
63.29 -1.17 172 -5 102 -27.41 -41.74 -274 50 215 -16.21 -50.32 7 47 -13
63.29 -1.16 179 9 101 -27.55 -40.98 -646 -294 647 -16.22 -50.34 -3 56 -9
63.28 -1.13 151 21 97 -27.67 -40.09 47 272 80 -16.22 -50.37 -16 52 1
63.29 -1.11 140 26 115 -27.74 -39.52 311 561 -163 -16.21 -50.42 -23 46 -19
63.29 -1.09 142 5 146 -27.89 -38.96 429 660 -266 -16.21 -50.51 -2 17 38
63.29 -1.06 174 11 136 -28.14 -38.28 566 817 -526 -16.18 -50.59 38 26 72
63.30 -1.00 210 56 107 -28.38 -37.64 704 817 -501 -16.11 -50.78 99 32 135
63.31 -0.92 212 146 104 -28.71 -37.13 444 499 -109 -16.12 -50.96 29 174 24
63.34 -0.87 198 134 180 -29.05 -36.21 21 242 312 -16.26 -51.46 -50 52 178
63.32 -0.83 182 68 242 -29.43 -34.77 -591 113 311 -16.33 -51.94 -110 99 144
63.32 -0.83 182 68 242 -29.43 -34.77 -591 113 311 -16.33 -51.94 -110 99 144
63.21 -0.75 -45 33 190 -29.84 -30.78 -144 779 -1611 -16.33 -53.17 58 154 410
63.16 -0.70 -94 193 81 -29.61 -29.90 1701 1819 -3380 -16.19 -53.96 336 224 497
63.12 -0.74 -82 163 159 -28.77 -31.47 1369 704 -1423 -16.07 -54.89 499 90 580
62.92 -0.86 -78 75 188 -28.62 -32.65 -1007 -2144 1083 -16.00 -55.94 482 137 543
62.60 -1.05 -126 45 154 -28.22 -33.08 -526 -2107 451 -15.93 -56.89 600 -175 761
62.17 -1.42 -30 85 65 -27.71 -33.78 53 -1630 -41 -15.93 -57.38 460 -660 984
