61.37 0.58 -121 -43 401 -28.15 -40.19 63 208 134 -16.14 -57.06 25 -999 1353
60.84 0.16 -105 12 371 -28.06 -40.50 122 211 191 -15.81 -56.50 27 -885 1194
60.18 -0.33 -90 251 146 -28.04 -40.86 4 244 85 -15.37 -55.08 -131 -74 710
59.49 -0.92 -76 514 -226 -27.95 -41.27 -15 235 24 -14.68 -53.12 72 1218 -511
58.66 -1.74 -300 703 -713 -27.84 -41.70 4 256 21 -14.04 -51.53 127 2340 -1595
57.74 -2.72 -673 896 -1268 -27.70 -42.13 -3 270 63 -13.28 -50.59 149 2687 -2308
56.88 -3.87 -952 814 -1545 -27.55 -42.54 -2 290 120 -12.94 -50.50 -591 -17 -1625
56.21 -5.18 -770 386 -886 -27.40 -42.97 -96 272 94 -12.85 -50.38 -1214 -2606 -183
56.17 -6.32 1650 -911 973 -27.20 -43.48 -106 250 108 -12.81 -49.83 -1085 -2846 129
56.12 -6.43 2453 -1286 1530 -26.98 -43.26 -416 -271 978 -12.71 -49.05 -410 -1856 -305
56.06 -6.13 2161 -1265 1152 -27.32 -42.09 -674 -133 456 -12.64 -48.29 442 -667 -952
56.00 -5.67 1216 -831 213 -27.54 -40.98 -489 236 -97 -12.87 -47.61 881 -310 -1361
56.12 -5.34 472 -563 -372 -27.59 -39.82 -259 366 -150 -13.60 -47.25 840 -288 -1584
56.48 -4.83 259 -609 -453 -27.68 -38.34 -27 400 -86 -14.55 -47.34 57 -89 -1402
56.92 -4.19 -199 -672 -520 -27.99 -36.29 171 726 -567 -15.26 -47.56 -475 -84 -846
57.32 -3.67 -650 -558 -362 -28.42 -33.95 841 1411 -1757 -15.35 -47.74 -4 360 -854
57.82 -3.27 -562 -493 -207 -28.62 -32.45 2329 2380 -3307 -15.52 -48.08 175 713 -802
58.16 -2.88 -360 -351 -92 -28.38 -33.43 3915 3284 -4651 -15.72 -48.56 161 1009 -790
58.50 -2.47 29 -206 -5 -28.03 -35.77 -280 -291 -616 -15.90 -49.27 111 899 -636
58.85 -2.06 263 -126 49 -27.66 -35.68 318 -1388 -362 -16.10 -50.07 -380 447 -82
