61.26 1.43 16 61 297 -27.20 -43.53 37 312 -32 -16.78 -59.02 321 -439 826
60.93 1.20 116 32 292 -27.08 -43.87 39 288 -1 -16.43 -59.28 249 -1325 1408
60.40 0.90 64 -2 199 -26.94 -44.29 -2 221 10 -15.99 -58.85 32 -900 1035
59.54 0.39 -281 104 44 -26.75 -44.76 -37 267 -68 -15.57 -57.93 -407 474 213
58.59 -0.33 -484 348 -153 -26.52 -45.26 -38 254 -68 -14.86 -57.20 -388 1441 -548
57.79 -1.16 -498 659 -535 -26.27 -45.76 -26 247 -70 -14.04 -56.72 -99 1529 -1329
57.26 -2.12 -608 815 -926 -26.02 -46.22 -42 288 -25 -13.67 -56.72 -530 -256 -1289
56.85 -3.21 -246 515 -763 -25.84 -46.02 -159 40 488 -13.70 -56.57 -889 -1919 -718
56.77 -4.25 1312 -618 570 -25.98 -45.35 -431 -26 345 -13.73 -56.12 -694 -1874 -604
56.65 -4.60 1981 -1306 1166 -26.09 -44.63 -298 114 14 -13.77 -55.42 -183 -930 -852
56.46 -4.42 1494 -1338 723 -26.25 -43.75 -216 144 -92 -13.74 -54.67 495 -373 -936
56.40 -4.01 806 -981 -36 -26.46 -42.68 -120 222 -213 -13.90 -53.68 741 -294 -1158
56.51 -3.64 390 -651 -600 -26.70 -41.52 10 261 -303 -14.44 -52.90 668 -448 -1256
56.78 -3.29 279 -555 -620 -26.99 -40.18 -10 458 -437 -15.07 -52.19 -24 -349 -1047
57.23 -2.80 167 -644 -441 -27.30 -38.49 211 778 -627 -15.51 -51.54 -328 -234 -786
57.54 -2.32 -343 -572 -173 -27.61 -36.54 508 1177 -1237 -15.57 -50.92 51 224 -944
57.96 -1.94 -245 -602 24 -27.74 -35.26 1596 2062 -2675 -15.87 -50.39 -61 491 -960
58.21 -1.59 -353 -473 80 -27.09 -36.61 2334 2001 -2899 -16.10 -50.06 -12 711 -1015
58.52 -1.32 -45 -380 83 -26.44 -38.41 146 -1021 156 -16.24 -50.05 -34 712 -974
58.83 -1.01 8 -302 -2 -26.09 -39.09 -124 -2135 561 -16.24 -50.29 -23 665 -822
