62.05 -1.05 187 -4 67 -24.59 -40.75 138 -86 -16 -11.91 -47.56 6 -59 9
62.04 -1.06 70 33 17 -24.66 -40.41 28 -45 -161 -11.87 -47.36 76 169 -65
61.97 -1.14 -337 243 -220 -24.69 -40.10 119 30 -222 -11.80 -47.15 12 795 -261
61.86 -1.45 -1042 663 -618 -24.72 -39.82 53 6 -174 -11.57 -47.00 238 1907 -710
61.57 -2.28 -1539 761 -838 -24.76 -39.47 -14 -36 -129 -11.02 -47.25 697 2904 -1347
61.37 -3.62 -1032 896 -529 -24.79 -39.08 148 8 -135 -11.02 -47.91 -91 1967 -1976
61.88 -4.74 1826 -362 1222 -24.86 -38.77 221 117 -250 -11.54 -49.25 -635 -1563 757
61.89 -5.11 1652 -608 1366 -24.92 -38.55 263 205 -287 -11.40 -49.43 -1358 -2377 1408
61.70 -5.13 1001 -510 868 -24.95 -38.38 253 208 -246 -11.08 -49.27 -564 -1589 922
61.63 -4.95 777 -450 346 -24.98 -38.23 143 181 -232 -10.84 -49.02 71 -997 390
61.46 -4.72 50 -242 -415 -25.01 -38.07 43 107 -159 -10.86 -48.66 480 -195 -440
61.54 -4.63 -262 -58 -685 -25.04 -37.83 5 23 -52 -11.04 -48.50 574 168 -693
61.78 -4.69 341 -215 -117 -25.07 -37.51 -31 -50 38 -11.25 -48.50 509 57 -486
61.85 -4.64 889 -416 426 -25.12 -37.09 26 75 -69 -11.54 -48.51 247 -276 -110
61.83 -4.30 557 -318 331 -25.19 -36.72 444 710 -599 -11.80 -48.46 25 -396 112
61.94 -3.94 350 -180 306 -25.22 -36.94 2304 2469 -2169 -12.05 -48.42 -177 -330 78
62.09 -3.69 -83 -105 184 -25.04 -39.76 4968 5085 -5090 -12.07 -48.35 43 286 93
62.06 -3.53 -521 200 -91 -25.34 -42.61 -1479 -458 1003 -12.04 -48.36 94 903 -303
62.08 -3.54 -372 279 -79 -25.53 -43.12 -934 -1293 624 -11.92 -48.55 154 878 -211
62.14 -3.58 -60 301 -57 -25.41 -43.69 -794 -1228 242 -11.80 -48.79 136 506 -27
