65.17 -0.51 120 13 52 -26.20 -43.02 87 88 -103 -14.54 -51.98 15 -6 -7
65.18 -0.52 109 1 73 -26.20 -43.01 76 77 -87 -14.55 -51.96 16 8 -23
65.17 -0.54 124 -6 83 -26.21 -42.99 78 72 -109 -14.56 -51.95 12 35 -36
65.18 -0.56 140 -11 81 -26.20 -43.00 114 90 -120 -14.56 -51.94 15 51 -37
65.17 -0.58 175 -29 83 -26.21 -42.98 -8 -44 8 -14.56 -51.94 17 54 -33
65.17 -0.59 196 -29 83 -26.24 -42.71 -299 -533 457 -14.57 -51.95 5 56 -22
65.17 -0.59 179 -15 69 -26.34 -42.01 -427 -893 622 -14.57 -51.95 4 52 -18
65.17 -0.59 158 -4 79 -26.46 -41.10 -160 -840 439 -14.58 -51.96 21 43 -19
65.17 -0.59 143 -17 104 -26.55 -40.38 -169 -597 281 -14.58 -51.97 29 33 -2
65.17 -0.59 152 -16 93 -26.70 -39.51 -101 -259 42 -14.58 -51.98 54 13 -4
65.17 -0.59 152 -16 93 -26.70 -39.51 -101 -259 42 -14.58 -51.98 54 13 -4
65.18 -0.61 213 -31 98 -26.88 -37.80 54 117 -340 -14.59 -51.98 19 -6 -2
65.16 -0.61 243 -44 112 -26.98 -36.99 125 291 -647 -14.60 -51.96 -18 13 -16
65.15 -0.57 207 -33 88 -27.03 -36.38 560 936 -1374 -14.60 -51.96 -33 24 -10
65.14 -0.55 168 -17 65 -26.97 -36.36 1631 2437 -2606 -14.58 -51.95 -6 33 -8
65.15 -0.53 184 -28 86 -26.69 -37.99 3122 4654 -4648 -14.57 -51.95 11 17 -1
65.14 -0.50 182 -33 97 -25.66 -42.71 2851 4672 -4584 -14.57 -51.94 34 -18 14
65.14 -0.48 183 -40 93 -25.36 -44.96 -1666 -677 1479 -14.57 -51.91 20 -14 6
65.15 -0.45 285 -50 104 -25.24 -45.35 -573 -1053 527 -14.56 -51.89 4 -26 1
65.17 -0.37 544 -65 156 -25.10 -45.79 -250 -1007 215 -14.55 -51.86 8 -42 -5
