62.21 1.61 132 8 72 -27.95 -40.56 15 132 -102 -18.18 -51.27 11 33 -27
62.22 1.61 143 -9 97 -27.86 -40.67 77 93 -111 -18.19 -51.26 3 29 -31
62.22 1.61 143 -9 97 -27.86 -40.67 77 93 -111 -18.19 -51.26 3 29 -31
62.22 1.60 141 -6 87 -27.82 -40.84 78 66 -1 -18.19 -51.24 -14 49 -16
62.22 1.60 141 -6 87 -27.82 -40.84 78 66 -1 -18.19 -51.24 -14 49 -16
62.22 1.59 135 16 86 -27.88 -40.97 152 88 -39 -18.16 -51.23 15 52 5
62.22 1.58 146 20 77 -27.91 -41.06 179 81 -35 -18.15 -51.22 10 59 30
62.22 1.55 156 15 69 -27.99 -41.13 181 56 -18 -18.13 -51.20 19 46 30
62.21 1.52 81 5 57 -28.12 -41.19 51 20 -58 -18.12 -51.17 -13 38 11
62.19 1.44 47 15 32 -28.24 -41.15 -132 -246 256 -18.10 -51.19 -17 35 12
62.18 1.33 23 8 57 -28.33 -40.66 -435 -883 1014 -18.07 -51.24 -16 13 -10
62.16 1.22 37 8 76 -28.71 -39.75 -532 -944 812 -18.05 -51.33 14 -44 -22
62.15 1.13 139 4 118 -29.10 -38.86 -391 -451 45 -18.09 -51.44 3 -78 37
62.15 1.07 234 -13 168 -29.32 -38.09 8 576 -952 -18.12 -51.53 41 3 25
62.12 1.04 235 -10 156 -29.30 -37.80 1302 2211 -2330 -18.04 -51.70 38 -35 35
62.10 1.02 195 3 115 -29.05 -38.92 3330 4315 -3975 -17.99 -51.88 -48 59 -26
62.08 0.99 207 24 43 -28.54 -41.97 1265 2949 -1765 -17.96 -52.02 -9 39 -10
62.08 0.99 207 24 43 -28.54 -41.97 1265 2949 -1765 -17.96 -52.02 -9 39 -10
62.05 0.93 250 1 65 -28.16 -43.56 -891 -1376 725 -17.92 -52.22 -81 -90 28
62.05 0.93 250 1 65 -28.16 -43.56 -891 -1376 725 -17.92 -52.22 -81 -90 28
