62.17 0.37 136 -5 102 -28.48 -41.53 80 107 -106 -17.45 -50.63 -4 47 -18
62.17 0.37 144 -10 95 -28.50 -41.52 76 97 -102 -17.44 -50.63 7 48 -16
62.16 0.37 131 -13 89 -28.51 -41.49 79 122 -128 -17.44 -50.63 23 43 -15
62.16 0.38 135 -13 83 -28.53 -41.47 77 122 -132 -17.45 -50.64 12 24 -24
62.16 0.38 152 -13 77 -28.53 -41.46 82 119 -131 -17.45 -50.64 14 22 -33
62.17 0.38 139 -9 72 -28.53 -41.45 88 104 -98 -17.45 -50.63 9 20 -26
62.17 0.39 141 -10 80 -28.55 -41.42 80 81 -72 -17.46 -50.62 1 39 -17
62.17 0.39 141 -11 97 -28.56 -41.32 165 89 -40 -17.46 -50.61 14 43 -6
62.16 0.39 150 -12 101 -28.56 -41.28 178 116 -45 -17.47 -50.60 14 50 -13
62.15 0.40 152 1 102 -28.59 -41.18 19 7 45 -17.47 -50.61 21 37 -11
62.15 0.42 150 7 86 -28.69 -40.93 -13 -5 66 -17.49 -50.60 12 -32 24
62.15 0.42 151 -1 81 -28.83 -40.57 -30 -212 291 -17.50 -50.58 -4 37 -13
62.15 0.42 151 -1 81 -28.83 -40.57 -30 -212 291 -17.50 -50.58 -4 37 -13
62.13 0.41 156 -23 117 -29.41 -38.82 -572 -832 584 -17.53 -50.52 -9 20 4
62.10 0.41 121 -14 106 -29.82 -37.41 -358 -359 59 -17.53 -50.49 15 23 -10
62.09 0.40 155 -21 118 -30.19 -36.04 550 1000 -1280 -17.54 -50.47 23 -17 4
62.07 0.41 181 -3 100 -30.42 -35.61 2511 3104 -3249 -17.56 -50.43 51 -47 14
62.06 0.41 185 3 83 -30.12 -37.73 4067 4919 -4676 -17.59 -50.39 91 -127 79
62.06 0.43 195 3 84 -29.71 -40.26 -706 450 805 -17.55 -50.35 106 -192 109
62.04 0.43 169 4 74 -29.55 -40.60 -724 -1346 1053 -17.60 -50.33 83 -143 98
