62.01 0.32 281 -31 140 -28.74 -40.64 80 137 -143 -17.32 -50.28 5 33 -27
62.01 0.39 397 -36 190 -28.72 -40.65 86 146 -125 -17.32 -50.27 6 38 -31
62.00 0.49 470 -121 303 -28.71 -40.65 90 133 -119 -17.31 -50.27 22 31 -22
61.93 0.65 357 -152 315 -28.70 -40.66 88 121 -130 -17.32 -50.27 24 46 -24
61.73 0.70 -211 -50 156 -28.70 -40.67 85 113 -121 -17.32 -50.27 11 52 -21
61.35 0.43 -882 285 -241 -28.70 -40.66 87 109 -123 -17.32 -50.27 -12 55 -9
60.87 -0.21 -1524 863 -835 -28.70 -40.66 89 116 -119 -17.30 -50.28 -23 35 -8
60.63 -1.24 -1886 1287 -1285 -28.70 -40.64 87 106 -88 -17.28 -50.28 -2 7 -19
60.65 -2.48 142 799 -256 -28.72 -40.59 135 109 -81 -17.26 -50.27 -18 14 -25
60.97 -3.28 2257 -497 1278 -28.78 -40.52 45 -12 -3 -17.26 -50.26 -13 18 -28
60.64 -3.33 1633 -890 1113 -28.85 -40.36 -57 -129 50 -17.23 -50.26 17 43 -31
60.37 -3.05 690 -690 365 -28.93 -40.05 -262 -443 290 -17.22 -50.26 22 43 -23
60.34 -2.89 366 -508 -108 -29.05 -39.48 -360 -519 329 -17.21 -50.27 43 34 -17
60.26 -2.80 398 -372 -262 -29.23 -38.68 -431 -118 157 -17.21 -50.27 34 9 -16
60.36 -2.57 546 -294 -101 -29.44 -37.65 -242 818 -386 -17.22 -50.26 5 7 -21
60.70 -2.04 989 -312 289 -29.45 -36.97 1928 2482 -1822 -17.22 -50.25 -5 -1 -20
61.12 -1.29 1259 -445 693 -29.23 -38.59 3861 4623 -3978 -17.21 -50.22 5 17 -25
61.25 -0.59 19 -248 315 -29.08 -40.51 -295 832 458 -17.20 -50.21 42 3 -10
61.37 -0.14 -547 -53 66 -28.86 -40.80 -173 -677 553 -17.22 -50.19 57 -82 46
61.44 0.10 -946 194 -226 -28.73 -41.10 -161 -1138 163 -17.24 -50.12 35 -185 98
