61.54 1.39 645 -372 229 -23.39 -58.27 -102 2152 9 -17.11 -45.72 299 1363 -591
61.36 1.77 28 -222 98 -22.52 -59.87 302 2215 186 -17.16 -45.82 407 1587 -601
61.22 2.06 -552 128 -201 -20.90 -63.11 -662 2743 1039 -17.07 -46.07 282 1345 -340
61.23 2.11 -848 340 -304 -20.21 -64.03 145 1976 551 -16.77 -46.24 147 990 -180
61.31 1.93 -935 487 -463 -19.78 -64.96 63 895 124 -16.48 -46.36 -66 620 -167
61.38 1.53 -980 468 -439 -19.48 -65.61 157 495 -72 -16.23 -46.52 -272 132 -164
61.45 0.93 -803 298 -214 -19.41 -65.79 189 152 -157 -16.08 -46.73 -344 -353 -110
61.52 0.27 -368 86 57 -19.61 -65.43 -33 -423 -105 -15.98 -46.98 -240 -568 -22
61.56 -0.25 225 -98 347 -20.00 -64.62 -127 -748 -30 -15.93 -47.21 20 -453 -9
61.58 -0.52 709 -168 480 -20.79 -62.97 -1648 -2638 707 -15.93 -47.45 327 -181 -41
61.65 -0.59 849 -113 382 -21.80 -59.97 -115 -814 -41 -15.96 -47.78 470 -1 -69
61.71 -0.61 712 32 116 -22.98 -56.60 -496 -1107 70 -16.06 -48.15 370 -133 91
61.80 -0.64 477 165 -114 -24.13 -52.78 207 -160 -506 -16.14 -48.38 3 -572 437
61.91 -0.72 431 218 -164 -25.16 -49.12 528 1018 -1578 -16.17 -48.39 -51 -369 259
61.96 -0.82 490 194 -93 -25.92 -45.84 1338 1778 -2265 -16.23 -48.40 -35 -152 121
62.00 -0.90 510 71 102 -26.51 -43.61 1945 2255 -2801 -16.25 -48.43 -31 -120 93
62.01 -0.94 477 -84 266 -26.91 -42.72 1939 2035 -2791 -16.24 -48.47 -12 -66 44
61.97 -0.90 279 -74 200 -27.15 -42.73 1217 927 -1958 -16.24 -48.51 32 -8 7
61.98 -0.84 217 -7 107 -27.42 -42.96 99 -388 -724 -16.26 -48.57 54 50 -10
62.04 -0.80 271 -3 110 -27.64 -43.07 -695 -1183 339 -16.27 -48.64 52 50 18
