62.54 0.19 819 -41 241 -28.09 -42.58 72 125 -126 -17.79 -47.68 -20 -1247 290
62.63 0.62 1367 -105 350 -28.10 -42.58 69 127 -120 -17.93 -47.32 371 -411 -42
62.75 1.31 1610 -222 377 -28.10 -42.58 66 115 -122 -17.97 -47.10 434 627 -315
62.81 2.13 1344 -359 350 -28.10 -42.59 70 105 -132 -17.79 -46.92 437 1642 -442
62.63 2.98 543 -239 28 -28.10 -42.58 74 98 -122 -17.23 -46.93 808 2720 -762
62.43 3.67 -253 -36 -296 -28.10 -42.57 84 89 -111 -16.86 -47.08 489 2862 -877
62.27 4.04 -1021 187 -489 -28.11 -42.56 81 81 -105 -16.41 -47.52 22 1605 -432
61.99 3.91 -1815 381 -650 -28.12 -42.55 98 28 -88 -16.40 -47.72 -589 -351 344
61.74 3.21 -2141 415 -401 -28.11 -42.59 111 -164 47 -16.31 -47.51 -1080 -1333 600
61.79 2.38 -1130 337 -123 -28.14 -42.58 108 -662 386 -16.18 -47.07 -872 -1252 319
61.85 1.69 369 -191 667 -28.12 -42.98 162 -1067 583 -16.07 -46.59 -459 -926 -44
61.74 1.46 978 -602 951 -27.82 -44.58 109 -1008 503 -16.12 -46.13 -155 -603 -230
61.48 1.60 756 -673 714 -27.26 -47.09 372 -354 300 -16.29 -45.73 -48 -284 -309
61.24 1.85 459 -579 288 -26.46 -50.23 498 581 54 -16.59 -45.42 -44 -211 16
61.10 2.06 365 -422 8 -25.41 -53.77 351 1795 -302 -16.68 -45.08 126 415 -162
61.01 2.22 330 -286 -66 -24.18 -56.97 1074 3844 -897 -16.91 -44.82 120 1065 -452
60.94 2.38 322 -284 173 -22.83 -60.20 -513 2523 732 -17.17 -44.76 58 1287 -514
60.73 2.60 -283 1 -143 -21.97 -61.73 1122 3775 -299 -17.24 -44.84 36 1154 -415
60.63 2.62 -696 147 -217 -20.94 -63.19 -244 1475 1185 -17.08 -44.99 -60 971 -341
60.62 2.43 -860 260 -238 -20.44 -64.10 -193 524 397 -16.79 -45.17 -75 718 -286
