62.20 0.83 117 -44 76 -22.78 -61.31 1181 4217 -1021 -18.01 -48.41 -121 -9 -32
62.17 0.86 116 -113 184 -21.12 -64.68 1895 5716 -727 -18.03 -48.33 -131 -322 54
62.10 0.89 100 -132 206 -19.90 -66.86 -1403 1410 1711 -18.04 -48.23 -69 -521 59
62.04 0.96 110 -107 179 -19.44 -67.49 -915 -175 1377 -18.13 -48.23 10 -444 7
62.03 1.07 285 -79 194 -19.16 -67.83 -583 -530 306 -18.25 -48.30 143 -171 -76
62.06 1.25 521 -82 227 -18.93 -68.25 -421 -559 -222 -18.38 -48.46 181 -62 -29
62.08 1.52 644 -87 213 -18.75 -68.48 -245 -598 -315 -18.44 -48.56 33 -362 191
62.08 1.83 523 -65 127 -18.75 -68.34 -215 -859 -252 -18.47 -48.49 -102 -565 251
62.06 2.10 303 -53 39 -19.17 -67.28 -477 -1480 287 -18.53 -48.34 -81 -367 125
62.06 2.10 303 -53 39 -19.17 -67.28 -477 -1480 287 -18.53 -48.34 -81 -367 125
62.03 2.64 529 -94 175 -21.10 -62.32 97 -356 -577 -18.38 -48.13 242 1381 -320
61.97 3.05 599 -100 172 -22.24 -59.42 -478 -1190 -217 -17.91 -48.16 673 2528 -600
61.86 3.51 192 -26 4 -23.50 -55.79 97 -350 -625 -17.22 -48.40 840 2974 -965
61.74 3.83 -592 183 -296 -24.76 -51.86 769 689 -1273 -17.00 -48.88 187 1470 -668
61.65 3.75 -1572 424 -592 -25.99 -47.94 1258 1381 -1896 -16.91 -49.28 -497 -911 551
61.53 3.04 -2280 498 -739 -26.97 -44.92 1613 1912 -2451 -16.79 -49.07 -1152 -1937 919
61.65 1.89 -1593 607 -469 -27.52 -43.48 2086 2466 -2965 -16.52 -48.53 -848 -1604 439
62.14 0.88 700 14 618 -27.63 -43.57 1969 1964 -2598 -16.39 -47.96 -384 -1107 -102
62.20 0.46 1460 -555 1124 -27.61 -44.27 942 426 -1297 -16.49 -47.48 -81 -635 -269
61.89 0.52 997 -731 913 -27.80 -44.33 -2031 -2746 1698 -16.66 -47.08 -84 -493 -266
