59.12 1.63 126 -11 90 -27.98 -45.73 57 111 288 -16.99 -48.39 10 27 -13
59.12 1.63 122 -3 89 -27.96 -46.38 -86 24 352 -16.99 -48.36 17 37 -16
59.13 1.64 163 -4 96 -28.01 -46.82 -619 -381 655 -16.99 -48.35 23 42 -10
59.14 1.64 151 -4 93 -28.22 -46.71 -941 -850 958 -16.98 -48.34 23 39 -28
59.13 1.65 126 -1 99 -28.54 -46.28 -677 -574 640 -16.99 -48.31 -11 30 -40
59.13 1.65 140 -1 98 -29.02 -45.53 -303 102 228 -16.99 -48.28 -20 27 -31
59.12 1.64 140 8 93 -29.67 -44.36 78 922 -390 -16.97 -48.23 -9 5 -19
59.11 1.62 132 -4 91 -30.30 -43.11 661 1563 -948 -16.97 -48.13 19 -42 13
59.10 1.60 96 -20 102 -30.65 -42.21 1308 1303 -1283 -17.01 -47.99 20 -28 28
59.08 1.55 128 -41 125 -30.87 -41.81 983 372 -1200 -17.07 -47.76 -33 34 136
59.06 1.53 203 -7 120 -31.03 -41.82 -380 -930 -614 -17.06 -47.22 78 55 50
59.04 1.53 226 18 98 -31.20 -41.22 -500 -1163 -344 -17.13 -46.56 85 -6 58
59.00 1.51 179 -2 109 -31.33 -40.19 168 -711 -425 -17.21 -45.63 3 -72 113
58.93 1.47 92 -8 103 -31.51 -39.09 568 -411 -533 -17.30 -44.39 -68 -9 51
58.83 1.38 83 -11 109 -31.68 -37.99 687 -398 -524 -17.38 -42.76 26 269 -186
58.71 1.25 187 -111 255 -31.79 -37.07 376 -612 -442 -17.45 -40.76 80 725 -570
58.47 1.04 280 -273 420 -31.82 -36.31 -202 -695 -325 -17.43 -38.43 233 1387 -1253
58.01 0.84 228 -282 433 -31.79 -35.56 71 -90 -568 -17.56 -36.36 629 2019 -2425
57.49 0.53 84 -169 276 -31.72 -35.00 709 734 -733 -17.71 -35.88 75 289 -915
56.75 0.07 -360 98 -65 -31.69 -34.70 1132 1336 -954 -17.65 -36.58 -1081 -1051 157
