58.89 1.26 156 -14 96 -29.63 -42.66 84 138 -116 -17.47 -47.52 10 61 -20
58.89 1.27 127 -7 81 -29.63 -42.67 78 150 -114 -17.46 -47.51 8 46 -15
58.89 1.26 122 -15 96 -29.63 -42.69 79 153 -112 -17.44 -47.49 25 48 12
58.89 1.25 124 -22 110 -29.62 -42.70 83 167 -124 -17.44 -47.46 -3 48 -2
58.87 1.24 141 -28 115 -29.61 -42.74 70 156 -121 -17.44 -47.42 20 19 6
58.87 1.24 141 -28 115 -29.61 -42.74 70 156 -121 -17.44 -47.42 20 19 6
58.84 1.22 107 8 78 -29.59 -42.77 81 148 -113 -17.53 -47.28 60 23 -42
58.83 1.18 113 1 68 -29.58 -42.78 81 139 -114 -17.62 -47.19 15 58 -40
58.82 1.13 147 -26 109 -29.57 -42.79 77 135 -112 -17.64 -47.08 -25 -17 71
58.79 1.10 177 -3 91 -29.56 -42.80 74 134 -115 -17.57 -46.80 -58 -197 245
58.75 1.07 130 -5 93 -29.54 -42.83 65 138 -109 -17.51 -46.24 -7 -106 110
58.70 1.00 119 -17 123 -29.52 -42.87 62 142 -105 -17.55 -45.52 34 -10 27
58.70 1.00 119 -17 123 -29.52 -42.87 62 142 -105 -17.55 -45.52 34 -10 27
58.55 0.91 192 24 131 -29.46 -42.99 71 132 -80 -17.65 -43.08 121 149 -37
58.46 0.85 251 -24 181 -29.43 -43.06 63 133 -53 -17.63 -41.19 63 525 -258
58.33 0.77 242 -104 201 -29.40 -43.14 56 113 -19 -17.47 -38.73 194 1122 -893
58.11 0.66 218 -160 218 -29.37 -43.26 70 114 -1 -17.35 -35.98 242 1611 -1810
57.75 0.45 124 -215 264 -29.33 -43.46 96 70 86 -17.46 -33.82 602 1965 -3036
57.17 0.05 -111 -163 194 -29.27 -43.77 172 34 218 -17.71 -33.50 -155 -243 -806
56.33 -0.52 -632 215 -189 -29.24 -44.23 114 68 203 -17.76 -34.05 -1381 -1942 828
