59.72 1.67 174 -18 124 -29.22 -43.34 91 141 -122 -18.14 -48.99 9 36 -41
59.70 1.68 123 -2 106 -29.22 -43.34 85 142 -127 -18.13 -48.98 22 43 -39
59.70 1.68 114 -5 107 -29.21 -43.35 77 132 -117 -18.12 -48.97 11 25 -26
59.70 1.67 121 -21 110 -29.21 -43.35 82 134 -118 -18.11 -48.94 34 17 -8
59.69 1.66 140 -30 108 -29.21 -43.35 83 135 -116 -18.10 -48.88 36 23 2
59.69 1.67 121 -1 60 -29.21 -43.36 82 139 -116 -18.09 -48.81 43 53 -2
59.70 1.65 141 5 82 -29.20 -43.36 86 141 -112 -18.09 -48.70 35 100 -1
59.69 1.63 171 4 98 -29.20 -43.37 81 132 -113 -18.12 -48.51 15 47 30
59.66 1.61 153 -24 109 -29.20 -43.38 84 137 -118 -18.15 -48.12 -234 -101 349
59.63 1.58 125 -18 95 -29.19 -43.39 86 133 -121 -17.95 -47.00 -263 -592 512
59.57 1.52 69 -17 109 -29.20 -43.40 80 124 -118 -17.74 -45.50 -181 -636 319
59.49 1.41 126 -76 194 -29.19 -43.41 77 122 -123 -17.69 -43.73 53 -373 -119
59.34 1.29 290 -155 306 -29.19 -43.43 56 125 -123 -17.72 -41.93 102 -253 -266
59.10 1.22 384 -108 253 -29.14 -43.51 92 115 -79 -17.65 -40.06 -8 50 -440
58.85 1.17 487 -54 172 -29.06 -43.70 114 96 -28 -17.47 -37.96 269 787 -905
58.53 1.10 484 -64 138 -28.99 -43.93 38 94 4 -17.15 -35.58 636 1901 -1922
58.20 1.00 188 -55 66 -28.92 -44.13 57 157 -44 -17.23 -33.75 1263 3268 -4135
57.82 0.83 -128 -13 13 -28.90 -44.25 55 185 -21 -18.33 -34.53 661 2594 -3462
57.32 0.49 -426 138 -119 -28.91 -44.31 46 140 76 -17.64 -35.91 -1670 -1643 230
56.62 -0.10 -912 482 -444 -28.96 -44.35 -31 -45 234 -17.51 -35.59 -1286 -1865 -162
