60.84 1.48 133 -4 86 -28.02 -41.55 86 138 -127 -16.38 -48.03 -1 34 -38
60.84 1.48 133 -4 86 -28.02 -41.55 86 138 -127 -16.38 -48.03 -1 34 -38
60.84 1.48 133 -4 86 -28.02 -41.55 86 138 -127 -16.38 -48.03 -1 34 -38
60.84 1.48 133 -4 86 -28.02 -41.55 86 138 -127 -16.38 -48.03 -1 34 -38
60.84 1.48 133 -4 86 -28.02 -41.55 86 138 -127 -16.38 -48.03 -1 34 -38
60.84 1.48 133 -4 86 -28.02 -41.55 86 138 -127 -16.38 -48.03 -1 34 -38
61.05 1.50 129 -16 112 -27.18 -39.43 1577 3105 -1645 -16.27 -48.08 6 -77 -5
61.08 1.50 160 -29 136 -27.38 -39.69 1297 1132 -1551 -16.26 -48.14 43 -166 77
61.09 1.52 176 -21 139 -27.60 -40.42 -1706 -1543 394 -16.20 -48.23 107 -373 184
61.10 1.54 156 -14 119 -27.59 -39.89 -2389 -2221 848 -16.32 -48.71 469 -370 -332
61.11 1.57 185 -13 135 -27.30 -39.08 -354 -1256 88 -16.55 -50.46 226 -1347 285
61.12 1.60 304 -44 189 -27.39 -38.51 274 -375 -474 -16.67 -52.68 62 -1716 474
61.12 1.67 377 -21 169 -27.42 -38.10 614 -160 -406 -16.82 -55.34 -152 -753 173
61.16 1.79 541 2 180 -27.61 -37.72 338 -164 -232 -16.89 -58.00 -139 960 -3
61.22 2.01 975 -50 276 -27.84 -37.23 -39 -186 27 -16.71 -60.50 85 2623 121
61.33 2.39 1240 -144 377 -28.07 -36.62 -350 -182 79 -16.32 -62.69 495 4544 57
61.46 2.93 1377 -258 404 -28.32 -35.80 -219 425 -382 -15.87 -65.04 992 5990 -487
61.39 3.54 888 -303 300 -28.39 -35.31 621 1032 -881 -15.53 -67.45 -16 2114 1479
61.09 4.05 -118 -130 -28 -28.50 -35.25 822 1385 -1272 -15.00 -68.08 -1204 -279 1334
60.74 4.24 -1146 141 -399 -28.56 -35.61 855 1460 -1337 -14.34 -68.77 -813 -861 258
