65.46 -1.32 185 -96 138 -25.90 -43.46 77 94 -103 -14.40 -52.08 -4 -253 225
65.45 -1.25 65 -64 104 -25.91 -43.44 91 131 -130 -14.30 -51.87 -9 -246 102
65.43 -1.23 63 -25 82 -25.93 -43.43 85 148 -145 -14.31 -51.68 30 -235 47
65.42 -1.23 138 -11 86 -25.93 -43.43 59 104 -118 -14.37 -51.46 -49 -209 43
65.41 -1.21 169 -19 91 -25.92 -43.41 60 38 -71 -14.37 -51.24 -11 -33 -19
65.40 -1.19 112 -24 89 -25.94 -43.33 67 -47 -1 -14.34 -51.02 60 -85 65
65.31 -1.26 -158 48 25 -25.94 -43.22 -5 -177 132 -14.33 -50.77 89 -292 220
64.99 -1.65 -915 302 -180 -26.02 -42.92 -81 -183 34 -14.29 -50.47 79 -601 436
64.53 -2.46 -1316 548 -390 -26.06 -42.65 65 76 -211 -14.27 -49.97 180 -679 480
63.96 -3.55 -1501 995 -867 -26.07 -42.50 5 147 -195 -14.30 -49.33 201 -443 348
64.02 -4.53 1818 373 478 -26.09 -42.20 -64 1 -19 -14.34 -48.52 -67 477 127
64.04 -4.82 1881 -365 934 -26.14 -41.78 -30 -49 -5 -14.06 -47.65 -28 2009 -635
63.67 -4.79 853 -457 452 -26.20 -41.24 -187 -204 202 -13.45 -47.36 287 3586 -1649
63.66 -4.68 527 -548 164 -26.36 -40.31 -279 -382 481 -13.00 -48.20 -247 1517 -1564
63.50 -4.42 345 -516 -176 -26.69 -38.84 185 476 -305 -12.93 -49.27 -622 -1822 655
63.50 -4.15 355 -370 -280 -27.00 -37.96 2897 3353 -3180 -12.78 -49.18 -931 -1815 622
63.64 -3.89 937 -421 143 -26.74 -40.92 2672 4311 -4306 -12.42 -48.94 -476 -1241 125
63.69 -3.41 956 -416 326 -26.61 -42.76 -936 -331 782 -12.11 -48.61 126 -679 -440
63.64 -2.88 266 -289 213 -26.22 -43.50 -355 -968 394 -12.15 -48.31 483 -86 -805
63.70 -2.52 -38 -129 172 -25.92 -44.14 -266 -928 94 -12.33 -48.22 477 -124 -573
