62.73 1.44 171 -14 117 -28.04 -41.31 21 144 -177 -15.25 -51.73 10 63 -27
62.76 1.47 148 -26 136 -27.91 -41.33 28 144 -165 -15.20 -51.75 -12 43 -22
62.82 1.49 164 -23 147 -27.78 -41.35 49 127 -140 -15.14 -51.76 15 21 -3
62.86 1.52 232 -16 166 -27.65 -41.37 48 129 -139 -15.10 -51.77 47 12 8
62.88 1.54 240 -9 128 -27.53 -41.39 58 125 -126 -15.09 -51.78 70 -16 12
62.89 1.56 137 -2 78 -27.41 -41.42 62 142 -138 -15.09 -51.79 82 -110 39
62.91 1.55 106 -2 67 -27.28 -41.45 50 143 -154 -15.11 -51.81 85 -197 15
62.94 1.54 135 -9 100 -27.15 -41.46 44 140 -156 -15.24 -51.90 66 -330 52
62.96 1.52 188 -15 117 -27.01 -41.50 58 126 -131 -15.38 -52.55 406 -435 8
62.96 1.53 240 -22 131 -26.91 -41.52 83 122 -103 -15.68 -53.71 260 -914 232
62.94 1.55 242 -25 139 -26.85 -41.54 85 131 -113 -15.90 -55.14 -6 -846 288
62.93 1.58 275 -16 160 -26.79 -41.57 74 146 -124 -16.00 -56.67 -45 -507 241
62.93 1.62 381 -31 220 -26.72 -41.60 61 141 -135 -16.01 -58.27 -36 98 141
62.94 1.69 529 -49 243 -26.66 -41.62 72 125 -118 -16.04 -59.67 -132 781 106
62.99 1.87 648 -91 245 -26.60 -41.63 81 117 -95 -15.94 -60.82 -360 1679 107
63.06 2.13 753 -72 207 -26.58 -41.64 88 95 -76 -15.66 -61.94 198 3400 -522
63.11 2.47 805 -76 172 -26.57 -41.66 72 51 -87 -15.50 -63.94 897 4962 -1132
63.08 2.87 577 -51 41 -26.57 -41.68 92 -10 -102 -15.31 -66.69 417 2838 -382
63.00 3.20 220 -52 -21 -26.59 -41.76 85 -108 -73 -14.92 -68.12 -1000 -294 1096
62.89 3.46 -225 -75 -19 -26.60 -41.84 61 -370 130 -14.25 -68.97 -393 -928 417
