63.46 0.59 156 -6 81 -27.78 -40.90 72 139 -133 -15.82 -50.08 11 -42 -16
63.46 0.60 171 -6 97 -27.78 -40.90 71 128 -140 -15.82 -50.07 36 -68 -11
63.46 0.60 171 -6 97 -27.78 -40.90 71 128 -140 -15.82 -50.07 36 -68 -11
63.47 0.63 129 -2 88 -27.78 -40.90 72 114 -139 -15.94 -50.18 64 -66 44
63.47 0.62 155 -20 112 -27.78 -40.89 73 117 -130 -15.92 -50.38 285 -112 -96
63.48 0.63 199 -42 133 -27.78 -40.89 69 114 -127 -15.97 -50.96 150 -363 4
63.48 0.66 230 -12 112 -27.78 -40.89 68 119 -122 -16.09 -51.81 135 -518 124
63.49 0.69 263 -2 108 -27.77 -40.89 73 144 -127 -16.24 -52.78 7 -557 199
63.50 0.73 263 12 99 -27.77 -40.90 76 143 -129 -16.32 -53.99 9 -364 108
63.51 0.77 254 24 87 -27.76 -40.90 69 125 -131 -16.33 -55.48 -91 -357 238
63.54 0.84 382 17 78 -27.75 -40.90 61 95 -127 -16.29 -56.94 -44 -244 228
63.60 0.95 580 -53 165 -27.73 -40.90 80 77 -127 -16.41 -58.36 -75 284 52
63.64 1.15 676 -106 236 -27.71 -40.93 120 67 -98 -16.55 -59.86 -166 1006 -134
63.67 1.39 629 -128 223 -27.71 -40.97 118 90 -97 -16.47 -61.50 -236 1655 -32
63.64 1.68 464 -96 143 -27.66 -41.13 60 82 -49 -16.17 -63.06 -150 2739 -152
63.59 1.95 401 -144 195 -27.58 -41.24 11 -78 97 -15.75 -64.89 375 4014 -369
63.56 2.26 393 -178 238 -27.47 -41.31 -135 -371 304 -15.56 -67.14 551 3812 311
63.49 2.64 270 -129 160 -27.43 -41.04 -96 -583 413 -15.10 -69.10 -1116 -435 2106
63.39 3.00 -36 -73 37 -27.44 -40.75 -75 -473 190 -14.56 -69.34 -528 -1060 854
63.24 3.22 -444 11 -89 -27.47 -40.49 -57 -385 117 -14.28 -69.72 -315 -1111 176
