64.06 -0.16 95 47 9 -27.53 -43.92 75 -104 -42 -15.49 -48.28 57 169 -317
63.90 -0.29 23 78 -14 -27.77 -43.24 60 -24 -174 -15.47 -47.91 97 21 -236
63.74 -0.44 67 75 11 -28.06 -42.43 -5 192 -356 -15.49 -47.34 117 -24 -225
63.55 -0.60 120 37 63 -28.34 -41.51 -39 565 -449 -15.67 -46.56 165 32 -293
63.38 -0.74 159 -8 107 -28.56 -40.48 240 1274 -680 -15.89 -45.85 99 -52 -222
63.22 -0.86 235 -24 90 -28.67 -39.75 1037 2039 -976 -16.03 -45.22 22 -153 -124
63.06 -0.95 324 -43 90 -28.72 -39.65 1810 2202 -1047 -16.07 -44.60 -96 -342 4
62.86 -1.03 445 -54 112 -28.63 -40.32 1404 90 -697 -16.04 -43.90 -188 -561 153
62.63 -1.06 515 -110 180 -28.79 -40.73 -1324 -2248 692 -15.96 -43.08 -124 -620 176
62.33 -1.05 398 -69 106 -29.14 -39.98 -1997 -2388 653 -15.87 -42.11 -61 -510 80
62.03 -1.02 144 35 -26 -29.23 -38.97 -401 -1122 -181 -15.78 -41.06 -1 -395 19
61.83 -1.06 3 67 -42 -29.29 -38.18 806 -178 -647 -15.66 -39.89 -7 -396 41
61.69 -1.13 105 33 49 -29.51 -37.44 772 155 -853 -15.58 -38.64 -92 -317 -70
61.59 -1.16 346 -51 175 -29.75 -36.73 400 13 -677 -15.49 -37.42 -71 -55 -346
61.46 -1.07 444 -74 182 -29.91 -36.06 101 -240 -522 -15.46 -36.18 89 538 -829
61.30 -0.95 335 -32 71 -30.08 -35.48 -173 138 -498 -15.60 -35.03 627 1755 -2117
61.14 -0.88 210 16 3 -30.12 -34.97 662 791 -873 -16.24 -35.21 1804 3633 -4602
61.00 -0.87 129 27 6 -30.14 -35.02 911 1313 -1267 -17.61 -37.94 892 2791 -3004
60.86 -0.89 148 -6 60 -30.07 -35.66 870 1403 -1351 -16.87 -39.32 -1070 -1441 756
60.67 -0.92 62 -18 74 -29.87 -36.72 676 1017 -875 -16.90 -39.33 -1082 -1498 169
