56.24 -4.06 -602 702 -457 -28.22 -42.38 -127 -70 224 -15.48 -48.93 29 33 3
55.42 -5.09 -533 848 -527 -28.56 -41.85 -76 40 -49 -15.49 -48.93 30 30 -6
54.80 -6.32 -121 823 -605 -29.00 -41.16 -33 163 -308 -15.50 -48.92 22 25 -3
54.48 -7.39 880 361 -13 -29.61 -40.17 -170 402 -592 -15.50 -48.89 44 1 30
54.51 -8.04 2374 -648 975 -30.24 -38.88 -60 713 -827 -15.54 -48.83 58 9 52
54.51 -8.04 2374 -648 975 -30.24 -38.88 -60 713 -827 -15.54 -48.83 58 9 52
53.76 -7.48 618 -197 -215 -31.33 -36.09 952 1289 -1389 -15.74 -48.50 -56 -43 302
53.58 -7.16 -143 6 -534 -31.57 -35.29 1772 857 -1430 -15.77 -47.92 -173 -279 437
53.88 -6.93 -77 -23 -267 -31.40 -35.48 615 -968 -261 -15.66 -47.16 -59 -92 186
54.52 -6.46 412 -282 292 -31.62 -35.28 -822 -1714 251 -15.52 -46.20 -13 -102 233
55.27 -5.72 680 -583 705 -31.76 -34.70 -351 -1121 -21 -15.32 -44.79 3 -48 111
56.05 -4.75 672 -699 735 -31.77 -34.19 617 -402 -476 -15.18 -42.93 70 102 -204
56.59 -3.78 -72 -401 296 -31.84 -33.70 845 -320 -575 -15.04 -40.85 171 216 -503
57.12 -2.95 -457 -8 -23 -31.94 -33.28 468 -574 -463 -14.96 -38.63 65 205 -617
57.80 -2.30 -477 308 -240 -31.94 -32.99 -138 -773 -285 -14.95 -36.21 -166 445 -966
58.45 -1.81 -441 480 -316 -31.86 -32.62 -476 -652 -447 -14.96 -33.75 -98 866 -1520
59.17 -1.42 -440 623 -407 -31.63 -32.49 -33 94 -725 -15.06 -31.76 290 1548 -2672
59.85 -1.22 -312 428 -218 -31.26 -32.78 869 891 -1125 -15.80 -31.52 1084 2740 -4787
60.30 -1.15 -52 24 184 -30.80 -33.76 1334 1303 -1091 -15.89 -33.43 256 -121 -341
60.61 -1.09 261 -332 545 -30.49 -35.26 1178 1339 -810 -14.92 -34.14 -226 -1975 709
