62.33 0.09 126 -35 123 -27.95 -42.52 91 143 -39 -16.93 -49.43 17 24 -20
62.30 0.08 130 -17 110 -27.94 -42.71 106 119 -42 -16.94 -49.43 21 13 -23
62.29 0.07 154 -12 92 -27.96 -42.92 162 132 -64 -16.96 -49.42 14 8 -15
62.28 0.07 173 -5 77 -28.01 -43.08 42 144 -158 -16.97 -49.40 8 -24 25
62.26 0.08 134 -12 64 -28.03 -43.17 34 172 -215 -16.97 -49.33 29 -74 80
62.26 0.07 143 -17 86 -28.05 -43.20 30 167 -221 -16.96 -49.17 -29 -194 301
62.25 0.06 188 -13 100 -28.05 -43.21 46 152 -193 -16.85 -48.82 -16 -95 187
62.23 0.09 191 -13 101 -28.05 -43.22 69 138 -168 -16.89 -48.46 -31 -30 148
62.21 0.11 146 -4 99 -28.05 -43.21 70 130 -145 -16.78 -48.00 -49 -210 323
62.18 0.10 123 -11 105 -28.05 -43.21 69 137 -130 -16.57 -47.29 -146 -365 459
62.15 0.09 172 -45 144 -28.06 -43.21 71 117 -121 -16.34 -46.17 -92 -273 463
62.07 0.08 241 -79 179 -28.08 -43.21 77 113 -120 -16.18 -44.54 -30 104 120
61.95 0.08 216 -59 143 -28.09 -43.22 73 123 -126 -16.08 -42.40 -179 396 -276
61.82 0.04 153 -45 123 -28.10 -43.25 66 127 -118 -15.77 -39.89 -283 496 -720
61.62 -0.06 40 -33 110 -28.11 -43.27 68 109 -92 -15.34 -37.11 -319 713 -1333
61.36 -0.24 -42 -81 158 -28.13 -43.27 86 122 -61 -15.08 -34.32 -494 1081 -2016
61.04 -0.57 -22 -236 317 -28.17 -43.29 72 168 -26 -14.75 -32.00 206 1427 -2758
60.51 -0.97 -97 -307 431 -28.24 -43.29 36 181 85 -15.06 -31.00 989 2330 -4415
59.78 -1.45 -109 -269 360 -28.28 -43.29 49 216 97 -15.36 -32.38 -14 -43 -1428
58.88 -2.00 -367 -76 82 -28.40 -43.22 -56 205 53 -13.81 -33.39 -555 -2835 1872
