65.40 -0.72 235 -46 121 -27.27 -43.20 85 109 -141 -16.03 -50.97 9 -1 -25
65.37 -0.70 263 -37 95 -27.28 -43.24 72 110 -159 -16.01 -50.94 22 -65 -16
65.32 -0.67 234 -29 86 -27.28 -43.27 76 115 -165 -16.03 -50.90 33 -128 26
65.27 -0.64 175 9 57 -27.28 -43.29 90 105 -146 -16.06 -50.83 63 -79 -31
65.25 -0.61 122 33 38 -27.29 -43.30 115 107 -120 -16.09 -50.77 48 -114 32
65.25 -0.60 122 5 73 -27.32 -43.32 124 100 -105 -16.10 -50.65 -9 -440 247
65.23 -0.61 180 -40 125 -27.36 -43.33 109 109 -106 -15.85 -50.26 -156 -1159 787
65.21 -0.59 224 -47 119 -27.39 -43.35 92 112 -116 -15.62 -49.47 -222 -1308 712
65.19 -0.54 272 -52 121 -27.42 -43.37 89 107 -128 -15.46 -48.50 -48 -964 359
65.15 -0.49 286 -73 142 -27.44 -43.41 94 108 -122 -15.52 -47.55 47 -362 -108
65.08 -0.41 301 -74 152 -27.45 -43.47 95 113 -115 -15.65 -46.71 -26 85 -385
64.99 -0.32 263 -35 103 -27.47 -43.51 116 97 -121 -15.59 -46.12 -133 383 -557
64.94 -0.22 348 -45 130 -27.46 -43.57 110 81 -99 -15.41 -45.74 -115 553 -643
64.91 -0.07 570 -67 208 -27.50 -43.55 70 33 -114 -15.29 -45.48 -121 768 -724
64.87 0.19 736 -129 247 -27.49 -43.60 86 47 -83 -15.28 -45.39 -111 1414 -1075
64.75 0.50 542 -189 217 -27.52 -43.55 8 -107 37 -15.44 -45.68 613 2902 -2134
64.57 0.80 175 -154 98 -27.57 -43.37 -212 -375 261 -16.13 -47.26 1526 5007 -3834
64.42 1.01 -86 -100 2 -27.67 -42.90 -291 -671 427 -17.32 -50.67 1067 4055 -1805
64.24 1.10 -168 -60 -8 -27.87 -42.24 -258 -641 360 -16.41 -52.90 -1694 -966 1280
64.10 1.12 -197 -7 12 -28.13 -41.44 -149 -335 52 -15.73 -52.64 -930 -875 279
