64.30 -1.01 136 1 62 -28.13 -39.06 8 -162 56 -15.51 -50.94 8 25 -23
64.31 -1.02 148 -19 92 -28.30 -38.26 -29 87 -65 -15.51 -50.94 4 17 -26
64.32 -1.02 157 -15 100 -28.45 -37.39 188 560 -385 -15.50 -50.94 9 18 -25
64.32 -1.02 153 -14 110 -28.55 -36.62 455 1167 -697 -15.50 -50.93 5 13 -28
64.33 -1.02 176 -11 101 -28.59 -36.06 876 1791 -967 -15.49 -50.92 14 1 -11
64.33 -1.02 182 -24 111 -28.58 -35.81 1502 2021 -1021 -15.49 -50.91 -31 -63 43
64.32 -1.00 149 -29 111 -28.67 -35.97 1949 1061 -1306 -15.48 -50.85 -11 -143 45
64.32 -1.00 154 -18 81 -28.68 -37.09 -370 -1015 -31 -15.48 -50.75 -12 -288 130
64.33 -1.00 172 -24 95 -28.80 -37.24 -2056 -2214 1354 -15.42 -50.51 -167 -948 543
64.32 -1.00 173 -19 102 -28.81 -36.39 -1065 -1536 813 -15.43 -49.97 -256 -946 322
64.32 -0.99 161 -19 105 -28.86 -35.76 281 -333 -504 -15.56 -49.36 -253 -856 284
64.31 -0.98 171 -12 103 -28.98 -35.46 643 217 -878 -15.57 -48.62 -125 -542 118
64.32 -0.97 225 -41 132 -29.17 -35.20 337 237 -879 -15.55 -47.87 -47 -140 -119
64.29 -0.92 300 -70 174 -29.32 -34.99 108 124 -807 -15.50 -47.20 -17 375 -330
64.27 -0.84 303 -57 159 -29.37 -34.88 -337 246 -665 -15.36 -46.67 345 1192 -780
64.28 -0.73 510 -96 240 -29.29 -34.78 228 793 -731 -15.52 -46.48 711 2867 -1979
64.29 -0.53 736 -166 335 -29.14 -35.02 886 1335 -955 -16.10 -47.55 1751 4872 -3769
64.29 -0.53 736 -166 335 -29.14 -35.02 886 1335 -955 -16.10 -47.55 1751 4872 -3769
63.51 -1.43 591 -104 374 -28.92 -36.78 915 1377 -776 -16.71 -52.28 -1434 -997 1555
63.60 -1.45 904 -168 443 -28.77 -38.08 616 928 -478 -16.28 -52.52 -973 -934 511
