64.00 0.60 -331 140 -55 -29.01 -37.52 80 240 -370 -15.62 -50.69 26 2 -25
63.97 0.34 -408 257 -94 -29.10 -36.94 197 444 -565 -15.62 -50.68 35 -7 -24
63.80 -0.24 -804 383 -281 -29.12 -36.53 316 665 -705 -15.66 -50.64 17 -38 -7
63.42 -1.20 -1082 655 -566 -29.11 -36.31 623 967 -769 -15.69 -50.60 -18 -65 14
63.91 -1.93 1480 261 430 -29.13 -36.39 939 1549 -814 -15.68 -50.52 -26 -259 103
64.41 -1.99 2733 -655 1381 -29.19 -36.60 1251 2013 -739 -15.68 -50.35 -83 -563 323
63.91 -1.53 1755 -670 820 -29.11 -37.00 1873 530 -826 -15.57 -49.94 -66 -847 374
63.30 -0.97 382 -428 -44 -29.11 -38.14 -722 -1337 434 -15.60 -49.42 -67 -690 255
63.00 -0.65 -810 -159 -644 -29.24 -38.12 -2426 -2254 1527 -15.62 -48.77 -27 -622 245
62.88 -0.67 -1133 -82 -672 -29.25 -37.15 -1110 -1448 825 -15.63 -48.02 -20 -369 48
62.89 -0.83 -831 -92 -356 -29.32 -36.43 403 -121 -648 -15.61 -47.25 -165 -185 -63
62.94 -0.88 -417 -16 3 -29.47 -36.15 780 475 -1066 -15.46 -46.53 -94 105 -302
63.19 -0.83 239 -84 422 -29.72 -35.91 527 540 -991 -15.33 -45.91 -48 377 -468
63.39 -0.64 202 87 252 -29.98 -35.68 273 659 -1155 -15.18 -45.42 69 660 -613
63.51 -0.49 30 255 -40 -30.02 -35.72 279 499 -1027 -15.15 -45.07 279 1294 -1104
63.61 -0.54 -113 281 -160 -29.92 -36.02 -300 537 -627 -15.56 -45.21 859 2718 -2405
63.66 -0.77 -115 226 -131 -29.66 -36.29 348 581 -228 -16.69 -46.84 1531 4487 -3791
63.66 -1.10 3 98 18 -29.48 -36.64 517 651 -62 -18.04 -50.17 1166 3303 -2069
63.64 -1.39 177 -19 166 -29.41 -37.05 498 742 -207 -17.62 -52.01 -1347 -710 1250
63.62 -1.58 302 -61 239 -29.31 -37.70 557 734 -325 -17.34 -52.25 -1038 -729 326
