63.62 -1.81 165 -16 83 -27.96 -41.49 60 58 -109 -15.93 -48.76 367 -180 52
63.60 -1.80 199 -32 100 -28.00 -41.48 79 70 -93 -16.31 -48.33 218 -102 23
63.56 -1.78 265 -53 150 -28.06 -41.44 73 98 -100 -16.63 -47.81 -17 -150 49
63.50 -1.71 311 -56 168 -28.11 -41.38 88 85 -66 -16.88 -47.15 -201 -79 -47
63.44 -1.62 344 -96 227 -28.20 -41.30 53 57 -36 -17.00 -46.44 -286 353 -276
63.38 -1.49 363 -99 194 -28.30 -41.13 -165 -155 138 -16.90 -45.74 -197 1045 -547
63.30 -1.34 261 -112 144 -28.45 -40.55 -644 -703 652 -16.57 -45.18 126 1971 -1002
63.20 -1.25 206 -97 99 -28.65 -39.51 -444 -748 575 -16.04 -45.02 237 2702 -1294
63.00 -1.21 186 -86 102 -28.85 -38.45 -115 -508 219 -15.20 -45.16 91 2487 -1471
62.83 -1.18 227 -75 140 -29.09 -37.37 43 -288 -33 -14.98 -45.87 -725 -774 -25
62.58 -1.19 266 -103 192 -29.35 -36.28 123 -143 -201 -14.84 -46.00 -833 -2810 1204
62.27 -1.20 169 -78 163 -29.61 -35.17 64 -75 -329 -14.61 -45.36 -490 -1813 491
62.27 -1.20 169 -78 163 -29.61 -35.17 64 -75 -329 -14.61 -45.36 -490 -1813 491
61.46 -1.50 -750 319 -337 -29.98 -33.17 312 289 -806 -14.38 -44.46 452 -282 -599
61.09 -2.08 -1299 680 -773 -30.08 -32.53 640 745 -1092 -14.66 -44.27 273 -242 -576
60.61 -3.04 -1659 804 -950 -30.20 -32.27 1394 1724 -1844 -15.01 -44.38 -61 -562 -296
60.32 -4.22 -1224 924 -650 -30.19 -33.29 2951 3738 -4012 -15.51 -44.51 -445 -984 227
60.90 -5.07 2207 -264 1055 -29.57 -36.91 4121 4796 -4942 -15.66 -44.33 -240 37 -213
60.96 -5.01 2408 -775 1204 -29.05 -40.55 -1328 52 526 -15.78 -44.42 -86 888 -492
60.64 -4.59 1162 -528 318 -28.87 -40.91 -1004 -1567 1046 -15.78 -44.78 165 1352 -577
