63.45 -0.79 253 -45 158 -28.26 -40.44 41 48 -40 -16.68 -47.63 -9 176 -197
63.45 -0.75 377 -73 177 -28.30 -40.38 7 -39 48 -16.75 -47.46 -125 281 -259
63.40 -0.68 363 -73 154 -28.28 -40.30 -9 -241 288 -16.72 -47.33 -135 189 -172
63.37 -0.58 271 -68 121 -28.44 -39.83 -392 -466 496 -16.63 -47.14 -144 125 -110
63.34 -0.48 168 -24 47 -28.61 -39.23 -166 -376 288 -16.50 -46.90 -103 312 -114
63.31 -0.41 77 -7 31 -28.76 -38.73 130 -123 -41 -16.30 -46.61 42 923 -243
63.27 -0.38 101 12 39 -28.91 -38.29 112 5 -179 -15.86 -46.34 389 1857 -499
63.17 -0.36 122 -3 75 -29.06 -37.75 22 -29 -103 -15.05 -46.31 635 2620 -919
63.12 -0.34 134 -46 116 -29.24 -37.09 15 -23 -145 -14.28 -46.64 212 2467 -1733
63.06 -0.31 122 -50 100 -29.42 -36.38 43 49 -321 -14.48 -47.83 -578 -1563 544
62.97 -0.29 58 -30 87 -29.55 -35.72 130 145 -474 -14.41 -47.93 -1058 -2938 1350
62.90 -0.31 41 8 62 -29.64 -35.18 195 212 -537 -14.14 -47.44 -554 -1769 491
62.80 -0.36 -34 45 36 -29.71 -34.73 212 214 -492 -13.96 -47.05 90 -948 -154
62.59 -0.56 -345 170 -94 -29.78 -34.32 272 276 -522 -14.08 -46.67 242 -429 -502
62.22 -1.05 -1055 588 -579 -29.87 -33.97 384 587 -667 -14.40 -46.43 4 -501 -397
61.72 -1.98 -1749 926 -1059 -30.01 -33.71 1219 1641 -1404 -14.76 -46.31 -380 -838 -134
61.45 -3.29 -1717 1206 -1089 -30.06 -34.59 3152 3859 -3588 -15.19 -46.15 -448 -930 234
62.15 -4.37 1828 4 817 -29.44 -38.65 2592 3646 -3603 -15.28 -45.79 -144 310 -408
62.32 -4.64 2581 -983 1619 -29.22 -40.35 -1096 -728 1371 -15.33 -45.81 165 1079 -553
61.84 -4.26 1384 -799 727 -28.94 -40.87 -589 -1178 493 -15.29 -46.03 431 1447 -557
