65.14 -1.34 228 -74 125 -26.40 -42.37 80 78 -104 -14.75 -51.25 22 -81 46
65.12 -1.28 112 -60 87 -26.43 -42.33 73 109 -124 -14.71 -51.18 2 -297 176
65.11 -1.24 160 -38 89 -26.42 -42.30 87 145 -157 -14.71 -51.02 2 -179 27
65.13 -1.19 346 -52 148 -26.44 -42.29 64 125 -139 -14.77 -50.92 6 -9 -61
65.14 -1.07 420 -91 181 -26.44 -42.26 45 43 -65 -14.82 -50.87 17 55 -57
65.10 -0.92 211 -112 136 -26.45 -42.19 13 -45 -13 -14.84 -50.80 26 -157 91
65.06 -0.81 -72 -14 11 -26.47 -42.04 -3 -112 26 -14.84 -50.66 38 -444 224
64.98 -0.85 -504 151 -132 -26.49 -41.87 45 24 -126 -14.92 -50.43 11 -456 209
64.73 -1.28 -1125 466 -429 -26.51 -41.74 71 131 -194 -15.04 -50.09 -32 -214 126
64.37 -2.14 -1384 684 -628 -26.55 -41.60 -37 -1 -52 -15.06 -49.74 18 13 113
63.96 -3.27 -1094 913 -621 -26.58 -41.29 -112 -258 136 -14.89 -49.33 92 387 237
64.07 -4.32 1595 173 646 -26.63 -40.85 -105 -291 102 -14.44 -48.82 309 1191 62
64.00 -4.66 1461 -404 868 -26.70 -40.34 -125 -128 -26 -13.82 -48.41 444 2290 -625
63.78 -4.73 691 -535 518 -26.75 -39.78 53 161 -166 -13.25 -48.55 232 2147 -1168
63.81 -4.70 572 -589 249 -26.83 -39.24 440 904 -482 -13.25 -49.32 -589 -567 -77
63.76 -4.55 587 -446 -44 -27.00 -38.87 1615 2376 -1552 -13.23 -49.57 -922 -1672 523
63.87 -4.33 681 -262 -117 -26.98 -40.17 3518 4839 -4142 -12.92 -49.41 -771 -1382 195
64.08 -4.02 1129 -230 114 -26.91 -42.20 -541 868 466 -12.57 -49.15 -306 -995 -203
64.29 -3.47 1116 -256 241 -26.68 -42.54 -270 -804 621 -12.47 -48.80 132 -482 -579
64.39 -2.92 536 -216 207 -26.45 -42.97 -196 -970 273 -12.58 -48.55 351 -183 -547
