63.56 -1.00 171 -28 117 -28.48 -40.79 52 122 -121 -16.03 -50.58 -2 11 -5
63.55 -1.01 206 -57 124 -28.45 -40.80 34 81 -83 -16.03 -50.57 10 16 -16
63.54 -1.00 180 -35 86 -28.44 -40.81 73 78 -72 -16.05 -50.56 6 24 -31
63.54 -1.00 176 -14 86 -28.43 -40.85 17 20 -29 -16.06 -50.57 21 44 -25
63.55 -1.01 179 -2 99 -28.46 -40.83 19 -15 -16 -16.06 -50.57 9 23 -6
63.54 -0.99 166 12 93 -28.49 -40.77 -58 -153 110 -16.05 -50.58 22 20 3
63.55 -0.98 143 24 76 -28.47 -40.43 -300 -615 648 -16.06 -50.58 -13 37 -9
63.56 -0.99 132 18 78 -28.67 -39.67 -469 -757 609 -16.06 -50.59 -10 72 -37
63.57 -1.00 161 -10 93 -28.88 -38.76 -344 -721 456 -16.07 -50.63 -24 8 -16
63.56 -1.02 195 -54 126 -29.11 -37.64 -212 -558 190 -16.08 -50.65 3 13 -10
63.54 -1.03 223 -46 113 -29.36 -36.38 -40 -280 -154 -16.09 -50.65 11 52 -14
63.53 -1.00 193 -6 74 -29.57 -35.22 178 56 -551 -16.09 -50.65 4 60 -20
63.53 -0.98 171 29 41 -29.73 -34.26 311 292 -759 -16.09 -50.65 -20 55 -14
63.54 -0.98 175 14 65 -29.86 -33.45 387 430 -846 -16.09 -50.65 -31 7 2
63.54 -0.98 175 14 65 -29.86 -33.45 387 430 -846 -16.09 -50.65 -31 7 2
63.51 -0.98 104 -14 99 -30.07 -32.73 1301 1615 -1893 -16.08 -50.59 24 -77 34
63.50 -0.99 154 -30 111 -30.15 -33.68 2514 3348 -3574 -16.12 -50.51 -3 -150 61
63.50 -0.98 173 -28 104 -29.65 -37.10 4385 4995 -5131 -16.12 -50.39 -18 -299 166
63.49 -0.98 142 -15 85 -28.75 -41.56 30 1066 -533 -16.10 -50.19 -67 -411 146
63.48 -0.98 133 4 68 -28.49 -42.04 -350 -1033 374 -16.17 -49.91 -25 -581 218
