63.42 0.05 414 -102 197 -27.68 -43.35 141 14 -1 -16.14 -49.78 14 21 -25
63.41 0.26 363 -120 187 -27.58 -44.01 80 25 -34 -16.14 -49.77 14 3 -21
63.39 0.48 335 -111 154 -27.49 -44.63 -150 -67 53 -16.14 -49.76 -7 11 -19
63.37 0.72 359 -118 169 -27.35 -45.24 -14 41 14 -16.15 -49.75 3 34 -20
63.35 0.97 505 -184 250 -27.20 -45.84 -93 -108 197 -16.12 -49.75 13 55 -28
63.28 1.28 637 -252 305 -27.05 -46.47 -214 -315 367 -16.13 -49.75 39 34 -10
63.15 1.69 612 -249 274 -26.92 -47.03 -329 -520 470 -16.15 -49.74 23 9 -3
62.98 2.15 498 -179 148 -26.84 -47.50 -527 -757 616 -16.18 -49.73 19 -29 2
62.73 2.58 294 -144 58 -26.81 -47.85 -427 -687 504 -16.22 -49.71 40 -79 12
62.53 2.97 44 -79 -42 -26.71 -48.47 -70 -124 85 -16.30 -49.66 15 -12 -17
62.33 3.31 -96 -31 -101 -26.53 -49.30 68 306 -125 -16.33 -49.67 41 3 -21
62.16 3.59 -174 15 -127 -26.30 -50.08 18 536 -215 -16.30 -49.69 1 -144 59
62.02 3.80 -239 18 -117 -26.03 -50.71 105 766 -287 -16.30 -49.67 -35 -251 85
61.90 3.96 -468 97 -189 -25.76 -51.24 180 1132 -435 -16.36 -49.62 -40 -314 81
61.83 3.95 -852 277 -343 -25.42 -51.80 348 1914 -829 -16.41 -49.54 -19 -298 58
61.75 3.62 -1405 498 -549 -24.85 -52.80 1335 3658 -1565 -16.49 -49.45 6 -274 63
61.68 2.70 -2237 715 -942 -23.85 -55.15 2466 5692 -2361 -16.53 -49.35 49 -298 89
61.65 1.20 -2256 1170 -1096 -22.05 -59.53 2835 6676 -2568 -16.61 -49.23 18 -392 145
62.59 -0.15 1499 192 591 -20.63 -61.71 -156 1592 1526 -16.73 -49.04 -60 -560 239
62.92 -0.56 2839 -844 1576 -20.21 -62.61 148 504 -11 -16.92 -48.72 -91 -680 263
