63.35 -1.01 326 -97 170 -27.63 -40.42 43 43 -102 -16.51 -47.57 147 -284 143
63.31 -0.92 332 -81 151 -27.62 -40.39 108 44 -92 -16.62 -47.14 78 52 10
63.30 -0.79 375 -66 155 -27.65 -40.36 96 -14 -98 -16.63 -46.70 44 391 -197
63.32 -0.60 494 -85 201 -27.67 -40.48 48 -116 -12 -16.65 -46.39 54 675 -349
63.34 -0.31 636 -121 223 -27.51 -40.88 79 -198 115 -16.65 -46.19 66 1010 -462
63.38 0.09 782 -123 233 -27.22 -41.67 77 -305 312 -16.57 -46.11 145 1598 -601
63.44 0.61 1003 -213 306 -26.94 -42.62 -22 -602 637 -16.29 -46.22 521 2435 -725
63.42 1.24 997 -268 278 -26.75 -43.56 -81 -798 839 -15.65 -46.56 852 3178 -1043
63.30 1.89 661 -252 135 -26.66 -44.60 -11 -429 476 -15.27 -47.30 409 1832 -1081
63.11 2.52 126 -151 -64 -26.42 -45.90 -15 14 229 -15.48 -48.19 -267 -1903 1052
62.97 3.00 -161 -87 -115 -26.17 -47.18 -274 208 190 -15.53 -47.85 -1082 -2881 1558
62.80 3.35 -231 -91 -44 -25.83 -48.31 -242 486 5 -15.42 -47.17 -706 -1638 553
62.66 3.61 -354 -107 -8 -25.43 -49.56 39 1035 -407 -15.45 -46.59 -287 -504 -314
62.52 3.80 -690 2 -105 -24.97 -50.95 297 1611 -680 -15.57 -46.22 55 137 -764
62.48 3.81 -1164 195 -266 -24.44 -52.57 869 2598 -1015 -15.74 -46.08 180 181 -628
62.48 3.45 -1813 491 -566 -23.71 -54.80 1704 4297 -1646 -15.89 -46.06 91 59 -289
62.54 2.48 -2459 726 -873 -22.43 -58.36 1937 5487 -1935 -16.09 -46.01 -226 47 -112
62.85 1.07 -797 818 -494 -21.31 -60.67 -1756 1278 2200 -16.15 -45.93 -42 199 202
63.60 0.13 2479 -251 1009 -20.82 -61.41 -538 -81 1158 -16.11 -45.74 119 1005 -279
63.40 0.07 2404 -832 1342 -20.61 -62.17 -280 -477 144 -16.20 -45.77 101 1225 -329
