63.34 -0.80 260 -57 159 -27.51 -41.20 69 72 -119 -16.02 -47.61 -15 -766 292
63.32 -0.73 229 -35 112 -27.52 -41.19 80 75 -115 -16.10 -47.22 29 -502 190
63.31 -0.67 237 -12 92 -27.53 -41.25 123 87 -118 -16.20 -46.82 124 -196 4
63.33 -0.59 327 -38 124 -27.49 -41.45 101 55 -60 -16.28 -46.47 165 34 -122
63.30 -0.48 391 -43 123 -27.43 -41.71 98 -12 -7 -16.31 -46.19 177 316 -263
63.32 -0.31 584 -105 207 -27.33 -42.06 165 -130 26 -16.23 -46.04 204 738 -392
63.31 -0.02 734 -156 261 -27.21 -42.59 116 -291 127 -16.08 -45.94 325 1486 -549
63.30 0.40 792 -208 278 -27.05 -43.36 -91 -463 275 -15.73 -46.00 779 2653 -840
63.27 0.93 774 -213 264 -26.83 -44.20 -125 -488 403 -15.38 -46.28 612 3199 -1177
63.20 1.52 652 -214 220 -26.60 -45.17 -3 -377 454 -15.33 -47.05 -38 1503 -790
63.09 2.11 492 -228 176 -26.38 -46.25 -2 -270 533 -15.37 -47.83 -513 -1357 790
62.95 2.69 313 -171 90 -26.17 -47.38 -89 -5 330 -15.36 -47.50 -1222 -2160 1198
62.79 3.22 196 -153 46 -25.83 -48.85 -87 403 -14 -15.16 -46.95 -722 -1340 316
62.60 3.71 40 -124 -4 -25.33 -50.45 92 783 -190 -15.20 -46.50 -221 -720 -241
62.37 4.13 -259 -16 -134 -24.72 -52.16 433 1541 -619 -15.37 -46.15 33 -367 -376
62.20 4.39 -772 222 -341 -23.89 -54.40 1241 2940 -1162 -15.56 -45.97 86 -268 -297
62.03 4.29 -1470 462 -589 -22.79 -57.36 2041 4779 -1699 -15.87 -45.94 -116 -370 -34
61.82 3.58 -2184 662 -766 -21.81 -60.11 -489 1885 780 -16.06 -45.84 -41 212 -7
61.96 2.48 -1202 681 -413 -21.02 -61.56 -1143 251 1910 -16.30 -45.70 -83 1060 -333
62.40 1.56 1009 -129 689 -20.52 -62.60 -563 -238 812 -16.53 -45.71 29 1528 -437
