63.30 1.05 152 36 59 -26.96 -42.91 60 143 30 -17.12 -52.45 319 104 363
63.36 1.07 261 87 63 -26.91 -43.08 74 149 76 -17.08 -53.09 93 306 342
63.38 1.10 268 119 105 -26.90 -43.29 47 176 61 -17.15 -53.71 -115 421 250
63.37 1.11 198 104 185 -26.88 -43.54 6 201 31 -17.09 -54.44 -91 229 214
63.35 1.13 108 61 255 -26.83 -43.82 -33 222 -28 -17.06 -55.25 -54 42 271
63.30 1.10 86 41 270 -26.78 -44.08 -126 216 87 -17.11 -56.03 -84 81 424
63.26 1.06 84 70 200 -26.72 -44.22 51 324 6 -17.09 -56.83 -174 204 296
63.26 1.06 84 70 200 -26.72 -44.22 51 324 6 -17.09 -56.83 -174 204 296
63.24 1.05 165 207 7 -26.37 -39.30 391 -706 -328 -16.82 -58.33 -127 176 206
63.19 0.97 -37 166 87 -26.69 -38.92 450 -965 -220 -16.56 -58.90 -46 161 189
63.07 0.77 12 146 190 -27.18 -38.62 586 -1155 -332 -16.28 -59.29 53 -170 311
62.89 0.54 39 145 205 -27.74 -38.55 320 -1210 -101 -16.12 -59.30 56 -371 381
62.68 0.36 154 216 127 -28.51 -37.24 704 -760 -620 -15.99 -58.91 -46 -59 335
62.68 0.36 154 216 127 -28.51 -37.24 704 -760 -620 -15.99 -58.91 -46 -59 335
58.51 -1.57 -69 -414 12 -29.09 -36.76 -242 -339 -83 -14.97 -57.43 15 712 -436
58.72 -1.11 -60 -273 -147 -29.57 -35.87 383 339 -834 -14.52 -56.82 -317 443 -894
58.95 -0.69 -189 -113 -304 -29.77 -35.80 950 845 -1302 -14.04 -56.40 -311 302 -1221
59.23 -0.37 -225 -62 -347 -29.77 -36.52 1100 1085 -1329 -13.82 -56.52 -825 -1677 -378
59.47 -0.14 -254 -14 -281 -29.69 -37.27 -205 333 237 -13.56 -56.13 -509 -2127 -140
59.63 0.01 -147 119 -82 -29.81 -36.85 -109 200 317 -13.39 -55.47 -169 -1178 -500
