61.73 2.27 156 145 67 -27.47 -42.62 27 242 90 -17.30 -51.60 -23 52 -37
61.74 2.34 191 172 76 -27.46 -42.86 59 284 3 -17.30 -51.60 -24 60 -35
61.74 2.39 179 167 43 -27.43 -43.10 62 262 -33 -17.30 -51.61 -17 58 -18
61.73 2.44 261 157 -9 -27.38 -43.30 39 168 104 -17.30 -51.61 9 50 -4
61.67 2.51 314 135 -4 -27.47 -43.10 -155 55 222 -17.32 -51.62 29 43 4
61.48 2.58 259 144 37 -27.68 -42.68 -297 107 163 -17.37 -51.62 31 34 2
61.25 2.62 198 130 150 -27.85 -42.11 -317 204 85 -17.42 -51.63 8 34 4
60.94 2.61 7 114 238 -27.99 -41.41 -128 301 73 -17.45 -51.65 24 47 13
60.56 2.47 -164 99 222 -28.15 -40.56 139 353 -122 -17.47 -51.69 8 75 27
60.20 2.18 -15 12 256 -28.37 -39.74 197 362 -309 -17.47 -51.76 -3 84 19
59.81 1.87 93 -1 246 -28.56 -39.09 68 285 -333 -17.46 -51.86 8 72 29
59.37 1.56 230 -37 294 -28.68 -38.45 33 286 -337 -17.48 -51.96 30 53 71
58.87 1.24 304 -90 354 -28.79 -37.73 -146 272 -230 -17.53 -52.06 59 88 120
58.24 0.86 359 -123 455 -28.95 -36.65 -445 271 57 -17.59 -52.19 126 121 166
57.37 0.52 -64 185 83 -29.11 -35.04 -384 499 -94 -17.65 -52.41 202 87 168
56.49 -0.00 -510 601 -553 -29.31 -32.98 547 1301 -1457 -17.81 -52.68 134 61 156
55.67 -0.73 -952 930 -1204 -29.20 -32.19 2841 2748 -3404 -18.03 -52.96 84 83 160
55.02 -1.69 -1345 1129 -1717 -28.57 -34.17 2474 1836 -2603 -18.27 -53.20 117 155 185
54.57 -2.94 -1247 827 -1667 -28.45 -35.40 253 -1698 625 -18.53 -53.46 54 132 295
54.38 -4.38 689 -374 426 -28.52 -35.58 -143 -1977 -125 -18.71 -53.82 -1 59 428
