60.55 1.84 150 -5 108 -26.63 -44.45 47 186 -43 -16.82 -56.66 137 -661 756
60.51 1.79 109 45 60 -26.57 -44.74 42 190 -45 -16.93 -56.40 -21 -677 709
60.48 1.74 144 64 100 -26.50 -45.01 15 192 -48 -17.04 -55.82 -188 -546 554
60.45 1.69 198 35 185 -26.43 -45.27 31 216 -77 -17.06 -55.02 -368 -449 334
60.38 1.68 231 63 180 -26.32 -45.60 36 186 -44 -16.96 -53.95 -543 -680 316
60.31 1.69 271 106 119 -26.21 -45.91 -81 204 99 -16.65 -52.44 -601 -261 55
60.23 1.71 177 109 34 -26.15 -45.47 4 -53 584 -16.13 -50.69 -508 739 -418
60.07 1.62 3 97 -9 -26.47 -44.75 109 135 196 -15.30 -48.85 -182 2059 -1176
59.89 1.44 303 32 240 -26.83 -44.00 147 55 103 -14.21 -47.37 382 3013 -2120
59.57 1.42 121 181 82 -27.23 -42.98 226 -58 79 -13.19 -46.76 516 1766 -2351
59.31 1.33 52 203 6 -27.74 -41.66 18 -107 -84 -12.98 -46.97 -450 -1915 -134
59.09 1.07 177 48 214 -28.35 -39.98 -332 -100 -341 -13.07 -46.37 -713 -3004 571
58.75 0.84 314 -40 333 -28.88 -38.12 -383 -165 -539 -13.19 -45.54 -812 -2513 353
58.33 0.67 360 -87 363 -29.34 -36.29 -405 -131 -706 -13.09 -44.77 -18 -833 -725
57.85 0.55 298 -45 236 -29.74 -34.32 -357 317 -1166 -13.12 -44.30 614 125 -1396
57.25 0.32 -39 10 99 -30.02 -32.38 487 1343 -2248 -13.44 -44.13 963 155 -1596
56.56 -0.09 -523 290 -334 -29.86 -31.86 2882 3087 -3848 -14.14 -44.33 663 -355 -1322
55.83 -0.73 -1267 711 -995 -29.17 -34.50 4696 4192 -5015 -15.01 -44.64 -101 -1159 -697
55.29 -1.71 -1688 1051 -1668 -28.47 -36.79 -857 -1016 686 -15.74 -44.79 -713 -1285 -281
54.88 -3.09 -1225 694 -1054 -28.46 -36.78 -344 -1413 -66 -15.95 -44.87 -402 -585 -401
