60.70 2.53 165 10 82 -27.30 -41.99 78 113 -127 -15.87 -50.87 30 -86 15
60.71 2.51 201 -41 123 -27.30 -41.99 76 107 -128 -15.91 -50.78 29 -236 128
60.70 2.52 168 -40 112 -27.30 -41.99 70 122 -129 -15.91 -50.57 -70 -714 520
60.69 2.54 128 -42 113 -27.30 -41.98 71 120 -116 -15.88 -50.08 -35 -1007 529
60.68 2.54 138 -16 111 -27.30 -41.97 72 135 -106 -15.92 -49.57 -261 -952 513
60.69 2.55 147 3 115 -27.30 -41.98 84 130 -89 -15.87 -48.92 -74 -656 207
60.69 2.56 164 24 93 -27.32 -41.98 87 99 -67 -15.81 -48.36 -8 -396 -24
60.69 2.56 164 24 93 -27.32 -41.98 87 99 -67 -15.81 -48.36 -8 -396 -24
60.67 2.57 193 -39 118 -27.39 -41.95 68 47 -78 -15.74 -47.46 -22 -35 -248
60.65 2.59 178 -58 125 -27.43 -41.87 54 -3 -13 -15.77 -47.09 -93 79 -242
60.64 2.64 149 -34 87 -27.50 -41.78 16 -82 68 -15.73 -46.70 -200 63 -187
60.63 2.66 203 -15 90 -27.61 -41.56 -167 -394 341 -15.57 -46.25 -176 63 -190
60.64 2.71 354 -27 146 -27.77 -41.14 -242 -591 428 -15.46 -45.76 -187 364 -350
60.64 2.81 513 -84 271 -27.94 -40.68 -161 -449 277 -15.32 -45.32 -110 918 -585
60.64 3.00 565 -98 244 -28.12 -40.24 56 -231 39 -15.11 -45.00 281 2214 -1320
60.59 3.23 399 -76 138 -28.27 -39.80 116 -117 -120 -15.23 -45.18 1188 4551 -2969
60.54 3.44 238 -93 86 -28.40 -39.34 42 -93 -182 -15.87 -47.04 2000 6509 -4847
60.51 3.64 155 -121 120 -28.61 -38.78 -167 -118 -164 -17.24 -51.15 1971 5042 -3334
60.51 3.82 172 -128 169 -28.80 -38.09 -218 -117 -151 -16.40 -53.48 -1033 1159 -1432
60.42 4.01 96 -83 139 -28.94 -37.27 -129 -92 -170 -15.95 -53.40 -908 494 -1635
