60.83 1.20 172 4 91 -27.78 -41.09 78 119 -122 -16.36 -51.77 -22 -12 6
60.83 1.20 172 4 91 -27.78 -41.09 78 119 -122 -16.36 -51.77 -22 -12 6
60.80 1.21 162 -10 90 -27.79 -41.08 68 119 -134 -16.36 -51.72 6 -103 6
60.79 1.22 119 -1 73 -27.80 -41.07 63 112 -130 -16.36 -51.64 38 -377 142
60.79 1.22 116 -17 89 -27.80 -41.06 65 117 -133 -16.41 -51.40 -138 -778 360
60.79 1.23 134 -9 88 -27.79 -41.05 83 130 -134 -16.41 -51.01 -95 -847 249
60.79 1.24 142 6 73 -27.79 -41.05 90 120 -109 -16.48 -50.57 -169 -854 262
60.80 1.25 174 20 61 -27.80 -41.04 73 108 -101 -16.52 -49.96 -224 -726 184
60.80 1.25 180 7 84 -27.81 -41.00 36 56 -60 -16.55 -49.28 -192 -553 63
60.79 1.26 166 -10 99 -27.83 -40.96 43 91 -141 -16.51 -48.59 -253 -410 22
60.78 1.28 140 -23 107 -27.84 -40.92 13 35 -102 -16.34 -47.91 -149 -188 -141
60.77 1.30 160 -43 122 -27.86 -40.81 -59 -73 12 -16.20 -47.31 -42 198 -370
60.76 1.34 184 -43 129 -27.90 -40.57 -82 -288 197 -16.10 -46.88 18 616 -533
60.75 1.38 262 -42 140 -27.98 -40.20 -174 -496 250 -15.93 -46.63 119 1045 -686
60.76 1.47 447 -56 195 -28.06 -39.80 -123 -588 236 -15.76 -46.62 512 1952 -1228
60.76 1.62 631 -97 276 -28.14 -39.50 -249 -576 256 -16.01 -47.13 1188 3983 -2618
60.77 1.92 741 -158 301 -28.21 -39.04 -244 -486 160 -16.86 -48.91 2060 6087 -4184
60.72 2.29 613 -231 296 -28.31 -38.43 -142 -329 6 -18.18 -52.37 1960 4597 -2884
60.63 2.70 371 -205 197 -28.47 -37.67 -182 -217 -147 -17.60 -54.13 -711 1043 -1198
60.60 3.10 176 -182 143 -28.59 -36.81 -114 -98 -270 -17.37 -54.21 -822 383 -1481
