61.15 2.80 128 -116 80 -28.73 -37.07 69 270 -414 -15.75 -51.69 15 12 -6
60.96 3.28 -166 -75 59 -28.76 -36.30 403 1129 -859 -15.76 -51.65 4 -33 2
60.93 3.44 -370 17 -39 -28.70 -36.16 885 1774 -1151 -15.76 -51.60 -13 -81 24
60.91 3.46 -647 162 -197 -28.51 -36.42 1474 2410 -1344 -15.76 -51.53 -41 -250 104
60.92 3.25 -895 406 -433 -28.41 -37.07 1758 2746 -1392 -15.75 -51.28 -181 -775 409
60.95 2.69 -1044 594 -602 -28.19 -38.25 2361 580 -1359 -15.59 -50.81 -115 -1032 428
60.89 1.66 -1390 619 -819 -28.32 -39.96 -1188 -2298 894 -15.53 -50.14 -164 -1115 501
60.75 0.31 -950 723 -489 -28.61 -39.80 -3140 -3224 1889 -15.47 -49.22 -2 -858 307
61.64 -0.55 2563 -559 1556 -28.57 -38.68 -1248 -1914 1091 -15.48 -48.21 21 -627 85
61.73 -0.21 2822 -1051 1779 -28.62 -37.86 492 -53 -463 -15.51 -47.21 -31 -299 -191
61.12 0.62 1481 -680 655 -28.80 -37.57 759 641 -944 -15.56 -46.31 -103 4 -413
60.69 1.30 -139 -235 -347 -28.98 -37.36 337 417 -736 -15.55 -45.57 -40 204 -531
60.62 1.57 -948 16 -728 -29.17 -37.01 -23 169 -575 -15.58 -44.97 -49 537 -693
60.68 1.52 -765 19 -500 -29.28 -36.69 -133 -85 -571 -15.59 -44.63 52 967 -839
60.69 1.46 -350 -95 12 -29.36 -36.48 -483 257 -490 -15.55 -44.60 267 1660 -1133
60.75 1.59 118 -184 407 -29.28 -36.32 236 737 -678 -15.62 -44.96 734 2748 -1788
60.87 1.92 315 -225 516 -29.08 -36.61 878 1233 -936 -16.20 -46.22 1731 5078 -3857
60.86 2.26 -218 72 82 -28.88 -37.44 1060 1571 -1204 -17.66 -49.62 2644 6490 -5277
60.93 2.36 -360 235 -188 -28.59 -38.83 1040 1546 -1103 -18.05 -53.48 -2327 817 1227
61.01 2.23 -446 238 -262 -28.25 -40.40 614 924 -455 -17.41 -52.87 -1304 269 -153
