65.42 -1.69 168 -29 91 -25.90 -43.37 91 57 4 -15.12 -51.59 -2 -192 54
65.43 -1.69 173 -28 93 -25.74 -43.75 79 64 7 -15.18 -51.59 12 -207 53
65.43 -1.69 173 -28 93 -25.74 -43.75 79 64 7 -15.18 -51.59 12 -207 53
65.43 -1.69 178 -25 95 -25.31 -44.90 77 78 7 -15.30 -51.53 -30 -128 -40
65.43 -1.69 181 -4 81 -25.09 -45.55 67 83 2 -15.35 -51.58 1 -211 16
65.44 -1.68 169 -8 85 -24.85 -46.29 104 57 60 -15.39 -51.53 -3 -661 258
65.45 -1.69 179 -23 95 -24.58 -47.13 126 44 89 -15.34 -51.31 32 -1157 418
65.45 -1.68 189 -32 92 -24.25 -48.19 138 185 -68 -15.36 -50.89 35 -1252 423
65.44 -1.66 174 -36 87 -23.85 -49.51 48 91 50 -15.44 -50.29 29 -688 142
65.45 -1.65 157 -35 78 -23.50 -50.71 108 -125 192 -15.55 -49.70 48 233 -195
65.45 -1.64 189 -29 90 -23.19 -51.86 -64 -663 529 -15.55 -49.20 -15 1257 -442
65.45 -1.62 263 -35 93 -22.97 -52.63 -258 -1011 771 -15.28 -48.89 -15 2223 -667
65.45 -1.57 281 -38 93 -22.84 -53.20 -161 -410 364 -14.58 -48.92 399 3449 -997
65.46 -1.48 267 -44 80 -22.72 -53.77 118 818 -261 -13.91 -49.34 506 3402 -1489
65.45 -1.42 224 -38 73 -22.51 -54.49 420 2292 -886 -13.97 -50.50 362 898 -625
65.44 -1.34 192 -9 42 -21.92 -55.92 1410 4708 -2145 -14.19 -51.17 -822 -1661 1037
65.48 -1.26 254 -16 69 -20.59 -58.79 -224 3492 -148 -13.95 -51.07 -906 -2084 1108
65.50 -1.16 260 -15 86 -19.87 -59.94 -2067 -49 2103 -13.74 -50.66 -477 -1367 305
65.54 -1.05 278 -33 100 -19.47 -60.70 -819 -553 952 -13.76 -50.20 -107 -789 -341
65.56 -0.93 293 -76 138 -19.15 -61.39 -406 -590 275 -13.98 -49.83 83 -402 -471
