61.41 0.81 145 -4 90 -27.25 -43.02 67 119 -108 -16.03 -50.89 17 25 -5
61.40 0.80 143 -6 98 -27.25 -43.02 65 108 -106 -16.03 -50.89 17 14 -6
61.39 0.79 150 -1 91 -27.25 -43.02 66 102 -106 -16.02 -50.89 19 12 -4
61.39 0.79 150 -1 91 -27.25 -43.02 66 102 -106 -16.02 -50.89 19 12 -4
61.39 0.79 150 -1 91 -27.25 -43.02 66 102 -106 -16.02 -50.89 19 12 -4
61.35 0.80 156 -11 126 -27.41 -42.83 79 28 -46 -16.05 -50.89 49 28 -6
61.32 0.79 139 -19 108 -27.50 -42.63 -72 -209 227 -16.07 -50.89 13 26 -6
61.29 0.77 140 -40 123 -27.65 -42.14 -453 -802 857 -16.08 -50.90 -5 17 -3
61.29 0.77 140 -40 123 -27.65 -42.14 -453 -802 857 -16.08 -50.90 -5 17 -3
61.29 0.77 140 -40 123 -27.65 -42.14 -453 -802 857 -16.08 -50.90 -5 17 -3
61.30 0.84 438 -59 206 -28.58 -39.06 55 -223 21 -16.06 -50.90 46 18 -19
61.29 0.97 521 -81 233 -28.95 -37.97 59 -135 -74 -16.08 -50.90 55 12 -15
61.16 1.13 343 -40 111 -29.29 -36.74 59 -226 -147 -16.11 -50.90 61 -56 46
61.08 1.23 -9 9 -9 -29.65 -35.51 136 -16 -622 -16.10 -50.94 85 -7 11
61.02 1.21 -60 -1 9 -29.97 -34.45 498 733 -1383 -16.17 -50.98 94 -24 15
60.94 1.15 146 -77 162 -30.16 -33.88 1575 1894 -2305 -16.25 -51.06 56 -32 25
60.82 1.14 184 -68 167 -30.22 -34.64 3109 4020 -4404 -16.36 -51.11 30 -42 52
60.82 1.14 184 -68 167 -30.22 -34.64 3109 4020 -4404 -16.36 -51.11 30 -42 52
60.24 0.75 -846 317 -278 -28.58 -42.19 -548 1026 -554 -16.48 -51.16 70 -229 140
59.96 0.10 -1497 647 -684 -28.54 -42.15 -441 -740 -95 -16.39 -51.33 47 -402 305
