61.07 0.68 119 -22 133 -27.72 -42.32 97 147 -108 -16.27 -50.76 223 -399 193
61.06 0.67 102 -32 126 -27.70 -42.32 99 133 -109 -16.51 -50.62 142 -622 299
61.05 0.68 125 -13 80 -27.69 -42.33 85 129 -110 -16.79 -50.39 9 -963 494
61.07 0.68 171 20 43 -27.69 -42.32 75 128 -115 -17.02 -49.96 -17 -1134 729
61.09 0.69 183 26 49 -27.68 -42.32 71 130 -120 -17.24 -49.38 143 -658 484
61.09 0.69 183 26 49 -27.68 -42.32 71 130 -120 -17.24 -49.38 143 -658 484
61.08 0.71 108 -13 118 -27.68 -42.32 69 81 -91 -17.40 -48.22 69 1018 -256
61.07 0.70 120 -19 122 -27.69 -42.27 27 31 -11 -17.00 -47.77 101 1745 -733
61.07 0.70 163 -16 114 -27.74 -42.13 -7 -102 83 -16.43 -47.58 147 2453 -1157
61.07 0.72 177 -19 109 -27.82 -41.83 -256 -487 444 -15.57 -47.80 87 2503 -1193
61.06 0.73 179 -19 97 -28.02 -41.04 -529 -1000 887 -14.92 -48.20 -499 352 -854
61.05 0.74 290 -27 121 -28.37 -39.74 -677 -1147 979 -14.81 -48.48 -1062 -2548 931
61.04 0.79 415 -40 177 -28.84 -37.83 -716 -1038 775 -14.58 -47.91 -801 -2065 652
61.05 0.91 526 -87 245 -29.30 -35.72 -120 -225 -98 -14.27 -47.34 -162 -977 -37
61.02 1.08 541 -157 312 -29.70 -33.94 663 968 -1440 -14.16 -46.84 312 -298 -647
60.86 1.25 202 -94 183 -29.95 -32.79 2201 2305 -2871 -14.45 -46.51 291 48 -899
60.71 1.36 -276 56 12 -30.05 -33.44 3622 3931 -4932 -14.88 -46.45 -7 -83 -752
60.62 1.24 -662 258 -255 -29.40 -37.33 4331 4563 -5319 -15.29 -46.60 -316 -726 -308
60.41 0.78 -983 489 -517 -28.82 -40.45 -1149 -404 1067 -15.65 -46.61 -446 -836 269
60.19 0.00 -1232 686 -732 -28.75 -40.79 -860 -1515 773 -15.85 -46.42 -367 125 -175
