61.07 0.38 127 -18 83 -28.16 -40.85 79 100 -125 -16.44 -50.94 -11 -325 143
61.05 0.34 107 6 47 -28.17 -40.86 73 85 -119 -16.51 -50.73 27 -437 169
61.05 0.30 132 14 57 -28.17 -40.87 77 96 -121 -16.58 -50.48 -2 -620 304
61.05 0.26 182 -3 99 -28.18 -40.86 71 101 -116 -16.57 -50.11 62 -846 487
61.04 0.25 199 -14 107 -28.18 -40.87 69 104 -113 -16.56 -49.57 232 -978 533
61.03 0.25 169 -7 101 -28.18 -40.85 59 87 -77 -16.68 -48.97 289 -627 319
61.02 0.24 145 -2 102 -28.21 -40.81 73 43 -7 -16.87 -48.39 164 236 -47
61.01 0.25 146 -2 103 -28.28 -40.69 54 -36 59 -16.95 -47.85 109 1161 -351
61.00 0.25 170 -7 106 -28.37 -40.53 -32 -171 187 -16.68 -47.40 233 2068 -806
61.00 0.25 192 1 90 -28.45 -40.13 -238 -549 596 -16.21 -47.27 295 2834 -1181
60.99 0.25 214 -9 97 -28.70 -39.40 -304 -642 615 -15.44 -47.56 -115 2273 -1488
60.98 0.27 247 -28 112 -28.95 -38.64 -197 -619 516 -15.39 -48.32 -804 -1095 254
60.97 0.31 307 -48 131 -29.19 -37.72 -168 -530 341 -15.12 -48.34 -858 -2367 965
60.98 0.40 456 -60 185 -29.50 -36.57 -64 -362 79 -14.77 -47.86 -484 -1581 437
60.97 0.56 502 -77 205 -29.92 -35.37 113 317 -661 -14.52 -47.35 -34 -711 -198
60.93 0.74 424 -76 169 -30.24 -34.52 784 1409 -1676 -14.49 -46.90 305 -109 -736
60.85 0.89 300 -65 103 -30.39 -34.55 2433 3120 -3334 -14.73 -46.57 154 -64 -734
60.71 0.96 47 -87 130 -30.08 -37.22 4162 4956 -5538 -14.96 -46.35 -73 -263 -479
60.56 0.90 -340 24 -27 -29.07 -41.34 -301 1075 -830 -15.20 -46.22 -360 -464 -251
60.23 0.60 -936 315 -367 -28.84 -41.79 -916 -1067 218 -15.63 -46.16 -642 -724 106
