61.19 2.80 132 -118 112 -27.80 -41.21 83 134 -126 -16.01 -53.82 25 -550 313
61.14 3.05 -14 -61 18 -27.81 -41.20 80 128 -130 -16.22 -54.98 -236 -12 47
61.11 3.23 -121 -4 -51 -27.80 -41.19 70 110 -130 -16.32 -56.38 -20 491 -134
61.09 3.36 -252 73 -128 -27.78 -41.20 60 75 -119 -16.39 -57.98 -11 479 73
61.08 3.36 -468 201 -235 -27.76 -41.19 73 74 -124 -16.37 -59.45 -110 151 387
61.10 3.17 -773 389 -341 -27.73 -41.23 143 59 -98 -16.35 -60.60 -138 163 422
61.11 2.58 -1070 515 -478 -27.71 -41.32 121 -56 -54 -16.40 -61.55 -148 356 348
61.03 1.54 -1442 619 -610 -27.67 -41.35 23 -338 168 -16.37 -62.36 -160 168 427
61.38 0.46 450 253 464 -27.66 -41.21 -260 -488 369 -16.28 -63.06 -153 70 353
61.87 0.04 2282 -622 1606 -27.73 -40.83 -252 -414 258 -16.20 -63.74 -111 28 309
61.65 0.41 1838 -680 1062 -27.75 -40.56 -51 -129 29 -16.16 -64.25 -179 162 278
61.34 0.96 692 -444 71 -27.78 -40.20 -53 -162 149 -16.04 -64.67 -85 241 335
61.23 1.28 -177 -284 -495 -27.88 -39.59 -175 -179 5 -15.88 -64.96 -67 396 295
61.22 1.35 -351 -192 -457 -27.86 -39.00 -14 -40 -235 -15.65 -65.23 39 765 178
61.22 1.35 -351 -192 -457 -27.86 -39.00 -14 -40 -235 -15.65 -65.23 39 765 178
61.25 1.50 65 -266 240 -27.86 -38.02 3 45 -237 -15.22 -66.19 597 2739 -326
61.17 1.66 -73 -123 339 -27.84 -37.43 -50 -97 -122 -15.18 -67.38 1148 4691 -1123
61.21 1.82 -39 -16 376 -27.83 -36.80 27 -51 -284 -15.11 -69.29 435 1688 812
61.17 1.91 -416 248 -44 -27.83 -36.31 162 73 -374 -14.85 -69.85 -717 -673 975
61.21 1.78 -702 435 -414 -27.84 -35.84 126 123 -279 -14.51 -70.33 -519 -1183 102
