61.99 1.95 -22 -163 47 -27.28 -36.31 449 1027 -607 -15.18 -52.13 -14 -34 -16
61.91 2.29 -94 -133 40 -27.21 -36.09 865 1736 -738 -15.17 -52.13 39 -22 -30
61.81 2.58 -164 -84 21 -27.13 -36.09 1593 2524 -914 -15.20 -52.17 45 -75 -15
61.74 2.84 -296 -23 -31 -27.15 -36.38 2082 2534 -1596 -15.21 -52.26 81 -206 39
61.69 3.02 -613 122 -174 -27.09 -37.89 605 -166 -582 -15.33 -52.59 337 -190 -251
61.68 2.96 -1008 386 -396 -27.38 -38.64 -2725 -2326 1294 -15.50 -53.47 38 -700 89
61.68 2.47 -1416 705 -688 -27.26 -38.02 -1949 -2012 1065 -15.57 -54.37 -70 -888 234
61.67 1.43 -1698 845 -924 -27.02 -37.49 96 -748 -166 -15.68 -55.46 -22 -579 47
62.11 0.23 350 370 280 -27.05 -37.29 553 -140 -604 -15.83 -56.84 -66 -123 7
62.65 -0.34 2479 -846 1770 -27.21 -37.15 463 30 -635 -15.94 -58.27 -63 267 108
62.31 0.08 2047 -921 1281 -27.45 -37.01 -7 -48 -425 -15.97 -59.56 -164 471 237
61.89 0.72 818 -655 174 -27.71 -36.71 -322 59 -266 -15.92 -60.63 -177 622 288
61.66 1.16 -248 -305 -645 -27.84 -36.40 -344 87 -298 -15.85 -61.50 -201 850 225
61.63 1.20 -332 -247 -561 -27.93 -36.10 -325 599 -304 -15.67 -62.36 -135 1296 114
61.62 1.15 -101 -327 -83 -27.90 -35.90 526 1071 -578 -15.38 -63.30 46 1992 80
61.49 1.23 -105 -313 291 -27.85 -36.10 765 1316 -720 -15.04 -64.36 679 3291 -266
61.39 1.44 -161 -84 343 -27.82 -36.47 745 1199 -665 -14.90 -66.06 1410 5448 -973
61.49 1.64 -176 85 264 -27.78 -37.01 579 940 -633 -14.67 -68.26 -924 915 2097
61.55 1.71 -466 354 -126 -27.71 -37.79 428 632 -588 -14.30 -68.25 -595 -465 737
61.61 1.56 -586 440 -313 -27.62 -38.74 228 305 -395 -14.07 -68.71 -479 -992 20
