63.02 -0.97 162 -7 115 -27.09 -40.88 76 112 -131 -15.23 -52.04 -26 -161 -12
63.02 -0.96 150 -2 98 -27.09 -40.87 68 129 -127 -15.25 -52.00 -53 -405 95
63.02 -0.95 148 -20 96 -27.09 -40.87 69 141 -123 -15.32 -51.97 3 -535 29
63.02 -0.95 137 -22 87 -27.10 -40.88 66 136 -120 -15.43 -52.23 61 -504 -74
63.04 -0.95 142 -25 96 -27.09 -40.89 68 121 -128 -15.62 -52.93 198 -330 -212
63.03 -0.93 151 -13 104 -27.09 -40.89 65 93 -133 -15.82 -54.24 146 -383 -14
63.03 -0.93 161 -7 113 -27.09 -40.89 45 65 -127 -15.88 -55.71 76 -735 240
63.03 -0.93 161 -7 113 -27.09 -40.89 45 65 -127 -15.88 -55.71 76 -735 240
63.03 -0.93 161 -7 113 -27.09 -40.89 45 65 -127 -15.88 -55.71 76 -735 240
63.03 -0.91 154 -6 85 -27.14 -40.62 -235 -395 225 -16.18 -59.98 -226 528 233
63.03 -0.91 156 -24 109 -27.20 -40.19 -200 -607 352 -16.11 -61.03 -117 1058 335
63.03 -0.89 192 -35 124 -27.29 -39.68 -141 -607 232 -15.93 -61.89 86 1402 388
63.02 -0.85 266 -48 139 -27.38 -39.17 -49 -462 162 -15.75 -62.60 184 1593 357
63.02 -0.78 381 -55 155 -27.37 -38.87 -73 -421 101 -15.57 -63.27 168 1789 188
63.02 -0.66 539 -81 198 -27.27 -38.50 -127 -618 233 -15.39 -64.14 370 2491 -119
63.04 -0.43 716 -121 243 -27.20 -37.97 -169 -634 106 -15.25 -65.41 876 3620 -497
63.04 -0.08 750 -146 231 -27.17 -37.45 -123 -471 -18 -15.39 -67.18 1152 4465 -461
62.97 0.34 642 -129 170 -27.20 -36.94 34 11 -350 -15.29 -69.01 -1306 -289 1849
62.90 0.82 574 -150 153 -27.19 -36.53 321 605 -684 -14.99 -69.17 -991 -1302 443
62.86 1.33 717 -218 228 -27.15 -36.20 498 1026 -847 -14.73 -69.63 -786 -1439 -110
