62.98 1.18 292 -133 113 -19.66 -63.59 -614 955 1217 -15.52 -49.13 -231 -591 -151
62.87 1.55 240 -145 120 -18.52 -65.66 139 2516 -3 -15.80 -49.00 -215 -464 233
62.79 1.93 146 -127 110 -17.80 -66.56 -302 585 941 -15.75 -48.76 107 557 -166
62.69 2.29 -286 40 -42 -17.53 -67.15 -87 299 289 -15.80 -48.70 443 1181 -312
62.69 2.29 -286 40 -42 -17.53 -67.15 -87 299 289 -15.80 -48.70 443 1181 -312
62.59 2.05 -1647 582 -625 -17.19 -67.71 -24 -362 -172 -15.80 -49.01 426 1279 -201
62.74 1.23 -912 452 -353 -17.24 -67.55 2 -607 -203 -15.66 -49.25 231 908 -29
62.97 0.48 -31 324 34 -17.46 -67.09 -7 -718 -181 -15.41 -49.40 66 420 119
63.09 0.02 1018 -125 501 -17.93 -66.20 -1154 -2876 642 -15.11 -49.46 -22 99 87
62.99 -0.07 874 -406 542 -18.69 -64.36 525 -4 -199 -14.87 -49.54 -72 44 -91
62.84 -0.01 632 -525 400 -19.51 -62.61 -168 -667 372 -14.69 -49.72 -63 94 -228
62.76 0.13 590 -561 264 -20.53 -60.08 103 -281 402 -14.53 -49.99 1 69 -204
62.66 0.38 634 -517 260 -21.68 -57.01 207 278 -102 -14.36 -50.32 13 -241 -27
62.66 0.38 634 -517 260 -21.68 -57.01 207 278 -102 -14.36 -50.32 13 -241 -27
63.30 -2.00 269 -2 78 -23.83 -49.81 770 1171 -1704 -14.21 -50.69 -136 -936 309
63.30 -1.98 181 12 46 -24.72 -46.54 1177 1197 -2138 -14.28 -50.68 95 -399 91
63.30 -1.98 121 -1 76 -25.38 -44.32 1194 1001 -2227 -14.36 -50.73 41 -88 15
63.31 -1.96 118 -6 105 -25.73 -43.13 1098 728 -1934 -14.39 -50.80 -28 -42 33
63.31 -1.95 153 -4 110 -25.88 -42.75 873 501 -1516 -14.42 -50.84 -73 -50 48
63.33 -1.95 167 -9 105 -25.94 -42.82 695 227 -934 -14.46 -50.87 -61 -82 71
