62.73 2.85 -844 331 -492 -25.87 -43.64 71 107 -112 -15.13 -50.78 -74 -346 90
62.71 2.77 -1379 492 -572 -25.85 -43.68 56 102 -108 -15.22 -50.67 -54 -526 102
62.82 2.26 -1029 457 -309 -25.84 -43.71 59 110 -91 -15.41 -50.54 -64 -590 92
62.94 1.64 -705 405 -93 -25.81 -43.77 60 119 -102 -15.61 -50.40 -60 -817 218
63.07 1.04 317 -76 421 -25.77 -43.86 52 110 -112 -15.80 -50.24 -100 -922 271
63.00 0.75 702 -453 654 -25.73 -43.95 58 100 -96 -16.06 -49.98 -23 -795 243
62.90 0.78 608 -580 548 -25.69 -44.05 74 87 -89 -16.33 -49.74 136 -365 90
62.76 0.92 591 -584 367 -25.67 -44.17 134 8 -73 -16.53 -49.56 222 293 -156
62.65 1.15 590 -504 220 -25.64 -44.44 163 -126 -50 -16.52 -49.57 295 939 -360
62.58 1.46 564 -407 166 -25.58 -44.99 153 -249 25 -16.36 -49.77 346 1671 -547
62.53 1.83 695 -446 385 -25.49 -45.69 -12 -377 196 -16.07 -50.15 472 2351 -647
62.18 2.22 -383 -58 -34 -25.39 -46.36 -187 -618 486 -15.75 -50.83 554 1897 -269
62.04 2.29 -1061 178 -246 -25.35 -46.86 -267 -766 565 -15.68 -51.34 88 1068 -137
62.03 1.99 -1370 348 -373 -25.27 -47.53 -163 -373 278 -15.63 -51.69 -193 -422 497
62.10 1.44 -1335 441 -403 -25.01 -48.72 165 393 -153 -15.63 -51.56 -675 -1127 537
62.29 0.73 -1017 386 -237 -24.37 -50.94 605 1501 -761 -15.59 -51.20 -552 -1088 209
62.56 0.01 -587 342 -115 -23.16 -54.52 1255 2846 -1301 -15.64 -50.83 -406 -928 -59
62.82 -0.68 -47 234 15 -21.55 -59.02 1666 4029 -1465 -15.73 -50.45 -235 -803 -106
63.08 -1.28 452 101 132 -20.45 -61.79 -560 816 919 -15.84 -50.07 -181 -616 -185
63.23 -1.76 801 22 211 -18.79 -65.37 -1260 2033 1645 -16.05 -49.67 -132 -425 150
