63.70 -1.84 158 -33 95 -26.52 -42.44 50 138 -124 -14.81 -50.26 4 43 -26
63.70 -1.84 170 -23 80 -26.51 -42.45 58 119 -128 -14.82 -50.27 8 41 -18
63.70 -1.84 171 -15 74 -26.51 -42.45 73 92 -117 -14.82 -50.27 23 31 -12
63.70 -1.83 169 -11 99 -26.51 -42.45 83 52 -103 -14.82 -50.27 17 13 -10
63.69 -1.83 153 2 100 -26.52 -42.47 164 -20 -110 -14.83 -50.28 26 11 -6
63.70 -1.83 127 8 86 -26.55 -42.58 201 -161 -33 -14.85 -50.27 22 27 -14
63.71 -1.84 149 -8 94 -26.54 -42.94 300 -406 125 -14.87 -50.27 6 40 -18
63.71 -1.85 207 -32 115 -26.52 -43.61 -186 -954 472 -14.89 -50.27 -10 62 -23
63.69 -1.83 225 -42 107 -26.46 -44.36 -611 -1394 817 -14.90 -50.28 -1 56 -14
63.68 -1.82 276 -56 118 -26.36 -45.26 -312 -988 493 -14.90 -50.28 13 52 -14
63.67 -1.75 421 -80 162 -26.14 -46.53 238 -121 195 -14.90 -50.29 14 34 -10
63.65 -1.61 630 -119 229 -25.92 -48.20 149 348 94 -14.91 -50.29 13 25 -19
63.65 -1.61 630 -119 229 -25.92 -48.20 149 348 94 -14.91 -50.29 13 25 -19
63.68 -0.84 1240 -317 389 -25.12 -51.68 139 1299 -244 -14.93 -50.28 -14 47 -20
63.69 -0.10 1490 -490 541 -24.37 -53.90 629 2275 -734 -14.93 -50.29 -21 49 -19
63.54 0.89 1273 -526 457 -23.45 -56.52 1331 3675 -1210 -14.93 -50.29 -14 20 -13
63.23 1.91 563 -354 118 -22.26 -59.75 1774 5231 -1765 -14.92 -50.30 2 -18 -9
62.96 2.79 -9 -178 -148 -20.74 -63.27 -1219 2212 1335 -14.92 -50.28 1 -43 -13
62.74 3.46 -306 -102 -209 -19.91 -64.49 -2319 -698 2288 -14.93 -50.27 -17 -127 -13
62.53 3.99 -524 -8 -238 -19.28 -65.50 -971 -935 1102 -15.01 -50.24 -29 -258 -6
