63.83 -1.34 115 24 65 -25.86 -42.95 75 127 -98 -14.42 -50.94 19 34 17
63.85 -1.34 109 17 77 -25.87 -42.95 84 133 -83 -14.43 -50.87 -24 31 12
63.85 -1.34 109 17 77 -25.87 -42.95 84 133 -83 -14.43 -50.87 -24 31 12
63.87 -1.34 160 -12 105 -25.93 -42.96 92 141 -41 -14.38 -50.67 -53 -2 34
63.87 -1.34 156 -30 117 -25.99 -42.97 79 155 -27 -14.32 -50.44 13 -115 103
63.86 -1.35 150 -49 132 -26.02 -43.03 91 164 -11 -14.22 -50.12 -33 -140 147
63.84 -1.36 156 -30 109 -26.07 -43.10 48 150 4 -14.18 -49.66 -44 20 5
63.84 -1.36 156 -30 109 -26.07 -43.10 48 150 4 -14.18 -49.66 -44 20 5
63.84 -1.37 149 6 67 -26.17 -43.29 89 134 14 -14.22 -48.78 18 26 -156
63.83 -1.39 157 7 76 -26.24 -43.39 93 117 51 -14.19 -48.25 30 -81 -99
63.81 -1.41 122 11 82 -26.33 -43.53 145 97 72 -14.21 -47.56 28 -141 -62
63.78 -1.45 109 18 75 -26.42 -43.74 134 114 71 -14.27 -46.66 33 -254 51
63.77 -1.48 130 36 62 -26.47 -44.03 90 155 -4 -14.36 -45.45 -2 -419 200
63.74 -1.52 154 37 55 -26.51 -44.31 76 187 11 -14.43 -43.82 32 -326 152
63.71 -1.59 159 7 65 -26.56 -44.63 95 169 57 -14.54 -41.73 54 258 -217
63.62 -1.67 217 13 42 -26.63 -45.00 149 127 60 -14.56 -39.13 158 1191 -1029
63.49 -1.75 193 13 52 -26.70 -45.40 81 -11 127 -14.67 -36.33 538 2369 -2815
63.36 -1.85 170 20 62 -26.83 -45.69 89 -53 162 -15.29 -35.39 1132 2912 -4176
63.21 -1.96 175 33 49 -26.99 -45.92 -133 -373 485 -15.20 -36.57 -512 -635 -569
63.08 -2.07 216 46 48 -27.43 -45.54 -720 -839 683 -14.62 -36.60 -524 -1783 17
