64.81 0.28 316 -106 123 -25.50 -43.66 25 30 2 -14.44 -50.45 -42 -253 -18
64.83 0.60 337 -78 100 -25.32 -44.11 106 -39 -14 -14.57 -50.45 -56 -241 20
64.81 0.95 341 -63 64 -25.12 -44.72 75 -84 -42 -14.64 -50.41 76 -223 38
64.80 1.32 476 -94 90 -24.88 -45.47 13 -13 -78 -14.66 -50.42 226 -115 2
64.74 1.77 599 -96 92 -24.60 -46.32 31 44 -38 -14.70 -50.43 230 -132 53
64.66 2.29 717 -131 108 -24.33 -47.15 -51 14 48 -14.77 -50.40 139 -278 151
64.53 2.89 612 -182 102 -23.97 -48.06 152 239 1 -14.81 -50.27 117 -606 272
64.35 3.48 282 -226 60 -23.54 -49.16 235 226 165 -14.87 -49.97 68 -814 302
64.14 4.02 -236 -191 -66 -23.19 -50.26 130 165 204 -14.97 -49.57 85 -641 140
63.95 4.38 -935 13 -274 -22.88 -51.24 -68 -171 428 -15.11 -49.19 32 -80 -126
63.89 4.38 -1812 443 -599 -22.66 -51.88 -187 -587 627 -15.21 -48.95 18 613 -361
63.91 3.65 -2591 701 -833 -22.47 -52.38 -78 -634 526 -15.22 -48.85 6 1464 -496
64.16 2.28 -1862 893 -608 -22.25 -53.10 72 -250 226 -14.90 -48.86 211 2659 -656
64.85 1.11 929 178 636 -21.96 -54.12 129 452 -142 -14.17 -49.20 595 3886 -1052
64.96 0.70 1859 -522 1188 -21.56 -55.39 341 1529 -611 -13.77 -49.97 395 3324 -1634
64.67 0.80 1238 -728 887 -20.97 -57.06 1038 3382 -1187 -14.17 -51.36 150 422 -319
64.53 1.02 686 -688 315 -20.00 -59.35 1830 5389 -1723 -14.32 -52.11 -1164 -2344 1370
64.39 1.23 506 -631 -43 -19.16 -61.50 -66 3042 249 -13.92 -51.95 -986 -2549 1279
64.31 1.40 574 -528 -12 -18.54 -62.35 -1086 -19 1518 -13.70 -51.48 -401 -1706 384
64.28 1.64 1118 -568 287 -18.07 -63.37 -623 -513 534 -13.66 -50.94 49 -1260 -41
