63.44 -1.61 146 -17 86 -27.97 -41.56 79 118 -114 -15.07 -49.28 20 24 -24
63.43 -1.61 158 -20 87 -27.98 -41.56 79 110 -113 -15.08 -49.22 41 38 -47
63.44 -1.61 166 -16 85 -27.98 -41.55 81 116 -113 -15.10 -49.16 25 48 -54
63.44 -1.61 141 -15 82 -27.99 -41.55 84 129 -111 -15.13 -49.11 30 49 -67
63.43 -1.61 140 -21 94 -27.98 -41.59 75 127 -89 -15.17 -49.06 9 -2 -25
63.44 -1.61 160 -15 97 -27.95 -41.69 57 93 -55 -15.22 -49.01 26 -19 -12
63.44 -1.60 159 -9 88 -27.88 -41.90 78 85 -26 -15.27 -48.96 65 -7 1
63.46 -1.60 158 -17 93 -27.84 -42.08 88 127 -47 -15.35 -48.90 60 10 16
63.45 -1.60 185 -28 106 -27.81 -42.24 85 142 -62 -15.42 -48.82 37 12 53
63.44 -1.59 168 -21 99 -27.79 -42.39 89 163 -77 -15.52 -48.62 -94 10 229
63.44 -1.58 146 3 82 -27.80 -42.49 88 147 -92 -15.56 -47.88 -39 -99 304
63.44 -1.59 165 -2 92 -27.80 -42.62 97 127 -67 -15.58 -46.73 -25 -207 231
63.44 -1.58 210 -18 102 -27.77 -42.79 102 102 -13 -15.70 -45.20 -39 -327 242
63.44 -1.56 232 -23 95 -27.76 -43.02 129 105 15 -15.79 -43.28 -32 -57 24
63.42 -1.53 164 -13 57 -27.76 -43.24 118 124 10 -15.78 -41.11 126 612 -606
63.42 -1.53 139 -15 69 -27.77 -43.47 83 132 20 -15.80 -38.69 556 1842 -2132
63.41 -1.52 133 -8 78 -27.79 -43.71 -18 94 120 -16.45 -37.17 1535 3410 -4873
63.40 -1.52 138 -26 107 -27.90 -43.73 -292 -65 376 -17.28 -38.23 395 664 -1263
63.39 -1.52 163 -21 108 -28.11 -43.33 -597 -560 792 -16.76 -38.86 -402 -1481 149
63.37 -1.50 185 -20 103 -28.30 -42.94 -459 -625 708 -16.77 -39.27 -420 -1334 233
