61.84 -1.62 12 4 51 -27.38 -42.65 78 109 -119 -15.68 -47.95 3 60 -37
61.63 -1.63 175 -23 134 -27.40 -42.64 79 126 -136 -15.73 -47.87 25 40 -48
61.47 -1.61 415 -92 197 -27.42 -42.64 77 124 -130 -15.78 -47.71 67 86 -88
61.20 -1.52 442 -109 141 -27.45 -42.63 79 124 -115 -15.85 -47.50 107 7 -88
60.83 -1.45 258 -109 54 -27.47 -42.64 83 122 -94 -16.00 -47.25 157 -18 -86
60.40 -1.51 24 -103 30 -27.47 -42.68 252 121 -36 -16.22 -46.96 106 -25 -69
60.40 -1.51 24 -103 30 -27.47 -42.68 252 121 -36 -16.22 -46.96 106 -25 -69
59.12 -2.15 -942 158 -235 -27.52 -42.79 58 100 -43 -16.64 -45.93 -24 -51 82
58.33 -2.94 -1493 542 -578 -27.49 -43.02 57 20 91 -16.58 -44.90 -182 -451 361
57.65 -4.00 -1401 940 -768 -27.43 -43.45 142 25 203 -16.48 -43.67 -165 -547 244
57.24 -5.28 -674 964 -634 -27.38 -44.02 161 -1 300 -16.45 -42.40 -68 -493 92
57.09 -6.51 656 398 86 -27.28 -44.85 166 38 273 -16.49 -41.07 16 -363 -99
57.32 -7.31 2080 -623 1112 -27.18 -45.83 118 119 188 -16.54 -39.78 20 -135 -312
57.26 -7.24 1784 -697 820 -27.05 -46.85 6 174 100 -16.55 -38.51 2 113 -423
57.09 -6.87 968 -367 154 -26.97 -47.75 -176 221 87 -16.49 -37.20 98 651 -715
57.14 -6.56 402 -103 -224 -26.85 -48.56 -301 59 233 -16.33 -35.81 366 1511 -1351
57.36 -6.35 410 -148 -60 -26.79 -48.98 -474 -521 579 -16.12 -34.34 817 2166 -2268
57.74 -5.97 657 -301 250 -26.89 -49.07 -470 -609 459 -16.32 -33.59 1158 2725 -3625
58.22 -5.29 721 -358 477 -27.03 -49.08 -182 -186 63 -16.58 -34.49 505 910 -1542
58.73 -4.51 557 -336 390 -27.19 -48.99 69 99 -82 -15.95 -35.08 -780 -1858 493
