62.97 -1.01 239 -10 208 -26.95 -43.60 -40 118 445 -15.37 -49.43 59 16 -15
62.97 -0.97 234 8 136 -27.07 -43.07 -138 3 197 -15.39 -49.44 38 24 -16
62.99 -0.92 207 43 71 -27.18 -42.71 56 10 -108 -15.41 -49.45 34 18 -5
63.04 -0.86 218 69 84 -27.29 -42.38 32 -12 -117 -15.44 -49.46 60 36 5
63.04 -0.85 216 32 176 -27.42 -41.96 76 108 -173 -15.49 -49.51 75 28 40
63.01 -0.83 166 60 173 -27.54 -41.57 207 322 -386 -15.56 -49.55 78 52 42
63.01 -0.78 107 132 115 -27.63 -41.27 240 447 -507 -15.64 -49.60 22 74 56
63.04 -0.75 40 166 102 -27.74 -41.03 31 431 -451 -15.72 -49.68 14 81 61
63.03 -0.82 44 194 57 -27.78 -40.78 -130 371 -273 -15.79 -49.76 -32 75 55
63.05 -0.88 266 50 194 -27.81 -40.40 -24 359 -172 -15.81 -49.88 -70 54 62
63.06 -0.87 334 7 172 -27.87 -39.94 67 377 -117 -15.78 -50.00 9 59 33
63.02 -0.84 209 43 80 -27.94 -39.34 110 366 46 -15.79 -50.14 55 75 85
62.99 -0.85 129 63 34 -28.05 -38.57 64 251 222 -15.81 -50.25 -9 129 102
62.93 -0.91 72 53 33 -28.33 -37.65 -14 129 340 -15.80 -50.46 -39 122 149
62.84 -1.02 195 -34 244 -28.58 -36.29 -65 234 44 -15.73 -50.74 19 172 186
62.67 -1.02 17 81 246 -28.82 -34.52 143 574 -815 -15.67 -51.08 92 257 231
62.50 -1.11 52 58 229 -28.85 -33.16 1076 1534 -2397 -15.58 -51.45 42 120 187
62.29 -1.23 53 93 126 -28.29 -33.89 1809 1556 -2416 -15.60 -51.79 -43 23 112
61.99 -1.44 6 99 35 -28.02 -35.25 58 -221 -481 -15.59 -52.16 3 29 99
61.58 -1.77 25 54 29 -27.86 -35.48 -328 -1450 421 -15.60 -52.50 46 92 136
