62.68 0.94 162 5 89 -27.16 -41.96 83 124 -137 -16.94 -51.52 72 49 -19
62.66 0.94 142 8 103 -27.18 -42.02 73 118 -136 -16.99 -51.48 97 24 13
62.65 0.94 98 -11 115 -27.19 -42.05 52 92 -101 -17.07 -51.44 103 35 14
62.64 0.94 83 -6 101 -27.22 -42.06 49 112 -102 -17.16 -51.40 -18 60 3
62.64 0.93 83 -6 88 -27.24 -42.06 78 155 -86 -17.19 -51.38 -79 65 9
62.65 0.89 107 -21 90 -27.27 -42.07 59 180 -77 -17.17 -51.37 -68 48 17
62.66 0.86 129 -34 95 -27.31 -42.07 26 232 -39 -17.15 -51.38 -28 19 33
62.66 0.86 129 -34 95 -27.31 -42.07 26 232 -39 -17.15 -51.38 -28 19 33
62.66 0.81 199 -19 103 -27.36 -42.13 -182 491 222 -14.99 -43.46 -193 1150 -1280
62.65 0.80 188 -21 101 -27.53 -41.23 -79 428 748 -14.23 -41.15 -150 1624 -2010
62.64 0.79 175 -18 109 -27.87 -39.93 139 306 822 -13.48 -39.57 -43 2272 -2712
62.62 0.78 141 -23 130 -28.44 -38.25 -101 -118 987 -12.56 -39.17 16 1581 -2434
62.60 0.76 103 4 95 -29.12 -35.99 -530 -748 1014 -12.12 -39.72 -951 -1939 -90
62.57 0.71 90 21 91 -29.98 -32.95 -953 -578 -93 -12.25 -39.45 -1247 -3260 906
62.54 0.65 55 43 90 -30.64 -29.55 -97 297 -1886 -12.49 -38.67 -399 -1622 -139
62.45 0.51 -70 94 82 -30.87 -26.60 1118 1019 -2936 -12.56 -38.23 264 -437 -888
62.28 0.24 -239 115 123 -30.75 -24.96 2329 1648 -3827 -12.71 -38.18 419 -382 -881
62.28 0.24 -239 115 123 -30.75 -24.96 2329 1648 -3827 -12.71 -38.18 419 -382 -881
61.38 -0.77 -142 236 194 -30.58 -28.22 777 -235 -1418 -13.63 -38.39 -427 -1160 62
60.72 -1.41 404 137 383 -30.46 -28.87 -621 -2405 621 -14.24 -38.44 -675 -1423 376
