62.45 1.78 218 -14 94 -26.59 -41.79 -43 224 41 -16.61 -54.89 351 179 463
62.43 1.85 101 17 45 -26.56 -41.84 -88 259 196 -16.42 -55.60 428 67 373
62.43 1.85 101 17 45 -26.56 -41.84 -88 259 196 -16.42 -55.60 428 67 373
62.44 1.93 51 14 70 -26.51 -42.21 -91 413 222 -16.26 -56.77 -107 -511 584
62.43 1.94 73 -24 115 -26.72 -41.71 -433 278 514 -16.04 -56.64 -336 -1051 892
62.43 1.94 73 -24 115 -26.72 -41.71 -433 278 514 -16.04 -56.64 -336 -1051 892
62.42 2.00 137 20 119 -27.17 -40.10 201 535 -52 -15.16 -54.15 -75 -663 371
62.39 2.02 136 34 140 -27.44 -39.43 259 436 -31 -14.68 -52.26 109 130 -411
62.35 2.05 126 54 141 -27.79 -38.60 328 313 -26 -14.21 -50.55 61 967 -1165
62.30 2.05 102 75 146 -28.15 -37.76 345 260 -319 -13.71 -49.28 10 1840 -1859
62.19 2.01 134 99 151 -28.41 -37.05 177 201 -505 -13.41 -48.84 -545 1217 -1669
62.01 1.90 153 34 219 -28.56 -36.27 -135 103 -285 -13.30 -48.85 -896 -726 -748
61.70 1.76 -108 54 161 -28.62 -35.11 -454 -106 -82 -13.33 -48.67 -1207 -1434 -388
61.33 1.54 -436 271 -32 -28.61 -33.56 -373 4 -409 -13.24 -48.53 -790 -1213 -462
61.08 1.17 -296 284 4 -28.49 -31.92 560 529 -1298 -13.12 -48.30 -117 -517 -814
60.72 0.68 -99 197 84 -28.19 -31.20 1940 1367 -2435 -13.11 -47.99 335 -391 -884
60.23 0.15 72 106 123 -27.74 -32.29 545 449 -1174 -13.24 -47.52 519 -592 -877
59.62 -0.39 292 31 153 -27.54 -33.61 -814 -1299 571 -13.66 -47.00 580 -665 -940
59.00 -0.88 524 33 138 -27.32 -33.78 -543 -1551 301 -14.36 -46.71 126 -649 -821
58.31 -1.32 616 138 52 -26.94 -34.16 -410 -1600 148 -14.93 -46.57 -438 -621 -588
