62.19 1.61 251 -18 107 -27.06 -40.24 71 117 -150 -16.21 -50.43 37 10 -9
62.19 1.65 245 -3 73 -27.06 -40.23 79 116 -136 -16.22 -50.42 9 16 -14
62.20 1.69 292 -25 115 -27.05 -40.23 81 125 -129 -16.23 -50.41 15 9 1
62.23 1.78 498 -46 195 -27.06 -40.23 78 127 -128 -16.24 -50.39 15 25 -1
62.27 1.95 774 -150 325 -27.05 -40.23 70 125 -131 -16.25 -50.38 21 8 -7
62.23 2.19 584 -142 222 -27.06 -40.23 63 121 -132 -16.26 -50.36 34 -20 1
62.19 2.44 292 -68 71 -27.06 -40.23 67 113 -131 -16.29 -50.35 53 -68 16
62.17 2.62 -37 27 -57 -27.06 -40.23 70 107 -134 -16.35 -50.31 88 -99 34
62.03 2.65 -575 200 -152 -27.07 -40.23 66 103 -125 -16.41 -50.23 70 -295 174
61.97 2.39 -837 388 -235 -27.06 -40.24 35 91 -60 -16.42 -49.95 -168 -1020 731
61.83 1.79 -1164 506 -404 -27.06 -40.27 59 93 -42 -16.26 -49.24 -228 -1519 918
61.65 0.88 -1435 711 -731 -27.08 -40.31 -8 50 48 -16.05 -48.20 -445 -1813 1080
62.08 0.02 816 455 250 -27.12 -40.30 -54 -63 198 -15.81 -46.88 -105 -1049 204
62.60 -0.35 2836 -747 1567 -27.21 -40.13 -220 -242 392 -15.96 -45.83 -13 426 -947
62.06 0.03 1812 -784 1008 -27.35 -39.68 -178 -293 394 -16.06 -45.48 293 1677 -1595
61.59 0.61 391 -450 4 -27.50 -39.23 -13 -239 153 -16.38 -45.69 1048 3347 -2694
61.40 0.95 -636 -265 -530 -27.63 -38.79 -47 -461 160 -17.50 -47.14 1794 5399 -4173
61.28 0.98 -791 -127 -622 -27.79 -38.19 -258 -790 422 -19.10 -50.26 1417 4690 -2718
61.34 0.89 -648 -83 -349 -27.99 -37.45 -228 -660 248 -18.73 -52.87 -1872 -496 578
61.48 0.92 -168 -55 123 -28.14 -36.83 91 -219 -229 -18.20 -52.97 -1290 -613 -81
