62.59 0.51 294 -47 134 -28.38 -35.42 804 1391 -1075 -16.72 -52.27 12 27 -17
62.56 0.60 383 -83 198 -28.25 -35.50 1173 1818 -1152 -16.72 -52.27 -9 16 -10
62.61 0.77 659 -118 260 -28.21 -35.96 1235 2187 -1067 -16.72 -52.26 -17 -1 -4
62.62 1.07 801 -227 348 -28.12 -36.51 1373 1163 -754 -16.72 -52.24 -30 -41 -9
62.56 1.49 667 -241 277 -27.93 -37.62 -561 -1178 301 -16.71 -52.20 -30 -56 -8
62.49 1.94 356 -162 125 -28.07 -37.76 -1919 -2123 1011 -16.72 -52.14 22 -70 15
62.49 1.94 356 -162 125 -28.07 -37.76 -1919 -2123 1011 -16.72 -52.14 22 -70 15
62.30 2.57 -384 67 -160 -28.01 -36.83 232 -292 -503 -16.79 -51.95 -98 -396 189
62.18 2.61 -748 192 -270 -28.07 -36.71 537 108 -580 -16.74 -51.66 -167 -881 343
62.19 2.43 -754 264 -222 -28.20 -36.61 228 33 -401 -16.72 -51.14 -324 -1283 531
62.19 2.04 -756 372 -247 -28.32 -36.49 -101 -234 -165 -16.60 -50.26 -331 -1449 628
62.05 1.37 -1098 470 -438 -28.32 -36.39 -452 -474 8 -16.51 -49.09 -148 -799 114
61.91 0.40 -1277 724 -700 -28.34 -35.98 -275 91 -124 -16.51 -48.07 -7 78 -415
62.47 -0.48 1296 69 602 -28.19 -35.81 406 738 -498 -16.44 -47.38 158 766 -681
62.77 -0.69 2509 -794 1417 -28.06 -35.95 677 1170 -789 -16.32 -46.97 218 1317 -884
62.29 -0.27 1465 -714 773 -27.90 -36.45 828 1464 -1027 -16.26 -46.90 687 2353 -1619
61.98 0.26 268 -339 -95 -27.72 -37.33 1049 1643 -1196 -16.73 -47.55 1040 3941 -2852
61.95 0.50 -380 -106 -455 -27.53 -38.65 869 1313 -928 -17.58 -49.68 2050 5150 -3862
62.00 0.50 -150 -56 -271 -27.30 -40.07 253 476 -253 -18.03 -52.64 68 1260 824
62.06 0.56 245 -132 101 -27.08 -41.15 -458 -458 638 -17.25 -53.19 -812 -730 1292
