62.79 0.22 215 -8 105 -27.72 -41.39 -353 -466 414 -16.77 -52.25 -14 23 -20
62.80 0.27 290 8 92 -27.95 -40.94 -299 -309 125 -16.76 -52.24 -8 14 -10
62.79 0.35 351 7 101 -28.11 -40.45 -50 21 -158 -16.75 -52.24 2 1 -6
62.81 0.46 469 -36 143 -28.23 -39.95 128 289 -292 -16.75 -52.23 -2 5 -13
62.77 0.60 425 -92 174 -28.30 -39.40 185 442 -355 -16.75 -52.21 -19 -46 8
62.72 0.78 284 -114 166 -28.35 -38.83 173 574 -447 -16.74 -52.17 -33 -105 25
62.69 0.95 213 -126 144 -28.34 -38.31 251 782 -537 -16.73 -52.09 -8 -150 49
62.66 1.10 111 -115 117 -28.27 -37.87 432 1144 -523 -16.71 -51.96 -58 -243 107
62.66 1.10 111 -115 117 -28.27 -37.87 432 1144 -523 -16.71 -51.96 -58 -243 107
62.63 1.40 291 -137 204 -28.27 -36.72 1465 1845 -552 -18.06 -52.70 252 -285 551
62.61 1.64 389 -104 170 -28.16 -36.87 1301 -491 -570 -18.18 -51.71 99 -385 298
62.49 1.89 253 -86 121 -28.63 -37.11 -1545 -2308 541 -18.42 -50.97 -784 -1391 1128
62.40 2.14 -52 -14 3 -28.79 -36.59 -1705 -1995 379 -17.96 -50.16 -643 -1000 753
62.34 2.26 -286 7 -45 -28.68 -35.92 51 -589 -546 -17.14 -49.18 -262 -18 -307
62.30 2.29 -376 37 -49 -28.70 -35.65 817 500 -1239 -16.77 -48.72 196 773 -850
62.29 2.25 -459 105 -67 -28.80 -35.55 773 745 -1157 -16.45 -48.82 368 1576 -1370
62.32 2.07 -544 254 -121 -28.96 -35.38 410 790 -1191 -16.23 -49.44 504 1715 -1392
62.32 1.65 -611 426 -204 -28.96 -35.32 96 708 -1073 -16.13 -50.22 194 1061 -833
62.09 0.80 -1175 567 -506 -28.86 -35.52 -166 323 -813 -15.90 -50.75 -192 -199 147
61.78 -0.35 -1260 1035 -741 -28.63 -35.81 -319 466 -360 -15.68 -50.80 -243 -412 116
