63.16 -0.42 165 7 78 -26.13 -42.92 -25 140 -27 -15.52 -53.05 187 169 392
63.19 -0.41 197 5 90 -26.09 -42.99 -9 157 16 -15.65 -53.54 106 248 433
63.19 -0.41 181 -1 87 -26.08 -43.04 -21 167 171 -15.78 -54.13 205 181 437
63.20 -0.39 150 -10 85 -26.05 -43.18 103 282 152 -15.76 -54.92 399 -100 563
63.20 -0.40 153 -40 123 -26.09 -43.21 -119 267 349 -15.59 -55.97 212 -415 842
63.20 -0.38 172 -20 117 -26.27 -42.53 -288 72 418 -15.32 -56.67 22 -747 1125
63.19 -0.36 194 2 119 -26.48 -41.81 -290 161 242 -15.06 -56.65 56 -643 1101
63.19 -0.31 223 38 101 -26.64 -41.04 -68 277 127 -14.93 -55.88 -179 -48 763
63.18 -0.28 203 19 128 -26.88 -40.22 -5 402 -148 -14.59 -54.46 -455 756 129
63.15 -0.23 138 11 144 -27.10 -39.46 -40 549 -455 -13.93 -52.92 -102 1668 -821
63.13 -0.19 166 21 156 -27.24 -38.75 87 587 -495 -13.32 -51.96 20 2197 -1954
63.10 -0.09 275 96 133 -27.42 -37.92 78 514 -287 -13.08 -52.03 -530 -245 -1216
63.09 0.04 305 162 118 -27.62 -36.85 31 503 -176 -12.98 -51.97 -671 -1860 -593
63.02 0.14 290 170 120 -27.94 -35.42 -318 548 -389 -13.11 -51.62 -659 -2063 -497
62.89 0.19 27 96 160 -28.08 -33.88 158 965 -1075 -13.09 -51.18 -154 -1178 -874
62.65 0.14 -243 115 151 -27.89 -33.29 1867 2281 -2791 -13.06 -50.76 425 -592 -1120
62.52 0.04 -239 125 221 -27.37 -34.89 1182 1413 -1720 -13.20 -50.23 668 -586 -1124
62.39 -0.12 -175 184 232 -26.97 -35.72 -749 -2012 1315 -13.62 -49.70 459 -504 -1178
62.17 -0.36 -46 192 229 -26.91 -35.69 -429 -2151 515 -14.25 -49.34 -69 -431 -1040
61.90 -0.60 11 120 257 -26.65 -36.10 -29 -1929 -66 -14.69 -49.25 -322 -407 -776
