58.26 -2.32 1013 153 76 -26.52 -42.33 24 161 -81 -16.43 -53.53 175 338 541
57.16 -2.63 287 490 -422 -26.52 -42.35 -10 172 -68 -16.39 -53.92 360 158 552
56.15 -3.14 -416 713 -861 -26.50 -42.38 -28 172 -26 -15.82 -54.74 1073 -369 641
55.28 -3.81 -885 908 -1088 -26.49 -42.41 -9 200 -23 -15.93 -55.44 419 -1013 969
54.53 -4.59 -1253 1019 -1219 -26.46 -42.51 -40 258 47 -16.07 -55.69 -81 -2010 1373
54.02 -5.61 -1118 917 -1246 -26.45 -42.55 -211 458 268 -16.30 -54.96 -240 -2005 1258
53.59 -6.80 -780 251 -417 -26.71 -41.48 -215 406 572 -16.42 -53.39 -118 -751 510
53.69 -7.96 1797 -1297 1581 -27.04 -40.59 62 606 72 -16.34 -51.41 -48 351 -336
53.86 -8.01 2298 -1721 2038 -27.32 -39.91 160 493 71 -16.19 -49.36 -164 1295 -1098
53.94 -7.43 1602 -1397 1334 -27.62 -39.01 225 -45 552 -15.79 -47.53 -98 2358 -1755
54.09 -6.77 913 -953 408 -28.16 -37.61 -37 -552 767 -15.18 -46.39 328 3184 -2383
54.33 -6.32 339 -674 -303 -28.75 -35.72 -363 -761 703 -14.40 -46.18 524 2359 -2187
54.72 -5.91 155 -712 -510 -29.35 -33.30 -562 -575 156 -14.34 -46.78 -682 -1489 -460
55.06 -5.44 -265 -776 -483 -29.79 -30.60 -435 -174 -827 -14.56 -46.65 -1727 -3166 465
55.29 -4.99 -620 -663 -279 -29.96 -28.11 209 562 -2070 -14.49 -46.19 -1624 -2492 344
55.75 -4.57 -144 -559 -47 -29.69 -26.72 2062 1806 -3371 -14.21 -45.69 -479 -1055 -434
56.07 -4.13 -208 -292 -9 -29.08 -27.91 4283 3172 -4719 -14.16 -45.34 364 -269 -976
56.47 -3.76 366 -210 205 -28.39 -31.78 1609 1377 -2177 -14.47 -45.16 766 -282 -1162
56.96 -3.17 363 72 51 -28.35 -32.83 -694 -1847 979 -15.01 -45.11 415 -350 -1086
57.45 -2.66 110 204 -60 -28.12 -33.26 -529 -2008 267 -15.58 -44.97 -115 -141 -1046
