65.15 -0.77 268 -58 124 -24.85 -44.29 66 59 -75 -14.01 -51.36 14 -2 -6
65.16 -0.69 228 -55 128 -24.80 -44.45 65 86 -78 -14.03 -51.37 -10 -55 13
65.18 -0.59 212 -11 99 -24.74 -44.62 62 114 -66 -14.05 -51.35 -19 -43 1
65.18 -0.59 212 -11 99 -24.74 -44.62 62 114 -66 -14.05 -51.35 -19 -43 1
65.25 -0.31 464 -90 169 -17.21 -65.42 -382 -362 -153 -14.05 -51.33 50 -141 30
65.26 -0.09 426 -150 173 -16.91 -66.05 -202 -527 -510 -14.09 -51.28 12 -284 108
65.27 0.13 351 -141 118 -16.67 -66.41 4 -434 -508 -14.18 -51.17 21 -281 35
65.30 0.36 294 -110 92 -16.69 -66.37 62 -568 -268 -14.35 -51.07 -21 -144 -98
65.31 0.61 434 -96 152 -16.95 -65.90 104 -495 -149 -14.43 -51.06 -4 -193 -34
65.33 0.99 892 -122 246 -17.35 -65.21 -496 -1655 324 -14.45 -50.99 6 -318 78
65.30 1.60 1189 -224 321 -18.08 -63.73 269 -318 -191 -14.47 -50.84 49 -738 277
65.16 2.41 904 -249 191 -18.64 -62.20 -422 -576 242 -14.50 -50.48 26 -1358 540
64.94 3.20 270 -247 15 -19.45 -59.87 -683 -393 361 -14.62 -49.90 16 -1299 400
64.72 3.81 -301 -157 -139 -20.18 -57.19 -407 352 -44 -14.82 -49.42 57 -562 25
64.55 4.20 -577 -78 -196 -20.87 -54.10 16 1236 -857 -14.94 -49.08 177 200 -233
64.44 4.40 -615 -9 -193 -21.50 -50.93 1004 1658 -1554 -14.99 -48.87 222 783 -431
64.40 4.53 -744 175 -258 -22.24 -48.53 1179 1547 -2095 -15.03 -48.80 200 1068 -443
64.39 4.45 -1222 483 -462 -22.77 -47.12 1088 895 -1922 -15.03 -48.78 148 1167 -397
64.47 3.87 -1976 691 -712 -23.09 -46.56 870 181 -1267 -14.89 -48.87 232 1579 -402
64.66 2.59 -2301 869 -785 -23.40 -46.34 348 -274 -769 -14.42 -49.13 572 2537 -556
