62.17 0.67 -7 29 144 -26.69 -41.13 94 138 -18 -16.92 -52.64 13 56 63
61.89 0.39 -304 -14 171 -26.71 -41.25 80 133 5 -16.99 -52.76 20 74 80
61.40 -0.04 -393 43 210 -26.75 -41.37 49 156 -50 -17.04 -52.86 49 107 128
60.86 -0.49 -86 -29 366 -26.74 -41.51 14 162 -63 -17.08 -52.96 68 108 137
60.21 -0.92 286 -1 328 -26.72 -41.62 5 163 -69 -17.14 -53.07 83 125 167
59.49 -1.31 544 66 165 -26.68 -41.76 -2 177 -55 -17.14 -53.27 52 126 221
58.80 -1.67 680 94 21 -26.63 -41.93 25 181 -9 -17.06 -53.56 71 175 436
57.99 -2.07 504 244 -263 -26.58 -42.15 27 174 70 -16.98 -53.87 32 143 435
57.10 -2.55 64 557 -675 -26.54 -42.38 -33 199 137 -16.66 -54.48 401 -273 585
56.29 -3.21 -164 778 -785 -26.50 -42.62 46 235 123 -16.15 -55.33 52 -795 1016
55.51 -3.98 -456 941 -966 -26.47 -42.83 57 301 115 -15.90 -55.40 -90 -897 909
55.51 -3.98 -456 941 -966 -26.47 -42.83 57 301 115 -15.90 -55.40 -90 -897 909
54.30 -6.01 -230 280 -156 -29.39 -31.14 -468 -799 230 -15.72 -53.91 -19 -91 340
54.30 -6.88 1575 -818 1295 -29.71 -30.46 243 -208 -285 -15.31 -52.52 193 566 -152
54.28 -6.89 2323 -1299 1807 -29.91 -30.49 722 357 -650 -14.72 -51.05 446 1099 -735
54.06 -6.36 1546 -1104 1164 -30.03 -31.15 787 877 -913 -14.23 -49.83 293 1589 -1212
53.90 -5.93 458 -803 199 -30.05 -32.16 727 1239 -886 -13.75 -48.97 198 1863 -1492
53.98 -5.72 -11 -737 -384 -29.97 -33.33 620 1433 -714 -13.34 -48.60 -284 311 -1128
54.11 -5.42 -15 -747 -601 -29.92 -34.48 245 1443 -314 -13.28 -48.49 -1211 -2275 113
54.38 -4.87 132 -822 -542 -29.93 -35.33 -601 1049 457 -13.19 -47.95 -1523 -2950 382
