60.97 0.70 377 -58 199 -26.13 -35.92 1601 2584 -1563 -13.83 -50.91 32 -36 20
60.95 0.78 410 -132 240 -26.13 -36.28 2008 2516 -1762 -13.86 -50.94 85 -29 -19
60.94 0.95 342 -103 171 -26.12 -37.68 580 -407 -336 -13.89 -51.04 86 -57 24
60.99 1.16 496 -56 132 -26.40 -38.18 -2617 -2319 1554 -13.99 -51.25 177 3 -113
61.02 1.41 641 -86 183 -26.29 -37.47 -1611 -1972 1272 -14.18 -51.81 183 -189 7
61.03 1.72 726 -165 247 -26.15 -36.88 114 -767 32 -14.38 -52.70 303 -310 -15
60.97 2.12 636 -238 245 -26.32 -36.62 436 -190 -452 -14.65 -54.27 406 -272 -4
60.85 2.60 312 -228 167 -26.46 -36.46 373 -36 -511 -14.96 -56.16 323 -354 296
60.71 3.05 -214 -121 36 -26.66 -36.29 -81 -159 -298 -15.30 -57.66 -366 -280 401
60.57 3.33 -839 157 -235 -26.87 -35.86 -398 -194 -184 -15.32 -59.03 -223 -290 365
60.49 3.22 -1384 444 -544 -26.99 -35.36 -553 14 -68 -15.36 -60.29 -270 -161 299
60.52 2.66 -1662 712 -769 -27.13 -34.67 -5 554 -447 -15.42 -61.40 -284 -18 341
60.60 1.61 -1641 717 -772 -27.07 -34.38 730 1153 -953 -15.42 -62.25 -325 263 357
60.91 0.44 -216 445 73 -27.07 -34.64 916 1449 -1233 -15.32 -62.88 -212 795 422
61.54 -0.19 2272 -678 1635 -27.01 -35.34 867 1428 -1193 -15.06 -63.38 -70 2038 242
61.38 0.15 2096 -777 1295 -26.93 -36.35 784 1224 -1143 -14.68 -64.17 323 3637 -288
61.05 0.78 971 -543 227 -26.80 -37.70 591 867 -866 -14.23 -65.85 1129 5199 -1117
60.92 1.16 -54 -325 -428 -26.64 -39.08 278 235 -43 -13.86 -68.18 436 1610 868
60.90 1.21 -250 -253 -446 -26.76 -39.48 -1274 -1184 1601 -13.29 -69.02 -725 -504 919
60.90 1.15 -46 -364 -11 -26.63 -39.39 -142 -768 793 -12.79 -69.76 -434 -961 137
