62.23 -0.60 149 -3 99 -26.58 -39.81 69 119 -135 -14.41 -51.97 -21 8 -18
62.23 -0.60 148 -15 106 -26.58 -39.81 78 114 -126 -14.39 -51.97 -16 -32 -10
62.23 -0.60 150 -21 93 -26.58 -39.81 75 114 -129 -14.38 -51.96 -12 -14 -31
62.23 -0.60 150 -21 93 -26.58 -39.81 75 114 -129 -14.38 -51.96 -12 -14 -31
62.23 -0.61 159 -13 90 -26.58 -39.80 63 107 -112 -14.43 -51.99 33 -60 -46
62.23 -0.61 159 -13 90 -26.58 -39.80 63 107 -112 -14.43 -51.99 33 -60 -46
62.23 -0.61 159 -13 90 -26.58 -39.80 63 107 -112 -14.43 -51.99 33 -60 -46
62.25 -0.59 135 -7 96 -26.53 -39.80 58 81 -122 -14.84 -52.43 21 -683 35
62.26 -0.58 131 -4 99 -26.51 -39.79 49 74 -123 -15.12 -52.93 61 -637 -55
62.26 -0.57 111 3 96 -26.49 -39.79 58 60 -107 -15.45 -54.07 173 -351 -170
62.28 -0.57 88 -19 107 -26.49 -39.77 26 2 -72 -15.64 -55.65 65 -545 234
62.30 -0.58 134 -35 118 -26.54 -39.75 -108 -144 -34 -15.65 -57.17 -127 -507 441
62.30 -0.58 178 -24 102 -26.55 -39.60 -276 -453 317 -15.63 -58.33 -253 224 286
62.31 -0.60 183 -14 88 -26.54 -39.17 -318 -789 518 -15.52 -59.34 -238 1360 -45
62.30 -0.61 185 -6 91 -26.62 -38.63 -204 -644 262 -15.27 -60.65 37 2958 -621
62.30 -0.61 200 -5 105 -26.64 -38.25 -47 -490 215 -14.98 -62.68 676 4067 -801
62.29 -0.60 170 6 93 -26.68 -37.67 -26 -443 217 -14.87 -65.00 700 4317 -135
62.30 -0.58 156 9 74 -26.69 -36.93 -86 -432 154 -14.30 -67.01 -529 1027 2469
62.31 -0.57 181 -5 93 -26.69 -36.07 24 -114 -122 -13.73 -67.35 -445 -344 925
62.32 -0.54 229 -39 132 -26.74 -35.29 261 521 -589 -13.54 -67.76 -294 -778 317
