63.53 -1.27 297 -32 134 -27.41 -38.95 74 133 -114 -15.57 -50.32 4 36 -2
63.53 -1.19 443 -54 176 -27.41 -38.96 83 122 -116 -15.57 -50.32 1 22 -11
63.54 -1.03 650 -72 183 -27.40 -38.96 80 116 -132 -15.55 -50.32 -7 -57 25
63.59 -0.75 871 -126 207 -27.40 -38.96 69 109 -140 -15.52 -50.30 6 -35 8
63.55 -0.37 951 -214 263 -27.40 -38.96 72 120 -144 -15.48 -50.29 12 -116 1
63.47 0.14 830 -252 266 -27.40 -38.96 70 128 -138 -15.51 -50.29 32 -239 20
63.34 0.74 619 -254 197 -27.40 -38.95 72 124 -130 -15.54 -50.33 190 -531 58
63.18 1.33 450 -293 196 -27.39 -38.96 71 110 -117 -15.44 -50.87 160 -788 170
63.04 1.92 251 -281 157 -27.38 -38.97 66 91 -120 -15.70 -51.52 69 -922 218
63.04 1.92 251 -281 157 -27.38 -38.97 66 91 -120 -15.70 -51.52 69 -922 218
62.61 2.88 -705 92 -223 -27.33 -38.98 82 9 -92 -16.06 -54.09 -145 -321 -131
62.44 2.94 -1248 356 -477 -27.30 -39.02 76 -122 15 -16.08 -56.04 -208 135 -193
62.26 2.48 -1933 654 -741 -27.24 -39.07 -58 -299 158 -16.08 -58.06 -299 586 -138
62.19 1.46 -2099 881 -926 -27.14 -38.92 -161 -722 597 -15.92 -59.90 -389 1149 58
62.19 1.46 -2099 881 -926 -27.14 -38.92 -161 -722 597 -15.92 -59.90 -389 1149 58
63.28 -0.10 2349 -791 1616 -27.16 -38.26 -160 -563 130 -15.17 -63.12 395 3671 -186
62.93 0.35 1950 -846 1051 -27.04 -38.06 -55 -412 -8 -14.95 -64.99 1182 4989 -522
62.46 0.98 604 -502 -75 -26.94 -37.82 -127 -291 -107 -14.80 -67.28 798 2838 584
62.27 1.32 -365 -168 -693 -26.82 -37.58 -78 -112 -160 -14.40 -68.03 -726 -204 1335
62.28 1.24 -206 -226 -384 -26.74 -37.17 79 260 -212 -13.96 -68.65 -439 -965 193
