63.19 -0.74 264 -1 50 -26.76 -40.89 88 118 -115 -15.42 -50.86 -5 52 -2
63.01 -0.80 134 12 88 -26.78 -40.89 124 102 -83 -15.42 -50.81 33 82 11
62.86 -0.88 99 15 90 -26.75 -41.00 180 78 22 -15.43 -50.72 35 44 18
62.86 -0.88 99 15 90 -26.75 -41.00 180 78 22 -15.43 -50.72 35 44 18
62.53 -1.17 264 -107 194 -26.79 -41.39 56 100 44 -15.51 -50.44 -95 -45 134
62.26 -1.29 490 -214 269 -26.78 -41.69 89 155 37 -15.52 -49.93 -79 -34 110
61.79 -1.35 565 -334 370 -26.79 -41.98 82 194 9 -15.53 -49.42 -18 -29 128
61.23 -1.42 331 -284 262 -26.81 -42.22 53 222 -33 -15.40 -48.79 -142 -406 365
60.48 -1.61 -158 -13 -81 -26.86 -42.40 38 176 -31 -15.20 -47.89 -234 -537 316
59.58 -2.09 -733 325 -424 -26.86 -42.62 84 136 9 -15.02 -46.69 -208 -412 70
58.60 -2.97 -1120 700 -672 -26.85 -42.95 63 171 67 -15.07 -45.20 -125 -80 -238
57.71 -4.14 -1097 1044 -802 -26.86 -43.33 56 201 129 -15.26 -43.42 114 204 -412
56.97 -5.48 -300 987 -552 -26.90 -43.77 22 245 149 -15.40 -41.40 174 566 -585
56.49 -6.71 849 405 56 -26.91 -44.21 12 64 193 -15.20 -39.30 384 1231 -1075
56.40 -7.43 2045 -618 1014 -26.95 -44.59 -83 -204 384 -14.94 -37.06 758 1840 -1801
56.18 -7.42 1959 -985 1016 -27.16 -44.72 -569 -626 682 -14.80 -35.22 1139 2070 -2733
55.78 -6.97 1034 -544 203 -27.46 -44.55 -786 -877 923 -15.58 -34.98 462 1447 -2469
55.64 -6.53 148 -51 -448 -27.84 -44.22 -635 -690 795 -15.60 -36.11 -1338 -1952 1285
55.87 -6.22 23 41 -376 -28.18 -43.88 -241 107 122 -15.65 -35.84 -686 -2035 582
56.34 -5.83 255 -80 44 -28.53 -43.44 152 1228 -645 -15.93 -35.71 -461 -1664 379
