62.78 -1.21 180 -15 111 -29.71 -38.65 1050 1537 -1006 -15.80 -49.85 19 23 -30
62.74 -1.20 134 3 84 -30.07 -38.23 1404 1337 -1007 -15.81 -49.83 18 28 -30
62.74 -1.20 134 3 84 -30.07 -38.23 1404 1337 -1007 -15.81 -49.83 18 28 -30
62.64 -1.29 142 -59 139 -30.34 -38.95 -650 -1665 -2 -15.84 -49.78 18 10 12
62.53 -1.34 134 -25 111 -30.57 -38.58 -1129 -1728 23 -15.86 -49.74 21 10 31
62.40 -1.45 162 -34 104 -30.66 -37.97 -155 -758 -430 -15.88 -49.67 7 11 47
62.15 -1.63 226 -111 154 -30.68 -37.39 437 -271 -581 -15.88 -49.57 -29 -5 54
61.87 -1.79 312 -181 237 -30.79 -36.53 492 -166 -684 -15.83 -49.37 -74 -100 166
61.47 -1.93 323 -201 246 -30.91 -35.76 416 -269 -708 -15.76 -49.04 -51 -59 159
60.91 -2.11 132 -141 145 -30.93 -35.39 174 -414 -631 -15.65 -48.62 -37 -106 223
60.17 -2.51 -248 -43 9 -30.84 -35.21 -251 -346 -480 -15.55 -47.88 -55 -277 352
59.32 -3.15 -720 269 -284 -30.61 -35.04 50 154 -609 -15.50 -46.52 -103 -418 365
58.40 -4.07 -1009 693 -578 -30.30 -35.12 552 872 -912 -15.42 -44.61 -59 -216 9
57.62 -5.20 -681 1069 -625 -29.99 -35.58 1044 1344 -946 -15.38 -42.34 49 298 -494
57.02 -6.48 120 866 -403 -29.78 -36.34 1149 1527 -906 -15.25 -39.93 141 861 -1003
56.70 -7.55 1204 162 361 -29.54 -37.57 1183 1405 -695 -15.07 -37.32 282 1528 -1800
56.71 -8.05 2189 -765 987 -29.29 -39.13 727 978 -307 -15.10 -35.02 640 2184 -3112
56.33 -7.82 1573 -756 590 -29.09 -40.52 -186 225 317 -15.89 -34.57 1346 2804 -4422
56.02 -7.40 593 -340 -121 -29.01 -40.97 -1772 -1068 1441 -15.84 -35.98 -1013 -943 112
55.96 -7.09 -128 -15 -490 -28.82 -40.96 -690 -546 657 -15.54 -35.78 -469 -1747 -4
