62.80 -1.47 136 1 90 -27.91 -41.93 77 139 -120 -15.75 -49.25 25 15 -32
62.80 -1.47 136 1 90 -27.91 -41.93 77 139 -120 -15.75 -49.25 25 15 -32
62.81 -1.48 147 -10 94 -27.90 -41.94 72 131 -122 -15.81 -49.19 86 -15 -9
62.82 -1.49 162 -17 100 -27.89 -41.98 60 122 -109 -15.89 -49.11 63 -46 19
62.81 -1.50 180 -26 104 -27.87 -42.02 53 117 -105 -15.97 -49.00 46 -115 31
62.82 -1.50 159 -28 99 -27.85 -42.08 86 112 -90 -16.07 -48.87 -24 -106 39
62.82 -1.50 159 -15 91 -27.81 -42.19 84 102 -65 -16.14 -48.68 -94 -172 174
62.82 -1.50 168 3 85 -27.78 -42.35 83 111 -63 -16.12 -48.29 3 -195 168
62.83 -1.50 172 1 93 -27.75 -42.48 82 82 -21 -16.14 -47.85 -18 -281 227
62.82 -1.50 167 -6 102 -27.74 -42.62 101 82 -42 -16.13 -47.13 -6 -345 322
62.82 -1.50 157 -6 97 -27.73 -42.79 99 68 -6 -16.15 -46.03 8 -273 201
62.81 -1.49 165 -7 99 -27.73 -42.97 83 57 70 -16.14 -44.67 67 -213 91
62.81 -1.49 173 -8 90 -27.77 -43.12 -16 -13 239 -16.08 -43.03 30 -21 -124
62.81 -1.49 153 9 81 -27.84 -43.17 -106 -215 511 -15.95 -41.04 30 310 -394
62.81 -1.48 139 16 89 -27.98 -43.14 -298 -376 656 -15.70 -38.71 57 705 -694
62.80 -1.49 161 -16 127 -28.10 -43.04 -396 -427 647 -15.33 -36.09 214 1386 -1522
62.79 -1.49 171 -32 132 -28.20 -42.89 -315 -313 441 -15.23 -33.72 836 2506 -3532
62.77 -1.48 154 -25 108 -28.33 -42.73 -236 -73 128 -16.12 -33.75 1687 3314 -5412
62.77 -1.48 159 -23 85 -28.47 -42.52 -216 108 -9 -16.70 -36.03 -486 -389 -780
62.76 -1.49 200 -33 108 -28.62 -42.04 -125 418 -130 -15.93 -36.63 -593 -2071 183
