63.56 -0.82 1038 -201 337 -27.25 -40.65 80 135 -130 -14.87 -50.23 11 -82 14
63.58 -0.34 1352 -357 433 -27.24 -40.68 78 131 -130 -14.85 -50.19 -9 -202 58
63.49 0.32 1363 -510 478 -27.23 -40.70 83 124 -131 -14.88 -50.10 -86 -502 235
63.20 1.10 943 -475 302 -27.22 -40.72 83 116 -131 -14.87 -49.85 -138 -1134 409
62.85 1.90 488 -430 181 -27.21 -40.74 84 85 -124 -15.02 -49.50 -136 -1486 413
62.52 2.65 121 -333 51 -27.21 -40.78 84 61 -91 -15.27 -49.12 -139 -1410 403
62.13 3.29 -405 -200 -89 -27.20 -40.87 42 -8 -2 -15.65 -48.59 30 -1212 394
61.76 3.71 -1235 160 -391 -27.15 -41.06 25 -63 -21 -15.98 -47.89 69 -909 251
61.56 3.65 -2131 556 -748 -27.03 -41.54 27 -408 189 -16.23 -47.22 -56 -214 -98
61.37 2.83 -2943 843 -1147 -26.80 -42.25 -251 -1012 738 -16.31 -46.67 -95 754 -475
61.33 1.39 -2592 1165 -1074 -26.74 -42.72 -392 -1291 1000 -16.11 -46.25 102 1735 -685
62.28 0.13 1131 323 301 -26.60 -43.49 -71 -843 737 -15.72 -45.89 666 2878 -938
62.62 -0.35 2647 -714 1252 -26.49 -44.83 -21 -430 495 -15.09 -45.77 1255 4172 -1487
62.10 -0.09 1629 -689 725 -26.28 -46.56 -355 107 15 -14.69 -46.10 917 3707 -2003
61.70 0.21 354 -506 148 -25.72 -48.63 -310 1104 -665 -14.87 -47.25 35 -66 -183
61.60 0.36 64 -374 -115 -24.87 -50.74 712 2707 -1178 -15.02 -47.69 -647 -3160 1803
61.49 0.42 273 -297 -65 -23.98 -53.10 2155 5031 -1989 -14.93 -46.75 -942 -2624 1323
61.46 0.62 656 -320 156 -22.79 -56.45 2578 6586 -2411 -14.76 -45.94 -241 -1289 71
61.47 1.12 979 -322 410 -21.55 -59.26 -659 1380 1514 -14.95 -45.36 22 -425 -603
61.32 1.73 325 -249 318 -20.82 -60.28 -936 -438 1552 -15.24 -45.02 -21 -231 -586
