62.61 0.54 346 -229 143 -26.48 -41.80 128 50 -93 -15.04 -48.59 -31 -767 200
62.47 1.02 328 -210 136 -26.51 -41.96 113 54 -50 -15.28 -48.38 -77 -642 179
62.33 1.53 286 -190 113 -26.48 -42.20 -26 -15 59 -15.48 -48.11 -39 -494 181
62.15 2.02 54 -154 42 -26.35 -42.67 70 -131 135 -15.68 -47.70 44 -532 231
61.97 2.46 -159 -92 -3 -26.10 -43.55 55 -269 230 -15.88 -47.14 -107 -506 200
61.87 2.85 -312 -20 -61 -25.74 -44.99 -52 -327 294 -15.89 -46.62 -117 -205 -15
61.81 3.13 -573 114 -191 -25.24 -46.87 -165 -337 472 -15.89 -46.16 -26 13 -125
61.77 3.16 -1047 371 -403 -24.75 -48.75 -511 -502 764 -15.86 -45.68 -9 232 -210
61.75 2.77 -1736 686 -758 -24.31 -50.13 -478 -653 921 -15.77 -45.25 79 583 -373
61.81 1.72 -2399 900 -1116 -24.00 -51.38 -436 -548 663 -15.64 -44.88 209 1054 -483
61.90 0.14 -1976 1192 -959 -23.72 -52.51 -411 -132 188 -15.45 -44.59 406 1910 -751
62.83 -1.26 1851 -89 927 -23.36 -53.61 -211 404 -117 -15.02 -44.55 946 3073 -1265
62.91 -1.61 2762 -900 1545 -22.96 -54.55 11 944 -307 -14.45 -44.95 1319 4111 -1997
62.34 -1.25 1799 -930 938 -22.56 -55.32 346 1474 -367 -14.35 -46.23 327 2573 -2205
61.94 -0.74 530 -758 262 -22.24 -55.92 717 2279 -560 -15.06 -47.75 -413 -1918 1179
61.90 -0.45 47 -560 -64 -21.87 -56.92 1635 4212 -1148 -15.26 -47.52 -1541 -3839 2455
61.84 -0.28 232 -453 -9 -21.13 -59.25 2578 6349 -2037 -14.94 -46.75 -894 -2550 1058
61.79 0.07 622 -333 172 -19.44 -63.77 2118 6474 -1828 -14.91 -46.14 -388 -1259 112
61.73 0.61 556 -379 355 -18.26 -65.78 3 2878 1059 -15.02 -45.73 -56 -554 -324
61.49 1.19 -377 82 -100 -17.96 -66.79 -121 1070 90 -15.19 -45.50 -1 -326 -397
