63.24 -1.39 123 -2 102 -25.91 -43.36 67 103 -118 -15.13 -50.61 12 24 -27
63.24 -1.39 123 -2 102 -25.91 -43.36 67 103 -118 -15.13 -50.61 12 24 -27
63.25 -1.38 164 -9 92 -25.91 -43.34 54 75 -108 -15.14 -50.61 -11 21 -7
63.25 -1.39 186 -22 98 -25.91 -43.33 83 65 -72 -15.13 -50.61 -14 24 -1
63.24 -1.39 174 -17 84 -25.95 -43.29 72 18 -39 -15.12 -50.61 4 29 2
63.24 -1.39 174 -17 84 -25.95 -43.29 72 18 -39 -15.12 -50.61 4 29 2
63.25 -1.39 144 -8 86 -26.03 -43.48 205 -192 51 -15.12 -50.61 6 35 -21
63.26 -1.39 134 -14 92 -25.89 -44.30 148 -296 215 -15.12 -50.61 12 27 -22
63.27 -1.38 148 -3 80 -25.66 -45.62 200 -308 343 -15.12 -50.62 2 20 -25
63.28 -1.39 170 -8 91 -25.43 -47.01 33 -363 422 -15.12 -50.62 -4 23 -29
63.27 -1.39 162 -30 106 -25.21 -48.62 -283 -473 440 -15.11 -50.61 4 29 -25
63.26 -1.39 179 -35 115 -24.91 -50.23 -553 -546 403 -15.10 -50.62 8 33 -21
63.25 -1.39 157 -9 87 -24.49 -51.96 -605 -213 140 -15.10 -50.62 4 43 -19
63.25 -1.39 157 -9 87 -24.49 -51.96 -605 -213 140 -15.10 -50.62 4 43 -19
63.26 -1.40 149 -11 79 -23.30 -55.27 90 1256 -258 -15.11 -50.62 -5 40 -24
63.26 -1.40 184 -29 95 -22.58 -56.99 1107 3029 -881 -15.12 -50.62 13 30 -20
63.26 -1.39 212 -25 89 -21.71 -59.44 1948 4931 -1412 -15.12 -50.63 6 14 -12
63.26 -1.37 225 -24 94 -20.51 -62.76 230 3757 -202 -15.12 -50.62 -5 9 -17
63.26 -1.37 225 -24 94 -20.51 -62.76 230 3757 -202 -15.12 -50.62 -5 9 -17
63.21 -1.33 281 -54 150 -19.30 -65.14 -944 -259 1133 -15.12 -50.60 13 -45 -2
