65.00 -1.14 -66 -56 112 -24.15 -46.06 30 164 -94 -13.00 -50.49 -91 -190 144
64.89 -1.33 -143 -79 171 -24.17 -46.05 47 145 -55 -12.91 -50.04 -150 -59 87
64.76 -1.59 -157 -76 183 -24.21 -46.05 130 95 33 -12.77 -49.52 -30 245 -122
64.54 -1.94 -238 -30 129 -24.30 -46.05 80 91 -3 -12.70 -48.98 120 608 -346
64.24 -2.42 294 -41 220 -24.40 -46.07 28 156 -10 -12.75 -48.28 181 887 -417
63.67 -2.76 561 -14 174 -24.50 -46.02 -40 206 59 -12.82 -47.34 225 826 -498
63.06 -2.97 990 -39 183 -24.62 -45.92 -141 234 69 -12.91 -46.31 136 150 -213
62.44 -3.01 1137 -46 94 -24.72 -45.86 -304 177 288 -12.96 -45.01 5 -759 321
61.87 -2.94 969 -64 -30 -25.10 -45.00 -440 23 313 -13.03 -43.25 -62 -1345 560
61.32 -2.88 621 -98 -87 -25.36 -44.18 -186 -350 426 -13.04 -41.25 -179 -1411 352
60.79 -2.88 191 -100 -114 -25.77 -43.14 -245 -1032 649 -12.99 -39.21 -160 -1109 -32
60.31 -2.94 -63 -6 -173 -26.31 -41.79 -236 -1239 421 -12.91 -37.24 -151 -691 -361
59.85 -3.05 -232 133 -205 -26.81 -40.35 -13 -1065 -18 -12.84 -35.41 -224 -296 -665
59.44 -3.24 -385 297 -270 -27.30 -38.72 19 -907 -289 -12.70 -33.82 -132 53 -905
58.99 -3.68 -572 461 -386 -27.82 -36.86 81 -644 -536 -12.53 -32.63 89 605 -1306
58.45 -4.35 -497 705 -495 -28.33 -35.00 181 -99 -1023 -12.52 -31.95 512 1563 -2264
57.98 -5.31 -244 792 -567 -28.69 -33.45 464 405 -1286 -13.03 -32.58 1390 3227 -4499
57.37 -6.26 333 811 -288 -28.92 -32.25 693 735 -1226 -14.25 -35.98 755 3388 -4502
57.45 -6.98 1966 -329 826 -29.16 -31.17 967 1132 -1179 -13.50 -38.31 -658 -1283 41
57.19 -6.96 1384 -600 830 -29.48 -30.33 1495 1819 -1483 -13.75 -38.83 -1194 -1077 -148
