63.39 -1.34 146 -11 101 -26.03 -43.82 59 124 -112 -15.27 -50.37 153 -414 162
63.39 -1.33 153 2 93 -26.03 -43.82 56 108 -109 -15.54 -50.25 234 -320 103
63.39 -1.33 165 6 95 -26.03 -43.81 35 72 -68 -15.89 -50.14 284 -192 93
63.38 -1.32 157 3 94 -26.07 -43.75 44 18 -72 -16.24 -50.01 326 -176 185
63.38 -1.32 157 3 94 -26.07 -43.75 44 18 -72 -16.24 -50.01 326 -176 185
63.37 -1.33 164 -13 96 -26.22 -43.41 -139 -329 215 -16.70 -49.34 117 -1291 755
63.36 -1.34 160 -11 83 -26.41 -42.89 -171 -459 401 -17.14 -48.62 -11 -1022 371
63.36 -1.34 150 -11 86 -26.63 -42.33 159 -133 110 -17.73 -47.96 -79 -146 -164
63.35 -1.34 135 -8 77 -26.85 -41.94 108 -32 81 -18.07 -47.50 -36 609 -351
63.36 -1.36 141 -10 81 -27.11 -41.26 -169 -473 488 -18.00 -47.16 19 1171 -476
63.36 -1.36 150 -6 84 -27.48 -40.03 -436 -1028 811 -17.57 -46.91 -53 1943 -773
63.36 -1.36 185 -21 106 -27.98 -38.34 -452 -1126 586 -16.88 -46.91 77 2657 -1136
63.35 -1.35 191 -18 105 -28.50 -36.58 -46 -380 -377 -15.91 -47.35 296 2777 -1220
63.35 -1.35 191 -18 105 -28.50 -36.58 -46 -380 -377 -15.91 -47.35 296 2777 -1220
63.35 -1.35 153 4 76 -29.27 -34.01 1221 1636 -1985 -15.20 -48.82 -934 -2189 785
63.35 -1.36 192 -25 109 -29.51 -33.58 2214 3000 -3335 -14.99 -48.62 -806 -2565 973
63.34 -1.35 189 -35 104 -29.34 -35.46 3638 4456 -4818 -14.80 -48.10 -275 -1323 189
63.32 -1.34 208 -38 118 -28.40 -40.18 1616 3062 -3063 -14.75 -47.81 157 -568 -319
63.30 -1.31 265 -61 147 -28.16 -41.78 -2275 -1634 1897 -14.88 -47.62 104 -446 -338
63.27 -1.24 265 -68 147 -28.01 -42.14 -1202 -1703 772 -15.13 -47.50 -139 -647 -219
