62.85 -0.15 245 -71 119 -26.98 -40.99 -47 -15 -34 -15.42 -49.90 79 -65 -1
62.82 0.02 285 -81 128 -27.00 -40.86 63 62 -100 -15.48 -49.81 65 -134 54
62.79 0.19 251 -110 132 -27.03 -40.72 72 31 -46 -15.56 -49.67 52 -213 75
62.73 0.38 191 -107 117 -27.08 -40.58 124 65 -82 -15.67 -49.51 24 -225 88
62.68 0.59 212 -119 137 -27.12 -40.49 122 83 -72 -15.79 -49.35 34 -161 52
62.62 0.81 254 -140 156 -27.17 -40.37 94 55 -54 -15.90 -49.21 41 -170 55
62.51 1.04 169 -96 102 -27.23 -40.21 34 -27 -7 -16.06 -49.05 91 -292 121
62.51 1.04 169 -96 102 -27.23 -40.21 34 -27 -7 -16.06 -49.05 91 -292 121
62.25 1.25 -649 294 -259 -27.41 -39.74 15 -70 -25 -16.49 -48.61 113 -205 131
62.12 0.89 -1497 650 -633 -27.50 -39.50 22 -15 -76 -16.69 -48.34 111 288 -5
62.03 -0.03 -2213 1000 -1062 -27.59 -39.17 -51 -107 1 -16.76 -48.08 95 1050 -214
62.20 -1.49 -2466 970 -1156 -27.71 -38.70 -119 -223 107 -16.53 -47.90 384 2078 -474
62.59 -3.21 -168 611 -81 -27.88 -38.06 -194 -284 161 -15.94 -48.00 604 2827 -878
62.59 -3.21 -168 611 -81 -27.88 -38.06 -194 -284 161 -15.94 -48.00 604 2827 -878
63.11 -4.00 2037 -1001 1342 -28.31 -36.39 228 484 -535 -15.07 -49.23 -576 359 -961
62.66 -3.57 531 -540 342 -28.49 -35.77 1110 1540 -1337 -15.09 -49.97 -1027 -3126 1374
62.75 -3.42 309 -295 -130 -28.57 -35.77 2322 3289 -2906 -14.88 -49.49 -1040 -2592 1135
62.67 -3.41 560 -338 -30 -28.16 -38.30 4166 4969 -4802 -14.53 -48.93 -291 -1109 124
62.61 -3.19 851 -376 158 -27.37 -42.56 -123 1194 -467 -14.43 -48.59 164 -306 -507
62.64 -2.64 1009 -471 389 -27.13 -43.25 -595 -1307 653 -14.64 -48.36 214 -271 -437
