63.01 -1.75 392 -130 200 -27.02 -41.17 89 101 -106 -15.09 -50.12 -6 -115 32
63.02 -1.59 535 -181 256 -27.06 -41.13 29 58 -46 -15.13 -50.08 -28 -382 182
62.98 -1.34 503 -198 262 -27.13 -41.09 80 98 -94 -15.17 -49.96 -62 -634 277
62.92 -1.07 396 -153 177 -27.19 -41.04 73 83 -88 -15.31 -49.82 -2 -641 297
62.80 -0.78 185 -136 125 -27.24 -41.00 62 74 -116 -15.61 -49.54 -32 -605 291
62.77 -0.52 101 -83 59 -27.31 -40.97 4 8 -124 -15.88 -49.23 -15 -574 313
62.76 -0.28 123 -44 33 -27.36 -40.93 -185 -256 89 -16.04 -48.93 89 -459 227
62.71 -0.05 72 55 -39 -27.42 -40.61 -309 -537 343 -16.20 -48.63 244 -258 88
62.61 0.04 -380 274 -232 -27.59 -40.03 -410 -698 499 -16.49 -48.28 266 -5 -62
62.40 -0.23 -1365 690 -626 -27.86 -39.24 -236 -584 372 -16.79 -47.95 165 350 -117
62.27 -1.14 -2416 1116 -1214 -28.16 -38.41 -160 -376 115 -16.81 -47.62 85 1025 -175
62.07 -2.77 -2845 1009 -1283 -28.38 -37.41 -77 -340 137 -16.41 -47.23 428 2279 -616
62.36 -4.64 -751 781 -252 -28.68 -36.21 -58 -366 159 -15.63 -47.23 741 3382 -1186
63.31 -5.76 2746 -1046 1938 -28.99 -34.91 -144 -162 -280 -14.70 -47.63 347 3527 -1733
62.95 -5.55 2106 -1046 1361 -29.16 -33.75 392 618 -1023 -14.85 -48.75 -743 -319 -377
62.52 -5.09 683 -610 321 -29.23 -33.18 1799 2203 -2222 -14.72 -49.19 -1160 -3196 1479
62.63 -4.89 364 -314 -201 -29.24 -34.23 4067 4790 -4754 -14.45 -48.62 -839 -2225 857
62.61 -4.84 481 -340 -150 -28.56 -38.60 4808 5799 -6001 -14.14 -48.10 -185 -1021 12
62.50 -4.61 729 -386 98 -27.87 -41.99 -1672 -149 740 -14.07 -47.73 208 -237 -631
62.60 -4.04 971 -431 341 -27.58 -42.59 -545 -1043 -74 -14.28 -47.51 193 -132 -607
