63.11 -1.75 159 -15 106 -27.18 -41.50 66 139 -126 -14.82 -49.71 -13 -28 1
63.13 -1.71 286 -47 135 -27.18 -41.50 60 121 -124 -14.84 -49.68 -10 -23 -1
63.13 -1.63 396 -93 189 -27.17 -41.49 60 110 -119 -14.88 -49.64 -6 -119 35
63.16 -1.45 516 -74 151 -27.17 -41.47 74 100 -102 -14.93 -49.55 -40 -348 149
63.19 -1.22 577 -58 134 -27.18 -41.44 -62 -22 -7 -14.96 -49.33 18 -584 257
63.17 -0.95 657 -98 153 -27.21 -41.37 101 48 -96 -15.04 -49.02 1 -537 163
63.10 -0.61 609 -162 202 -27.24 -41.30 -8 -56 15 -15.10 -48.74 135 -707 298
63.05 -0.20 490 -207 197 -27.31 -41.08 -120 -212 103 -15.13 -48.39 68 -859 425
62.97 0.22 238 -186 129 -27.42 -40.70 -95 -375 239 -15.20 -47.96 -54 -810 305
62.86 0.61 39 -154 76 -27.54 -40.22 -14 -448 233 -15.31 -47.65 -171 -559 157
62.79 0.94 -93 -124 57 -27.70 -39.66 -82 -473 288 -15.29 -47.41 -166 -151 -106
62.75 1.21 -285 -75 6 -27.85 -39.14 -147 -542 305 -15.29 -47.19 -125 254 -307
62.69 1.36 -607 59 -108 -28.01 -38.39 -115 -542 170 -15.27 -47.02 -164 679 -461
62.67 1.31 -818 282 -242 -28.15 -37.57 -27 -374 -90 -15.16 -46.95 -80 1186 -629
62.67 0.93 -929 465 -357 -28.36 -36.80 -66 -191 -249 -15.05 -46.94 328 2116 -1152
62.55 0.16 -1163 553 -520 -28.53 -35.99 -84 -84 -311 -15.41 -47.32 826 3859 -2475
62.30 -0.93 -1428 688 -788 -28.67 -35.20 26 152 -494 -16.31 -48.98 1511 5463 -3775
62.73 -1.90 1180 123 366 -28.71 -34.55 206 472 -686 -17.44 -52.04 1079 3288 -1471
62.73 -1.90 1180 123 366 -28.71 -34.55 206 472 -686 -17.44 -52.04 1079 3288 -1471
62.60 -1.62 1680 -794 839 -27.29 -41.16 -65 -128 370 -16.09 -53.15 -1031 -673 36
