62.99 -1.75 180 -20 101 -28.38 -35.58 206 139 -269 -15.54 -51.96 16 17 -2
62.98 -1.75 177 -19 100 -28.41 -35.15 207 157 -170 -15.53 -51.96 1 6 -8
62.98 -1.75 177 -19 100 -28.41 -35.15 207 157 -170 -15.53 -51.96 1 6 -8
62.98 -1.75 177 -19 100 -28.41 -35.15 207 157 -170 -15.53 -51.96 1 6 -8
62.96 -1.71 195 -22 112 -28.47 -34.08 390 688 -528 -17.13 -53.21 -1978 -394 638
62.96 -1.68 234 -23 107 -28.46 -33.93 571 1105 -738 -16.53 -52.73 -1269 -412 -284
62.96 -1.62 333 -51 145 -28.39 -34.04 992 1688 -984 -16.23 -53.29 -555 -616 -420
62.97 -1.51 519 -89 198 -28.35 -34.69 1297 2388 -1247 -16.76 -53.18 -101 -399 -86
63.00 -1.29 738 -152 249 -28.34 -35.58 1588 2357 -1455 -17.12 -52.84 81 -109 144
62.94 -0.97 649 -193 216 -27.83 -37.48 560 -1004 109 -17.26 -52.49 28 -42 259
62.79 -0.63 318 -161 102 -28.06 -38.12 -2762 -3032 1850 -17.22 -52.18 -71 -387 444
62.70 -0.34 -42 -78 -6 -28.09 -37.34 -1816 -2374 1563 -17.12 -51.88 -319 -1043 854
62.66 -0.15 -111 -61 20 -28.06 -36.64 68 -555 -128 -16.89 -51.23 -549 -1369 593
62.67 0.01 49 -130 162 -28.11 -36.45 766 463 -850 -16.64 -50.72 -164 -162 4
62.65 0.23 173 -165 221 -28.21 -36.44 461 384 -601 -16.44 -50.36 89 253 -159
62.61 0.52 156 -131 159 -28.37 -36.37 -129 72 -357 -16.12 -50.22 204 1156 -781
62.58 0.79 30 -44 35 -28.40 -36.26 -311 -159 -280 -15.91 -50.41 405 1664 -1094
62.58 1.00 -21 45 -55 -28.36 -36.17 -561 33 -241 -15.79 -50.84 354 1486 -907
62.60 1.15 28 59 -51 -28.19 -36.01 256 583 -434 -15.67 -51.31 200 916 -489
62.60 1.28 19 76 -68 -28.05 -36.12 626 1037 -730 -15.32 -51.59 -196 -453 285
