63.04 -1.74 202 -19 101 -26.39 -41.79 85 102 -95 -15.10 -51.81 7 -2 -3
63.03 -1.72 199 -16 101 -26.44 -41.77 63 116 -129 -15.10 -51.78 32 9 -9
63.01 -1.72 172 -14 109 -26.47 -41.76 62 115 -127 -15.11 -51.77 19 5 -6
63.00 -1.70 186 -34 126 -26.49 -41.75 53 105 -121 -15.11 -51.76 -12 -19 -5
62.99 -1.67 266 -66 155 -26.51 -41.72 86 121 -136 -15.11 -51.73 -17 -69 12
63.00 -1.58 444 -64 176 -26.52 -41.70 72 90 -100 -15.12 -51.67 -25 -218 61
63.04 -1.39 686 -83 202 -26.55 -41.67 77 93 -95 -15.12 -51.55 -49 -636 322
63.03 -1.10 841 -167 232 -26.59 -41.61 32 49 -52 -15.07 -51.14 -1 -1018 435
62.93 -0.70 644 -201 201 -26.64 -41.50 -9 -18 6 -15.10 -50.52 -99 -1013 446
62.84 -0.25 394 -207 163 -26.72 -41.25 -246 -320 322 -15.07 -49.67 -119 -1002 413
62.78 0.17 202 -210 139 -26.88 -40.62 -184 -559 481 -15.06 -48.63 -218 -770 197
62.67 0.54 -17 -207 115 -27.01 -40.09 22 -566 265 -14.98 -47.57 -214 -375 -150
62.62 0.87 -280 -105 4 -27.18 -39.54 -116 -678 301 -14.96 -46.67 -153 207 -561
62.61 1.08 -430 21 -91 -27.38 -38.72 -235 -690 328 -14.89 -46.04 -117 633 -738
62.59 1.15 -522 191 -159 -27.61 -37.63 -201 -632 223 -14.72 -45.60 77 1079 -903
62.57 0.96 -620 379 -270 -27.92 -36.41 -190 -450 -91 -14.65 -45.49 485 2120 -1598
62.48 0.45 -1059 531 -482 -28.17 -35.26 -41 -116 -505 -15.16 -46.21 1221 4029 -3063
62.29 -0.52 -1643 636 -821 -28.34 -34.27 128 233 -778 -16.25 -48.41 1781 5129 -3753
62.17 -1.77 -1001 671 -554 -28.41 -33.49 369 610 -971 -16.97 -51.62 710 1978 -996
62.90 -2.65 2306 -594 1247 -28.39 -32.98 624 1040 -1082 -16.20 -52.79 -1406 -1127 830
