61.88 -1.45 49 232 92 -26.14 -43.01 47 134 -34 -14.24 -52.85 -61 232 300
61.63 -1.55 -141 238 39 -26.12 -43.09 52 156 -22 -13.96 -53.22 26 250 325
61.37 -1.83 -187 56 194 -26.12 -42.82 -264 -130 580 -13.81 -53.62 23 153 335
61.03 -2.17 -154 -47 295 -26.30 -41.96 -318 -117 502 -13.71 -54.14 189 129 331
60.56 -2.45 -77 17 213 -26.47 -41.16 -86 184 95 -13.72 -54.68 364 97 360
60.07 -2.74 93 160 -9 -26.59 -40.50 -16 327 -84 -13.40 -55.59 854 -165 370
59.56 -3.15 471 234 -8 -26.67 -39.85 48 325 -142 -13.43 -56.43 589 -458 652
58.88 -3.62 391 332 -47 -26.88 -39.05 24 422 -492 -13.50 -56.73 528 -1023 1023
58.03 -4.23 133 500 -256 -27.12 -38.29 97 697 -950 -13.85 -56.20 212 -536 919
57.23 -4.90 -316 748 -677 -27.27 -37.67 285 753 -857 -13.99 -55.11 -146 267 551
56.44 -5.69 -720 907 -987 -27.39 -37.19 423 567 -399 -13.75 -53.59 -151 635 -28
55.74 -6.63 -648 818 -995 -27.56 -36.51 326 346 37 -13.48 -51.97 -154 1114 -813
55.25 -7.69 -154 391 -340 -27.79 -35.47 -200 373 100 -13.13 -50.73 -13 1456 -1560
55.13 -8.57 1056 -440 664 -27.97 -34.13 -384 610 -334 -13.01 -50.27 -224 305 -1250
55.03 -8.90 2198 -1256 1485 -27.93 -32.67 -107 849 -1045 -13.09 -50.23 -725 -1724 -436
54.78 -8.63 1727 -1369 1226 -27.67 -31.56 943 1125 -1668 -13.27 -49.99 -1141 -2169 -228
54.57 -8.26 644 -966 346 -27.40 -31.71 300 428 -895 -13.27 -49.68 -857 -1246 -581
54.51 -8.08 47 -631 -337 -27.34 -32.36 1650 301 -1416 -13.13 -49.42 -80 -137 -1028
54.56 -8.01 60 -591 -515 -27.01 -33.13 342 -1681 214 -13.04 -49.20 472 89 -1118
54.67 -7.80 12 -719 -435 -26.50 -33.90 356 -1674 -87 -13.20 -48.83 448 -203 -1102
