61.45 -0.55 427 67 226 -26.53 -41.88 19 256 -63 -14.50 -52.43 69 91 185
61.13 -0.59 286 19 248 -26.47 -42.16 -4 230 -32 -14.44 -52.73 134 104 261
60.64 -0.72 16 51 210 -26.39 -42.42 -89 220 18 -14.39 -53.05 95 172 279
60.19 -0.92 -117 27 261 -26.26 -42.73 -39 220 89 -14.37 -53.48 173 89 349
59.73 -1.19 -347 101 159 -26.13 -43.12 -24 250 87 -14.40 -54.01 391 13 436
59.20 -1.61 -436 117 45 -25.96 -43.50 -97 303 200 -13.99 -54.90 813 -437 942
58.70 -2.16 -207 169 -53 -25.98 -42.76 -136 -172 737 -13.87 -55.22 301 -902 1197
58.24 -2.68 -49 392 -313 -26.44 -41.68 -522 -110 255 -14.05 -54.87 434 -480 749
57.71 -3.25 209 584 -403 -26.74 -40.62 -516 140 -146 -14.39 -54.12 339 19 397
57.09 -3.87 -233 728 -592 -26.88 -39.46 -301 295 -161 -14.46 -53.02 13 283 124
56.57 -4.68 -463 782 -652 -27.02 -38.05 -8 237 -120 -14.39 -51.50 -330 508 -333
56.10 -5.61 -339 742 -589 -27.32 -36.38 164 28 -19 -14.09 -49.90 -481 752 -812
55.55 -6.61 11 419 -436 -27.86 -34.32 217 256 -592 -13.50 -48.57 -243 1258 -1427
54.98 -7.60 844 -446 821 -28.41 -32.18 323 652 -1410 -13.19 -47.88 -511 300 -1504
54.94 -7.98 2426 -1313 1762 -28.68 -30.49 807 1111 -2110 -13.28 -47.76 -1162 -2274 -58
54.78 -7.70 2234 -1432 1370 -28.56 -30.38 2610 2276 -3272 -13.36 -47.23 -1150 -2462 110
54.39 -7.22 1058 -1058 272 -27.90 -33.10 2917 2165 -3297 -13.36 -46.58 -579 -1020 -663
54.10 -6.96 2 -696 -628 -27.60 -35.01 -1328 -1678 1235 -13.20 -46.14 366 94 -1318
54.15 -6.90 -145 -700 -819 -26.93 -35.58 -599 -1766 517 -13.17 -45.83 784 183 -1478
54.33 -6.56 -105 -794 -742 -26.38 -36.27 -122 -1584 53 -13.40 -45.64 743 -133 -1441
