60.72 0.23 158 -20 107 -26.35 -40.53 28 171 -50 -14.93 -50.92 61 2 14
60.73 0.26 162 -1 92 -26.17 -40.84 87 210 37 -15.03 -50.94 -110 38 -15
60.74 0.29 165 12 86 -26.11 -41.00 56 213 56 -15.01 -50.96 -78 48 -21
60.76 0.32 167 18 69 -26.05 -41.16 22 217 -3 -14.97 -50.97 -58 46 -18
60.76 0.32 167 18 69 -26.05 -41.16 22 217 -3 -14.97 -50.97 -58 46 -18
60.83 0.37 78 58 24 -25.95 -41.57 -1 163 35 -14.85 -51.03 7 14 -3
60.89 0.37 76 17 86 -25.86 -41.55 -363 -96 556 -14.84 -51.06 7 9 26
60.94 0.36 144 -61 172 -26.01 -40.70 -388 -224 553 -14.82 -51.08 29 27 25
60.95 0.38 195 -87 178 -26.25 -39.91 -185 160 -7 -14.83 -51.11 62 36 38
60.94 0.43 162 -45 125 -26.44 -39.22 -136 318 -162 -14.87 -51.15 95 13 38
60.96 0.46 143 -17 97 -26.64 -38.43 -84 353 -126 -14.91 -51.22 104 9 54
60.96 0.46 143 -17 97 -26.64 -38.43 -84 353 -126 -14.91 -51.22 104 9 54
60.97 0.51 149 20 87 -26.98 -36.45 19 663 -77 -15.02 -51.48 66 38 57
60.98 0.53 80 -11 106 -27.18 -35.22 49 569 -46 -15.18 -51.67 90 178 -118
61.00 0.54 76 -62 141 -27.55 -33.68 -358 514 -351 -15.33 -52.12 -40 11 85
61.01 0.57 81 -73 172 -27.87 -31.80 -111 811 -1185 -15.45 -52.44 16 36 75
61.05 0.65 80 -39 157 -27.92 -30.13 1913 1787 -2642 -15.58 -52.79 2 33 86
61.10 0.73 88 31 95 -27.57 -30.79 4338 2910 -4065 -15.72 -53.14 96 106 107
61.18 0.80 159 60 68 -27.57 -33.19 11 -465 -324 -15.87 -53.45 51 144 137
61.23 0.87 204 73 81 -27.84 -33.25 -345 -2117 507 -16.00 -53.67 -31 185 144
