61.12 0.34 168 -46 150 -27.37 -38.47 74 121 -119 -14.87 -49.98 -22 20 -17
61.14 0.36 178 -15 116 -27.34 -38.49 70 118 -122 -14.83 -49.98 12 19 -7
61.16 0.36 175 -20 107 -27.33 -38.50 70 115 -129 -14.82 -49.99 17 -4 -7
61.17 0.34 197 -36 130 -27.30 -38.51 71 119 -137 -14.81 -50.01 26 -27 -18
61.18 0.34 249 -42 152 -27.28 -38.51 72 125 -138 -14.81 -50.06 55 -105 35
61.20 0.36 363 -16 164 -27.26 -38.51 74 125 -129 -14.89 -50.27 81 -66 -204
61.22 0.43 520 -76 239 -27.23 -38.53 67 98 -123 -15.08 -50.84 38 -477 97
61.21 0.54 660 -130 268 -27.19 -38.54 70 81 -119 -15.24 -51.52 34 -641 49
61.18 0.76 675 -182 268 -27.16 -38.62 51 77 -138 -15.28 -52.51 -247 -1006 425
61.19 1.04 758 -195 308 -27.07 -38.81 5 -41 -92 -15.22 -53.45 -163 -851 343
61.21 1.45 767 -185 286 -26.91 -39.10 -49 -217 9 -15.12 -54.72 -6 -709 299
61.12 1.94 636 -201 239 -26.70 -39.35 -247 -581 349 -15.05 -56.27 32 -532 319
61.02 2.48 468 -207 187 -26.54 -39.24 -369 -826 608 -15.01 -57.84 -63 21 220
60.89 3.02 215 -203 102 -26.51 -38.89 -257 -731 510 -15.02 -59.19 -14 939 38
60.71 3.51 -270 -105 -84 -26.50 -38.50 -116 -604 438 -14.97 -60.41 -101 2008 -203
60.55 3.82 -881 152 -322 -26.53 -38.04 -84 -494 336 -14.79 -61.80 206 3597 -490
60.43 3.73 -1400 425 -563 -26.54 -37.55 -53 -171 -83 -14.57 -63.63 712 4834 -721
60.36 3.11 -1845 630 -785 -26.37 -37.20 179 243 -412 -14.46 -66.06 1079 5575 -851
60.31 2.06 -2129 803 -940 -26.29 -36.82 434 812 -672 -14.02 -68.34 -1163 792 2299
60.31 2.06 -2129 803 -940 -26.29 -36.82 434 812 -672 -14.02 -68.34 -1163 792 2299
