63.68 -1.52 47 -30 81 -26.52 -43.86 102 127 -116 -13.44 -49.27 7 69 -30
63.63 -1.61 60 -8 76 -26.52 -43.89 53 49 -83 -13.44 -49.18 21 136 -42
63.58 -1.69 130 4 88 -26.53 -43.92 94 94 -102 -13.45 -49.02 56 123 -7
63.49 -1.80 163 9 105 -26.56 -43.93 66 144 -96 -13.49 -48.66 100 49 26
63.39 -1.89 156 -1 105 -26.56 -43.93 36 174 -73 -13.56 -48.20 116 -3 16
63.25 -1.99 166 -27 122 -26.55 -43.94 5 139 -31 -13.64 -47.66 109 34 -46
63.07 -2.07 201 -24 107 -26.54 -43.96 131 105 77 -13.74 -46.89 73 -107 51
62.88 -2.15 239 -49 120 -26.63 -44.01 124 40 178 -13.81 -45.77 -22 -378 222
62.70 -2.23 185 -37 79 -26.79 -43.93 29 -134 375 -13.89 -44.38 -163 -474 155
62.52 -2.32 183 -46 77 -27.00 -43.55 -267 -483 656 -13.87 -42.96 -222 -354 -82
62.31 -2.43 249 -45 98 -27.31 -42.86 -184 -488 463 -13.72 -41.60 -174 -366 -125
62.12 -2.46 330 23 29 -27.66 -42.13 -85 -291 33 -13.51 -40.19 -209 -521 -100
61.93 -2.51 254 18 19 -28.00 -41.43 49 -10 -349 -13.24 -38.72 -193 -635 -55
61.69 -2.65 25 6 14 -28.31 -40.73 94 71 -443 -13.01 -37.21 -64 -362 -266
61.32 -2.92 -197 131 -106 -28.61 -39.94 102 -79 -372 -12.90 -35.72 137 267 -741
60.78 -3.44 -491 403 -303 -28.93 -39.05 -23 -226 -302 -13.01 -34.49 503 1556 -2154
60.14 -4.32 -493 673 -485 -29.22 -38.04 18 -101 -341 -13.76 -34.84 1364 3781 -4911
59.50 -5.49 -165 903 -745 -29.50 -36.97 153 338 -528 -15.01 -38.05 759 3555 -3933
59.25 -6.45 1311 162 329 -29.79 -35.93 402 864 -681 -14.35 -39.96 -938 -1037 363
59.12 -6.88 1701 -680 976 -30.09 -35.00 853 1577 -975 -14.05 -40.26 -1113 -992 -75
