62.75 -1.26 157 -14 78 -27.43 -38.53 73 130 -124 -14.24 -50.89 12 15 -15
62.76 -1.25 136 -3 76 -27.43 -38.53 76 126 -121 -14.25 -50.89 -9 13 -30
62.76 -1.25 146 -11 98 -27.42 -38.54 77 115 -120 -14.24 -50.89 -21 10 -22
62.76 -1.24 149 -10 96 -27.42 -38.54 83 113 -126 -14.24 -50.88 -11 -8 -16
62.76 -1.23 170 -12 95 -27.42 -38.54 77 115 -135 -14.23 -50.87 -23 -81 2
62.77 -1.21 181 -32 97 -27.42 -38.54 66 120 -138 -14.21 -50.84 11 -46 -11
62.77 -1.20 208 -54 114 -27.42 -38.53 63 116 -136 -14.19 -50.81 64 -85 -3
62.76 -1.16 266 -46 107 -27.41 -38.54 63 95 -133 -14.23 -50.79 41 -143 -53
62.77 -1.10 488 -80 178 -27.40 -38.53 69 82 -126 -14.39 -50.86 40 -479 12
62.79 -0.94 876 -169 344 -27.38 -38.51 57 65 -104 -14.56 -51.19 319 -1320 135
62.84 -0.51 1309 -245 393 -27.36 -38.48 11 5 -85 -14.89 -52.27 25 -1892 346
62.92 0.18 1733 -434 506 -27.35 -38.45 72 -140 -46 -15.20 -53.81 -198 -1601 286
62.80 1.09 1473 -558 438 -27.36 -38.38 -315 -611 315 -15.39 -55.49 -208 -646 103
62.49 2.11 640 -439 131 -27.29 -38.00 -469 -1379 951 -15.47 -56.95 -403 740 -81
62.19 3.01 -171 -232 -140 -27.26 -37.40 -573 -1681 1070 -15.19 -58.28 -107 2298 -369
61.92 3.62 -997 94 -406 -27.30 -36.71 -486 -1366 533 -14.95 -59.85 709 4448 -1049
61.76 3.81 -1618 472 -686 -27.13 -36.07 -102 -763 101 -15.02 -62.29 1199 5385 -1131
61.70 3.46 -2085 742 -900 -27.10 -35.44 222 82 -458 -15.23 -65.18 1173 4331 371
61.74 2.58 -2195 892 -980 -27.07 -34.86 631 1084 -965 -15.00 -67.00 -1536 -145 1725
62.12 1.47 -310 539 66 -27.04 -34.38 913 2003 -1258 -14.65 -67.12 -798 -747 316
