63.23 -1.44 164 -22 90 -27.21 -39.01 60 85 -118 -14.31 -51.90 11 -66 -16
63.25 -1.40 252 -27 115 -27.20 -39.00 54 76 -123 -14.35 -51.91 49 -133 -34
63.26 -1.33 423 -62 168 -27.20 -38.99 62 75 -111 -14.44 -51.94 31 -294 13
63.24 -1.19 553 -65 193 -27.19 -38.97 41 74 -117 -14.50 -52.02 201 -618 85
63.25 -0.95 721 -68 180 -27.17 -38.94 -3 -6 -71 -14.59 -52.42 40 -825 216
63.25 -0.57 849 -189 252 -27.16 -38.84 -125 -218 125 -14.71 -52.94 180 -623 29
63.18 -0.09 813 -212 230 -27.18 -38.47 -212 -553 485 -14.96 -53.93 145 -421 -30
63.05 0.47 607 -224 183 -27.25 -37.88 -13 -615 346 -15.14 -55.24 78 -249 67
62.93 1.02 314 -188 83 -27.30 -37.36 -79 -641 287 -15.26 -56.58 -81 257 79
62.80 1.48 88 -162 8 -27.40 -36.86 -143 -547 204 -15.29 -57.80 -81 610 104
62.63 1.87 -149 -99 -63 -27.38 -36.45 -33 -398 40 -15.28 -58.87 -147 742 150
62.55 2.19 -223 -82 -36 -27.37 -35.89 -3 -178 -159 -15.23 -59.88 -152 914 118
62.46 2.45 -206 -92 16 -27.35 -35.37 83 141 -471 -15.14 -60.84 -77 1054 132
62.37 2.68 -263 -63 -3 -27.33 -34.96 203 297 -497 -15.06 -61.73 -15 1165 142
62.31 2.86 -365 -4 -58 -27.32 -34.59 164 367 -501 -14.91 -62.59 36 1645 -53
62.29 2.94 -507 194 -173 -27.30 -34.23 176 434 -514 -14.82 -63.74 587 3421 -854
62.30 2.80 -716 442 -290 -27.27 -33.94 255 537 -532 -15.05 -65.88 813 4034 -361
62.28 2.25 -1134 648 -541 -27.24 -33.72 365 682 -548 -14.73 -68.09 -1508 -296 1989
62.29 1.27 -915 755 -413 -27.20 -33.60 594 1030 -664 -14.08 -68.49 -443 -500 460
62.80 0.44 1253 -168 990 -27.17 -33.69 934 1621 -722 -13.64 -69.40 -422 -949 149
