64.00 -2.01 190 -47 127 -27.33 -39.20 78 126 -114 -14.85 -51.50 -4 34 -12
63.98 -2.00 168 -25 110 -27.32 -39.20 84 130 -115 -14.84 -51.51 -19 26 -25
63.98 -2.00 168 -25 110 -27.32 -39.20 84 130 -115 -14.84 -51.51 -19 26 -25
63.98 -2.00 168 -25 110 -27.32 -39.20 84 130 -115 -14.84 -51.51 -19 26 -25
63.98 -1.99 147 -18 90 -27.27 -39.41 68 69 -99 -14.82 -51.50 15 27 -17
63.98 -2.00 153 -20 92 -27.26 -39.41 43 24 -51 -14.83 -51.50 21 44 -4
63.99 -2.01 181 -38 107 -27.25 -39.43 36 -72 38 -14.84 -51.50 16 36 -9
63.97 -2.02 215 -35 114 -27.19 -39.55 -101 -300 286 -14.85 -51.50 3 26 -22
63.95 -2.01 206 -21 102 -27.18 -39.53 -128 -483 396 -14.86 -51.49 -2 29 -21
63.94 -2.00 143 1 80 -27.12 -39.80 -70 -580 320 -14.86 -51.50 -13 28 -22
63.94 -2.00 110 15 68 -27.04 -40.40 -268 -686 191 -14.85 -51.51 -7 20 -25
63.95 -2.01 122 14 75 -26.84 -41.24 -328 -782 170 -14.84 -51.50 6 20 -7
63.95 -2.01 122 14 75 -26.84 -41.24 -328 -782 170 -14.84 -51.50 6 20 -7
63.97 -2.03 188 -34 108 -26.36 -44.14 -242 -106 -287 -14.84 -51.50 25 23 -8
63.95 -2.03 209 -37 110 -25.81 -46.26 -81 804 -549 -14.86 -51.49 20 31 -12
63.92 -2.04 173 -15 91 -25.03 -48.54 634 2327 -1015 -14.87 -51.49 21 32 -13
63.92 -2.03 137 3 73 -24.01 -51.29 1751 4296 -1649 -14.89 -51.49 31 26 -11
63.91 -2.04 142 17 79 -22.78 -54.67 2453 5699 -1901 -14.92 -51.50 27 27 -16
63.91 -2.03 152 17 78 -21.80 -56.92 194 1842 1636 -14.94 -51.50 17 24 -14
63.92 -2.03 154 9 80 -21.23 -58.30 -1098 -880 1748 -14.97 -51.50 -13 40 -19
