63.07 -2.24 171 -23 97 -26.22 -42.72 71 115 -121 -15.14 -50.38 -4 15 -19
63.06 -2.23 126 -11 86 -26.22 -42.74 64 106 -113 -15.14 -50.38 -45 -14 -7
63.06 -2.23 150 -18 111 -26.22 -42.73 70 108 -108 -15.14 -50.37 -21 -53 -2
63.06 -2.23 150 -18 111 -26.22 -42.73 70 108 -108 -15.14 -50.37 -21 -53 -2
63.06 -2.14 288 -39 122 -26.22 -42.73 66 103 -108 -15.21 -50.36 -5 -279 33
63.05 -2.06 360 -33 121 -26.22 -42.74 35 65 -93 -15.31 -50.36 20 -777 110
63.08 -1.91 673 -57 165 -26.21 -42.72 145 55 -71 -15.49 -50.39 -30 -1085 134
63.16 -1.58 981 -180 262 -26.27 -42.72 138 -73 27 -15.80 -50.46 -137 -1303 305
63.25 -1.04 1253 -424 445 -26.20 -43.03 389 -295 203 -16.10 -50.41 -200 -1317 350
63.22 -0.29 1313 -525 468 -26.00 -44.11 220 -526 244 -16.41 -50.27 -140 -1079 324
63.06 0.66 1161 -503 387 -25.68 -45.73 157 -688 357 -16.73 -50.01 48 -328 119
62.83 1.67 731 -382 190 -25.31 -47.63 -207 -872 607 -16.81 -49.76 136 604 -142
62.53 2.59 -34 -171 -98 -25.07 -49.16 -705 -1149 825 -16.57 -49.58 421 1536 -285
62.25 3.31 -866 136 -419 -24.72 -50.67 -603 -516 478 -16.14 -49.45 760 2678 -594
62.10 3.63 -1617 500 -732 -24.26 -52.30 -51 786 -93 -15.57 -49.55 1123 3675 -983
62.11 3.41 -2462 797 -1032 -23.66 -53.99 1074 2618 -714 -15.36 -49.95 606 2852 -1074
62.25 2.32 -2631 698 -847 -23.03 -55.94 1856 4610 -1510 -15.48 -50.73 -2 -214 200
62.76 1.10 -609 534 -121 -21.99 -58.73 2227 5737 -1810 -15.60 -50.73 -1298 -2298 1241
63.32 0.31 1614 -468 1078 -21.15 -60.96 210 2479 353 -15.39 -50.25 -906 -1827 710
63.19 0.22 1659 -916 1211 -20.42 -62.05 -243 624 1459 -15.36 -49.71 -459 -930 -5
