63.66 -2.30 199 -29 111 -25.88 -43.16 71 126 -110 -15.20 -50.68 -14 18 -6
63.66 -2.30 213 -40 128 -25.87 -43.16 65 123 -114 -15.18 -50.68 -18 25 -18
63.64 -2.27 157 -28 112 -25.87 -43.15 63 118 -115 -15.17 -50.67 -2 13 -15
63.64 -2.25 110 -13 89 -25.86 -43.16 62 115 -116 -15.15 -50.67 8 -38 -1
63.66 -2.24 142 -14 83 -25.86 -43.16 62 119 -114 -15.15 -50.65 10 -103 10
63.67 -2.23 244 -43 116 -25.86 -43.16 66 112 -114 -15.19 -50.62 16 -225 35
63.66 -2.19 332 -67 149 -25.84 -43.16 67 89 -104 -15.21 -50.58 109 -853 312
63.63 -2.11 436 -68 173 -25.85 -43.15 116 8 -25 -15.29 -50.38 -30 -1301 338
63.65 -1.91 960 -120 252 -25.92 -43.09 101 -105 58 -15.55 -50.08 74 -1592 335
63.71 -1.48 1551 -237 359 -25.84 -43.42 344 -329 265 -15.94 -49.75 -26 -1497 407
63.67 -0.76 1637 -394 403 -25.67 -44.24 301 -748 479 -16.22 -49.26 143 -862 296
63.50 0.21 1290 -464 330 -25.36 -45.80 82 -1215 906 -16.46 -48.73 -3 59 -70
63.22 1.22 634 -328 36 -25.17 -47.20 -304 -1510 1297 -16.38 -48.37 42 1040 -412
62.91 2.09 -170 -183 -183 -24.94 -48.73 -429 -717 632 -16.09 -48.14 209 2056 -696
62.68 2.71 -960 40 -355 -24.47 -50.72 -97 805 -430 -15.59 -48.19 755 3129 -1031
62.56 2.90 -1557 303 -515 -23.69 -53.11 837 2542 -1183 -15.18 -48.59 584 2792 -1095
62.47 2.58 -2111 499 -700 -22.73 -56.14 1851 4624 -1948 -15.09 -49.27 -102 608 -101
62.58 1.81 -1816 738 -677 -21.45 -60.05 2000 5726 -2103 -15.09 -49.55 -754 -1373 856
63.09 0.95 213 203 272 -20.28 -62.89 -17 2606 180 -14.99 -49.19 -780 -1345 514
63.19 0.55 1321 -427 869 -19.37 -64.51 -712 962 1453 -15.03 -48.90 -481 -939 -44
