63.72 -2.14 167 -12 96 -25.65 -43.85 60 127 -109 -14.60 -50.69 -14 24 -16
63.71 -2.16 166 -27 99 -25.65 -43.87 57 123 -99 -14.59 -50.67 5 26 -1
63.70 -2.17 186 -34 103 -25.65 -43.88 62 123 -111 -14.58 -50.65 2 28 3
63.69 -2.16 190 -12 83 -25.65 -43.90 70 121 -117 -14.57 -50.60 6 39 20
63.68 -2.15 172 6 54 -25.66 -43.91 74 112 -84 -14.56 -50.54 11 1 37
63.66 -2.17 171 -5 55 -25.66 -43.94 137 134 -72 -14.57 -50.47 16 -11 25
63.62 -2.20 192 -14 78 -25.68 -43.98 49 114 -34 -14.60 -50.37 -1 20 7
63.55 -2.24 229 -16 86 -25.72 -44.01 84 117 -27 -14.65 -50.21 -102 28 106
63.46 -2.27 212 3 59 -25.78 -44.05 86 105 -1 -14.59 -49.73 -119 -215 315
63.30 -2.36 161 -36 86 -25.88 -44.11 84 121 2 -14.39 -48.96 -118 -379 294
63.07 -2.49 92 -44 103 -25.97 -44.18 42 154 -3 -14.28 -47.91 -161 -283 144
62.86 -2.63 197 -46 132 -26.06 -44.25 41 168 47 -14.27 -46.48 52 98 -203
62.62 -2.76 421 -148 222 -26.13 -44.33 -39 -2 178 -14.44 -44.73 144 457 -530
62.26 -2.84 398 -159 180 -26.17 -44.48 59 -39 239 -14.73 -42.79 130 801 -778
61.77 -2.98 120 -72 53 -26.25 -44.80 -205 -70 316 -15.06 -40.50 252 1219 -1219
61.17 -3.29 -127 26 -72 -26.43 -44.87 -342 -78 448 -15.30 -38.00 760 1498 -1838
60.41 -3.83 -436 186 -190 -26.69 -44.73 -267 102 425 -15.70 -35.93 1179 1705 -2651
59.50 -4.62 -659 519 -401 -27.07 -44.34 -237 285 335 -16.18 -35.27 1021 841 -2541
58.43 -5.62 -633 740 -469 -27.53 -43.69 12 560 122 -16.47 -34.90 -651 -1836 422
57.61 -6.72 15 715 -311 -27.99 -42.95 585 946 -245 -16.79 -33.95 -547 -1713 154
