63.63 -2.46 162 -14 92 -28.42 -45.17 -1214 -2070 101 -15.04 -49.49 8 19 -3
63.63 -2.46 182 -6 91 -28.79 -44.72 -1259 -1517 -139 -15.04 -49.48 2 18 -8
63.62 -2.44 154 -4 87 -28.88 -43.99 -15 -671 -330 -15.03 -49.46 2 39 -37
63.61 -2.44 157 -13 93 -29.13 -42.98 306 -209 -559 -15.02 -49.45 16 41 -24
63.60 -2.44 158 -36 97 -29.41 -41.56 229 -237 -699 -15.01 -49.43 33 25 4
63.59 -2.43 187 -29 94 -29.68 -40.10 -187 -376 -781 -15.02 -49.41 16 1 -7
63.58 -2.41 197 -18 89 -29.75 -38.81 -483 -549 -728 -15.01 -49.37 -1 -9 -14
63.55 -2.41 183 -22 90 -29.75 -37.60 -540 -219 -730 -15.03 -49.31 1 -36 1
63.53 -2.41 197 -51 116 -29.72 -36.34 111 801 -1260 -15.03 -49.23 33 -149 85
63.50 -2.41 225 -77 129 -29.54 -35.37 1010 1650 -1632 -15.06 -48.91 -89 -656 545
63.50 -2.41 225 -77 129 -29.54 -35.37 1010 1650 -1632 -15.06 -48.91 -89 -656 545
60.70 -3.50 -166 304 -42 -29.35 -35.41 1580 1628 -1326 -15.19 -46.37 -129 -426 384
61.09 -3.69 441 65 250 -29.31 -36.29 1035 895 -643 -15.26 -44.06 183 229 -93
61.35 -3.69 746 -33 324 -29.31 -37.25 372 277 -170 -15.43 -41.22 407 820 -672
61.51 -3.59 703 -61 260 -29.21 -38.19 -6 -143 224 -15.59 -38.03 455 1242 -1283
61.63 -3.48 509 13 105 -29.03 -39.01 -231 -378 512 -15.81 -34.95 1121 1920 -2743
61.78 -3.41 319 51 28 -28.86 -39.64 -269 -338 511 -16.60 -33.66 1675 2627 -4602
61.90 -3.41 90 27 22 -28.66 -40.22 -179 -123 407 -17.63 -35.15 327 1088 -2735
61.99 -3.48 -34 -30 86 -28.48 -40.81 -147 107 272 -17.07 -36.07 -989 -2223 308
62.11 -3.54 80 -40 178 -28.38 -41.02 -730 -288 695 -17.16 -36.22 -930 -1840 24
