63.28 -3.18 219 -23 99 -27.60 -42.47 75 138 -118 -15.32 -47.73 -4 75 -16
63.25 -3.17 169 -16 90 -27.63 -42.49 83 123 -108 -15.32 -47.72 4 64 12
63.23 -3.17 134 -23 95 -27.67 -42.52 86 135 -100 -15.32 -47.69 24 27 22
63.20 -3.19 121 -34 102 -27.68 -42.59 61 141 -89 -15.33 -47.64 66 -33 25
63.20 -3.19 121 -34 102 -27.68 -42.59 61 141 -89 -15.33 -47.64 66 -33 25
63.12 -3.24 171 -23 106 -27.74 -42.69 73 113 -21 -15.51 -47.45 34 2 95
63.09 -3.25 220 -8 94 -27.78 -42.76 136 82 12 -15.52 -47.17 -44 -151 282
63.03 -3.27 252 -20 97 -27.82 -42.86 143 54 84 -15.49 -46.75 -97 -233 263
62.92 -3.31 197 -34 88 -27.89 -42.98 115 136 36 -15.46 -46.17 -170 -214 196
62.75 -3.40 135 -35 110 -27.98 -43.12 38 125 58 -15.47 -45.30 -184 -82 71
62.59 -3.49 246 -82 177 -28.08 -43.23 -153 -67 189 -15.40 -44.21 -89 -56 -16
62.37 -3.56 425 -160 224 -28.19 -43.27 -300 -203 253 -15.26 -42.94 -24 -77 -100
61.98 -3.64 301 -173 185 -28.35 -43.24 -332 -166 223 -15.07 -41.41 16 -229 -30
61.52 -3.75 63 -46 16 -28.54 -43.12 -247 -66 126 -14.88 -39.38 32 -146 -159
61.10 -3.96 -22 -10 -22 -28.68 -42.99 -97 1 16 -14.75 -36.71 313 473 -759
60.69 -4.27 117 -40 57 -28.84 -42.73 -77 -102 92 -14.76 -33.69 949 1704 -2452
60.12 -4.62 227 -55 109 -29.13 -42.19 -141 -150 175 -15.31 -32.17 1871 3293 -5046
59.22 -5.12 -111 157 -133 -29.58 -41.35 -161 266 10 -16.70 -33.74 416 1749 -2922
58.12 -5.88 -791 775 -657 -30.06 -40.17 287 961 -327 -16.41 -34.89 -1425 -1912 1080
57.15 -7.01 -793 1208 -869 -30.47 -39.01 1225 1705 -862 -16.59 -34.71 -1330 -1899 457
