63.42 -3.24 173 -22 79 -27.73 -41.07 77 119 -149 -15.37 -48.94 41 -17 8
63.42 -3.26 219 -25 85 -27.73 -41.07 85 120 -145 -15.38 -48.92 16 1 2
63.42 -3.25 228 -24 100 -27.73 -41.07 79 114 -142 -15.38 -48.92 32 -1 16
63.41 -3.25 186 -34 110 -27.72 -41.08 74 110 -133 -15.39 -48.92 79 -7 22
63.39 -3.24 146 -41 117 -27.72 -41.07 70 115 -124 -15.43 -48.90 112 -134 89
63.38 -3.22 157 -40 116 -27.72 -41.06 49 97 -123 -15.50 -48.84 110 -384 234
63.37 -3.23 163 -68 132 -27.72 -41.03 17 88 -104 -15.57 -48.66 104 -845 547
63.33 -3.22 207 -95 142 -27.72 -40.95 24 -24 5 -15.78 -48.29 28 -1136 629
63.31 -3.19 345 -127 189 -27.80 -40.69 -397 -492 421 -16.01 -47.80 198 -1140 720
63.28 -3.11 482 -140 230 -28.05 -39.75 -709 -1104 1006 -16.29 -47.11 297 -938 554
63.30 -2.90 593 -137 235 -28.22 -38.71 -187 -1026 882 -16.69 -46.33 177 -462 139
63.30 -2.63 468 -120 178 -28.55 -37.42 -489 -1078 864 -17.01 -45.75 -29 218 -290
63.25 -2.41 245 -81 92 -29.01 -35.47 -553 -1085 670 -17.08 -45.34 -272 874 -532
63.17 -2.23 174 -57 68 -29.46 -33.32 -53 -430 -453 -16.75 -45.00 -86 1841 -874
63.04 -2.13 45 -13 37 -29.79 -31.68 720 678 -1798 -16.06 -44.91 493 3116 -1492
62.79 -2.17 -400 169 -134 -29.94 -30.93 2130 2049 -2877 -15.11 -45.33 696 3527 -1635
62.48 -2.52 -1058 547 -502 -29.98 -31.89 3814 4121 -4702 -14.59 -46.15 -348 577 -898
62.11 -3.35 -1753 804 -854 -29.52 -35.89 4792 5392 -5833 -14.58 -46.78 -1155 -2694 1249
61.69 -4.69 -2213 942 -1157 -28.70 -40.95 192 1328 -948 -14.46 -46.20 -1146 -2301 1027
61.67 -6.13 -196 560 28 -28.68 -41.28 -24 -599 -160 -14.12 -45.63 -376 -1105 135
