62.85 -3.08 144 -12 90 -27.86 -41.57 75 136 -124 -15.97 -49.67 38 -13 -19
62.85 -3.08 160 -14 81 -27.86 -41.57 81 131 -116 -15.97 -49.65 14 14 -21
62.86 -3.09 175 -40 94 -27.85 -41.57 82 108 -103 -15.99 -49.63 14 -8 -6
62.85 -3.08 177 -44 105 -27.86 -41.56 85 112 -117 -16.00 -49.59 27 -66 43
62.84 -3.08 165 -44 121 -27.87 -41.55 66 112 -117 -16.00 -49.50 10 -258 166
62.83 -3.07 179 -24 110 -27.87 -41.54 61 86 -87 -15.93 -49.33 -18 -433 207
62.82 -3.05 208 -27 125 -27.90 -41.52 49 49 -61 -16.06 -49.08 -54 -350 80
62.81 -3.03 243 -40 126 -27.94 -41.44 -69 -121 60 -16.18 -48.88 41 -532 253
62.80 -2.99 356 -89 177 -28.01 -41.18 -333 -442 316 -16.28 -48.52 70 -716 467
62.81 -2.88 516 -141 226 -28.17 -40.58 -292 -581 421 -16.29 -47.96 37 -828 556
62.78 -2.69 445 -118 184 -28.39 -39.83 -147 -495 305 -16.35 -47.28 143 -469 247
62.75 -2.48 362 -111 161 -28.66 -38.89 -374 -598 421 -16.50 -46.61 173 194 -66
62.72 -2.28 291 -128 172 -28.94 -37.60 -403 -598 336 -16.56 -45.94 121 995 -436
62.66 -2.07 157 -105 146 -29.23 -36.18 -168 -111 -358 -16.28 -45.45 234 1918 -945
62.56 -1.91 -152 1 23 -29.46 -34.98 398 829 -1278 -15.67 -45.39 487 2624 -1373
62.36 -2.00 -735 218 -214 -29.61 -34.12 1991 2063 -2232 -14.90 -45.66 130 2237 -1483
62.19 -2.42 -1303 605 -576 -29.68 -34.95 3804 4103 -4443 -14.94 -46.31 -839 -1123 219
62.07 -3.29 -1532 794 -816 -29.04 -39.13 2271 3087 -3451 -14.73 -46.22 -1045 -2440 1134
61.80 -4.54 -1658 696 -743 -28.98 -40.77 -2045 -1365 1558 -14.43 -45.61 -599 -1402 427
61.94 -5.75 652 209 381 -28.92 -41.21 -1137 -1562 724 -14.17 -45.16 -23 -563 -226
