63.55 -1.30 141 -4 76 -28.97 -40.00 204 36 -403 -13.94 -50.31 25 43 -1
63.54 -1.33 137 -9 86 -29.22 -39.41 363 182 -488 -13.94 -50.30 5 32 -16
63.54 -1.36 147 -15 94 -29.43 -38.95 446 182 -440 -13.95 -50.30 14 20 -5
63.53 -1.38 151 -25 94 -29.63 -38.55 305 -16 -260 -13.96 -50.29 16 26 -9
63.52 -1.42 146 -3 65 -29.82 -38.11 101 -184 -95 -13.97 -50.27 21 34 -10
63.52 -1.47 137 31 26 -30.04 -37.59 62 -45 -197 -13.99 -50.25 26 31 -2
63.54 -1.56 141 44 20 -30.25 -37.07 121 172 -299 -14.02 -50.21 17 18 -1
63.55 -1.71 111 31 56 -30.46 -36.54 187 361 -361 -14.04 -50.17 -6 22 -11
63.54 -1.89 96 -1 111 -30.66 -36.06 253 567 -397 -14.07 -50.12 -17 42 -22
63.51 -2.07 90 -9 122 -30.89 -35.54 170 786 -434 -14.08 -50.04 -6 54 -13
63.51 -2.07 90 -9 122 -30.89 -35.54 170 786 -434 -14.08 -50.04 -6 54 -13
63.45 -2.38 175 -16 150 -31.38 -34.32 659 1394 -716 -14.14 -49.71 56 -22 65
63.38 -2.50 167 -22 161 -31.72 -34.15 1086 1192 -867 -14.17 -49.40 11 -86 211
63.38 -2.50 167 -22 161 -31.72 -34.15 1086 1192 -867 -14.17 -49.40 11 -86 211
63.19 -2.76 60 -51 130 -31.61 -35.40 -1428 -1787 600 -14.02 -36.38 6 -737 -77
63.05 -2.92 -25 -23 54 -31.53 -35.06 -924 -1466 272 -14.36 -36.07 28 -796 215
62.91 -3.11 31 -72 124 -31.48 -34.72 318 -664 -294 -14.74 -36.00 20 -958 574
62.70 -3.26 141 -66 142 -31.56 -34.70 561 -405 -211 -14.98 -35.94 -699 -1838 2331
62.48 -3.37 305 -22 108 -31.61 -34.86 294 -443 60 -15.26 -35.53 370 -76 -259
62.24 -3.46 397 7 67 -31.56 -35.12 210 -542 271 -15.28 -36.38 -105 -16 234
