62.90 -3.00 181 -9 71 -27.89 -41.83 111 89 -85 -16.23 -48.98 124 -121 111
62.89 -3.00 207 -30 83 -27.94 -41.77 50 53 -66 -16.17 -49.00 251 -358 255
62.85 -3.01 215 -49 116 -27.98 -41.69 73 66 -79 -16.29 -49.05 368 -848 616
62.82 -2.99 216 -50 116 -28.01 -41.59 69 32 -20 -16.58 -48.98 313 -1111 685
62.82 -2.99 216 -50 116 -28.01 -41.59 69 32 -20 -16.58 -48.98 313 -1111 685
62.79 -2.92 304 -28 125 -28.16 -40.96 -301 -547 534 -17.45 -48.75 49 -402 164
62.75 -2.89 399 -61 171 -28.40 -40.16 -134 -575 515 -17.77 -48.74 -3 -147 -3
62.69 -2.82 414 -119 198 -28.75 -39.15 -196 -595 531 -18.07 -48.61 -80 -57 -57
62.62 -2.69 263 -54 80 -29.14 -37.88 -34 -528 337 -18.27 -48.44 -159 -33 -88
62.57 -2.60 157 -27 38 -29.56 -36.55 88 -376 -49 -18.42 -48.18 -277 89 -186
62.57 -2.51 164 -34 62 -29.97 -35.30 -3 -240 -430 -18.48 -47.84 -344 366 -338
62.51 -2.44 239 -64 110 -30.29 -34.11 13 -52 -830 -18.42 -47.48 -305 697 -382
62.46 -2.32 240 -91 145 -30.47 -33.12 215 125 -1033 -18.22 -47.09 -92 1379 -523
62.42 -2.17 244 -54 79 -30.57 -32.38 483 474 -1315 -17.83 -46.79 316 2607 -907
62.34 -2.04 94 -7 33 -30.58 -32.24 997 1393 -2050 -17.07 -46.79 753 3553 -1377
62.29 -1.99 -246 144 -106 -30.41 -33.23 2166 2877 -3126 -16.29 -47.14 490 3147 -1943
62.14 -2.21 -991 402 -372 -29.85 -36.16 3832 4499 -4350 -16.34 -48.30 -324 -726 26
61.90 -2.94 -1885 716 -788 -28.84 -41.03 718 2536 -1398 -16.30 -48.41 -996 -3117 1514
61.63 -4.22 -2435 806 -1049 -28.69 -41.93 -1104 -1120 1250 -15.96 -47.66 -785 -2304 989
61.77 -5.68 -259 606 -160 -28.52 -42.50 -721 -1320 663 -15.65 -46.77 -266 -1024 24
