62.97 -3.34 152 6 82 -28.42 -41.10 76 128 -123 -16.36 -49.11 12 39 -9
62.97 -3.34 152 6 82 -28.42 -41.10 76 128 -123 -16.36 -49.11 12 39 -9
62.96 -3.33 181 -24 102 -28.41 -41.09 82 136 -123 -16.32 -49.12 1 33 -21
62.96 -3.32 168 -14 90 -28.42 -41.08 85 142 -129 -16.31 -49.12 26 23 -27
62.95 -3.32 158 -2 89 -28.41 -41.08 74 131 -117 -16.30 -49.12 6 -8 -22
62.95 -3.32 163 -6 97 -28.41 -41.07 74 122 -124 -16.30 -49.11 23 -29 -21
62.95 -3.32 163 -6 97 -28.41 -41.07 74 122 -124 -16.30 -49.11 23 -29 -21
62.94 -3.30 181 -25 100 -28.41 -41.03 61 62 -110 -16.29 -49.02 14 -223 94
62.94 -3.29 171 -32 94 -28.42 -40.98 66 51 -120 -16.24 -48.92 -83 -591 332
62.93 -3.28 163 -40 102 -28.43 -40.90 -21 -71 -5 -16.03 -48.55 -88 -1397 830
62.93 -3.26 197 -49 124 -28.45 -40.72 -122 -307 206 -16.03 -47.79 -101 -1342 632
62.93 -3.20 308 -30 125 -28.50 -40.31 -222 -673 441 -16.10 -46.84 -160 -1135 429
62.96 -3.09 558 -72 192 -28.62 -39.72 -213 -931 546 -16.29 -45.80 -94 -363 -197
63.02 -2.85 914 -137 303 -28.85 -38.94 -358 -987 553 -16.47 -45.05 -23 543 -738
63.05 -2.44 1065 -296 367 -29.11 -37.87 -212 -680 257 -16.48 -44.75 144 1372 -1057
62.96 -1.87 665 -287 206 -29.40 -36.81 35 -119 -285 -16.54 -44.83 644 2933 -2228
62.89 -1.32 205 -204 44 -29.62 -35.93 285 574 -740 -17.27 -46.19 1504 5082 -4002
62.84 -0.91 -262 -80 -69 -29.69 -35.30 527 1208 -1022 -18.59 -49.47 1411 4472 -2531
62.75 -0.73 -736 95 -190 -29.65 -35.11 861 1738 -1261 -18.09 -52.47 -1678 -516 588
62.69 -0.82 -1000 340 -322 -29.51 -35.41 1499 2256 -1275 -17.51 -52.92 -1122 -576 -46
