62.59 -2.87 153 -16 87 -28.30 -41.37 71 124 -123 -16.43 -50.24 -4 -2 -21
62.59 -2.85 144 3 76 -28.29 -41.37 70 120 -131 -16.42 -50.21 -28 -74 25
62.60 -2.85 171 -2 89 -28.29 -41.36 74 108 -131 -16.40 -50.17 -19 -111 37
62.60 -2.84 198 -30 109 -28.29 -41.36 77 88 -131 -16.38 -50.08 -18 -191 82
62.59 -2.82 183 -34 107 -28.31 -41.35 50 51 -117 -16.27 -49.91 -89 -515 330
62.57 -2.80 187 -32 105 -28.35 -41.31 3 9 -84 -16.18 -49.56 -71 -590 290
62.57 -2.77 225 -56 121 -28.36 -41.23 -24 -87 27 -16.07 -49.08 -205 -1032 576
62.56 -2.72 234 -50 121 -28.39 -41.01 -104 -329 256 -15.89 -48.20 -274 -1181 577
62.57 -2.65 287 -58 142 -28.49 -40.58 -164 -526 340 -15.79 -47.13 -118 -728 110
62.58 -2.54 495 -89 184 -28.63 -40.02 -197 -525 220 -15.76 -46.15 -149 -389 -166
62.59 -2.34 570 -138 223 -28.76 -39.41 -139 -429 51 -15.67 -45.25 -179 -237 -256
62.59 -2.05 584 -198 241 -28.92 -38.74 -189 -334 -40 -15.55 -44.36 -192 -32 -396
62.55 -1.68 494 -233 231 -29.10 -37.99 -170 -221 -175 -15.43 -43.58 -103 342 -607
62.49 -1.30 280 -215 154 -29.26 -37.24 -88 -97 -293 -15.29 -43.01 30 705 -748
62.45 -0.95 110 -217 137 -29.38 -36.50 69 119 -448 -15.10 -42.64 305 1245 -980
62.42 -0.62 -17 -191 132 -29.46 -35.89 287 442 -612 -15.07 -42.56 684 2427 -1774
62.40 -0.31 -112 -121 82 -29.47 -35.48 547 786 -644 -15.58 -43.28 1655 4521 -3686
62.38 -0.06 -243 -3 -17 -29.41 -35.33 874 1274 -763 -17.10 -46.13 2626 6641 -6004
62.38 0.08 -427 190 -200 -29.28 -35.66 1260 1821 -924 -18.38 -51.02 -672 2483 -1159
62.37 0.01 -624 391 -375 -29.08 -36.39 1828 2387 -1062 -17.31 -51.98 -489 1163 -1277
