62.96 -3.01 240 -18 84 -27.69 -42.26 87 168 -79 -15.87 -49.85 -8 42 -20
62.94 -3.00 221 -11 74 -27.69 -42.44 40 185 -156 -15.85 -49.84 24 15 -17
62.94 -3.00 221 -11 74 -27.69 -42.44 40 185 -156 -15.85 -49.84 24 15 -17
62.90 -2.98 122 -17 118 -27.69 -42.59 45 174 -198 -15.88 -49.78 -2 -60 29
62.89 -2.98 95 -27 115 -27.70 -42.59 67 143 -181 -15.89 -49.73 58 -33 22
62.90 -2.97 127 -32 107 -27.71 -42.59 88 115 -156 -15.91 -49.67 65 -87 43
62.90 -2.97 199 -45 101 -27.73 -42.59 89 114 -134 -15.93 -49.57 -1 -223 134
62.88 -2.95 210 -42 85 -27.75 -42.59 104 92 -107 -15.79 -49.34 -25 -477 310
62.86 -2.93 196 -41 92 -27.75 -42.66 118 67 -60 -15.75 -48.96 -135 -540 273
62.85 -2.90 179 -20 71 -27.70 -42.85 85 25 8 -15.66 -48.47 -121 -817 402
62.85 -2.87 230 -16 82 -27.65 -43.06 -170 -302 251 -15.68 -47.75 -129 -688 201
62.85 -2.82 273 -12 101 -27.63 -43.11 -252 -540 535 -15.81 -47.03 -74 -412 -33
62.85 -2.74 368 -40 145 -27.76 -42.78 -496 -813 740 -15.93 -46.35 -69 -386 -30
62.85 -2.61 408 -93 183 -27.82 -42.60 -345 -668 545 -15.97 -45.62 -81 -46 -236
62.85 -2.45 406 -126 175 -27.84 -42.64 -231 -554 454 -15.93 -45.04 130 960 -867
62.87 -2.30 456 -110 135 -27.90 -42.66 -214 -479 419 -16.02 -44.91 571 2672 -1996
62.89 -2.19 386 -40 48 -27.94 -42.61 -80 -46 141 -16.48 -45.85 1359 4677 -3494
62.89 -2.19 386 -40 48 -27.94 -42.61 -80 -46 141 -16.48 -45.85 1359 4677 -3494
62.78 -2.13 108 2 78 -28.05 -42.33 643 1553 -427 -16.66 -50.36 -1501 -1086 1971
62.62 -2.25 -244 65 76 -28.05 -42.27 1510 2331 -729 -15.77 -50.35 -707 -1263 978
