62.59 -3.47 183 -23 91 -27.47 -43.02 80 131 -122 -15.19 -49.66 21 -11 -3
62.59 -3.46 153 -17 82 -27.48 -43.02 76 123 -117 -15.21 -49.63 47 -40 17
62.59 -3.46 147 -12 92 -27.48 -43.01 74 106 -102 -15.29 -49.55 -4 -143 63
62.59 -3.46 162 -22 110 -27.50 -43.00 77 76 -75 -15.34 -49.45 37 -61 35
62.58 -3.46 175 -34 120 -27.55 -42.94 -48 -63 23 -15.43 -49.30 1 -127 119
62.57 -3.46 192 -31 113 -27.60 -42.87 41 -17 61 -15.38 -48.97 -46 -319 305
62.54 -3.45 203 -37 109 -27.62 -42.82 33 -154 304 -15.39 -48.50 -19 -175 149
62.52 -3.44 229 -65 153 -27.70 -42.71 23 -206 466 -15.38 -47.93 -46 -111 102
62.49 -3.41 195 -32 111 -27.77 -42.83 182 -113 395 -15.41 -47.05 53 115 -106
62.46 -3.38 234 -18 94 -27.78 -43.44 210 63 218 -15.59 -45.87 5 371 -405
62.46 -3.38 234 -18 94 -27.78 -43.44 210 63 218 -15.59 -45.87 5 371 -405
62.36 -3.36 302 -48 122 -27.47 -45.85 -375 116 129 -15.93 -43.56 -83 -30 -282
62.23 -3.35 189 -43 55 -27.37 -46.75 -417 107 92 -15.89 -42.42 -77 -355 -106
62.08 -3.38 144 -59 45 -27.30 -47.38 -309 149 -29 -15.79 -41.09 -3 -482 -45
61.81 -3.50 8 -90 69 -27.25 -47.73 -159 6 -13 -15.78 -39.53 100 -165 -297
61.50 -3.64 -65 -15 25 -27.30 -47.84 -77 -113 42 -15.80 -37.96 329 572 -947
61.25 -3.78 33 20 52 -27.47 -47.75 54 142 -46 -16.08 -36.82 1042 1979 -2724
61.06 -3.89 321 5 114 -27.73 -47.46 241 670 -186 -17.22 -37.45 2022 3368 -4633
60.86 -3.94 451 -42 140 -28.01 -46.97 519 1239 -366 -17.78 -39.42 98 239 140
60.52 -4.00 209 20 1 -28.22 -46.59 1075 1842 -532 -17.50 -39.73 -627 -1735 1158
