61.78 -3.03 11 -95 103 -28.46 -44.07 466 1265 -497 -15.55 -46.23 27 22 -3
61.69 -3.02 -138 -5 52 -28.58 -43.71 613 1365 -516 -15.56 -46.21 9 48 -8
61.52 -3.17 -335 74 -32 -28.76 -43.23 598 1346 -552 -15.56 -46.21 -23 48 -7
61.23 -3.58 -493 81 -50 -28.99 -42.85 567 1354 -675 -15.55 -46.19 -9 43 -24
60.81 -4.17 -477 95 -22 -29.14 -42.79 711 1078 -588 -15.53 -46.18 8 24 -30
60.24 -4.90 -441 149 -21 -29.31 -43.00 733 558 -538 -15.54 -46.15 33 47 -43
59.57 -5.77 -345 296 -75 -29.09 -43.81 447 -1039 39 -15.55 -46.13 65 87 -49
58.92 -6.72 23 371 -58 -29.08 -44.16 -1068 -2224 711 -15.57 -46.08 73 54 -18
58.39 -7.59 509 410 -123 -29.21 -43.77 -706 -1627 450 -15.59 -46.06 9 -63 5
58.21 -8.16 1507 21 390 -29.27 -43.32 169 -750 24 -15.60 -46.00 10 -12 -31
58.21 -8.24 2188 -528 752 -29.42 -42.79 115 -490 -189 -15.63 -45.91 13 -19 -13
57.89 -7.85 1465 -368 247 -29.67 -41.83 -248 -445 -439 -15.68 -45.82 -8 -68 31
57.64 -7.40 462 -87 -309 -29.85 -40.68 -250 -481 -624 -15.70 -45.70 -6 -155 92
57.63 -7.05 -41 -62 -358 -29.87 -39.75 -348 -406 -453 -15.74 -45.45 -215 -408 318
57.82 -6.75 114 -213 46 -29.84 -38.90 266 95 -556 -15.69 -44.97 -110 -504 351
58.13 -6.27 454 -344 401 -29.78 -38.43 585 710 -770 -15.65 -44.32 -162 -532 364
58.13 -6.27 454 -344 401 -29.78 -38.43 585 710 -770 -15.65 -44.32 -162 -532 364
58.70 -4.62 -73 -150 132 -29.49 -38.64 741 1401 -1145 -16.15 -39.07 396 949 -582
59.01 -4.00 -403 59 -132 -29.20 -39.30 1063 1410 -1030 -15.90 -40.87 191 410 153
59.38 -3.59 -469 146 -191 -28.97 -40.28 874 1022 -602 -15.55 -42.42 148 87 470
