62.36 -2.94 163 -13 94 -27.78 -44.09 71 143 -117 -15.82 -49.15 18 54 -44
62.35 -2.95 201 -15 112 -27.79 -44.11 80 148 -117 -15.82 -49.15 30 13 -20
62.33 -2.96 182 -20 111 -27.81 -44.13 88 131 -100 -15.83 -49.14 31 -7 -19
62.31 -2.96 151 -20 88 -27.83 -44.14 87 114 -101 -15.85 -49.12 25 -17 -14
62.30 -2.97 168 -18 78 -27.86 -44.16 90 106 -89 -15.88 -49.09 35 -28 2
62.30 -2.97 168 -18 78 -27.86 -44.16 90 106 -89 -15.88 -49.09 35 -28 2
62.28 -2.99 155 -13 68 -27.85 -44.36 127 70 -5 -15.98 -48.96 59 -38 62
62.27 -3.01 177 -41 113 -27.87 -44.50 105 119 -8 -15.98 -48.77 -40 -290 316
62.25 -3.00 194 -50 145 -27.91 -44.62 86 139 -24 -15.85 -48.37 -85 -378 296
62.22 -2.98 209 -36 132 -28.00 -44.61 -117 34 80 -15.81 -47.79 -11 -409 353
62.19 -2.96 202 -31 110 -27.97 -44.62 61 -150 318 -15.73 -46.82 33 -388 364
62.16 -2.95 171 -29 95 -28.16 -44.35 -369 -529 668 -15.69 -45.27 79 -105 104
62.10 -2.97 259 -116 183 -28.38 -43.99 -458 -569 655 -15.64 -43.27 66 166 -174
61.95 -2.99 511 -227 303 -28.53 -43.65 -366 -302 451 -15.52 -40.87 -138 458 -445
61.69 -2.93 713 -313 362 -28.68 -43.31 -203 -20 246 -15.24 -38.14 -198 1005 -1126
61.26 -2.81 640 -283 268 -28.91 -42.83 -129 442 -107 -15.12 -35.40 32 1825 -2557
60.71 -2.78 346 -253 159 -29.20 -42.23 36 1081 -710 -15.70 -34.07 975 2935 -4761
60.04 -2.84 -140 -93 -43 -29.53 -41.65 342 1425 -976 -16.68 -35.73 671 1494 -2805
59.38 -3.08 -616 62 -185 -29.82 -41.26 908 1564 -1097 -15.62 -37.11 -938 -2145 957
58.67 -3.62 -861 198 -268 -30.07 -41.33 1405 1560 -975 -15.52 -37.09 -747 -1908 405
