62.41 -3.39 143 -26 84 -26.68 -43.23 64 108 -106 -15.27 -49.23 -20 -31 2
62.42 -3.39 177 -39 81 -26.67 -43.22 60 92 -111 -15.30 -49.22 11 -26 -3
62.41 -3.37 191 -35 83 -26.66 -43.22 67 69 -119 -15.34 -49.24 3 -115 18
62.41 -3.34 160 -26 93 -26.66 -43.23 83 64 -121 -15.41 -49.24 42 -210 51
62.41 -3.32 150 -50 143 -26.71 -43.31 48 -14 -100 -15.54 -49.22 -14 -478 133
62.39 -3.27 194 -65 164 -26.71 -43.54 36 -108 4 -15.71 -49.18 -139 -767 244
62.38 -3.21 225 -69 160 -26.63 -43.98 138 -203 67 -15.93 -49.09 -81 -760 164
62.37 -3.13 245 -53 124 -26.45 -44.71 -36 -552 419 -16.23 -49.02 -54 -638 163
62.38 -3.04 364 -110 173 -26.27 -45.67 -164 -663 550 -16.55 -48.86 -20 -508 237
62.36 -2.90 467 -131 185 -26.06 -46.82 -245 -529 518 -16.83 -48.56 38 -351 214
62.36 -2.67 652 -210 243 -25.81 -48.00 -217 -275 432 -17.00 -48.19 -41 -159 82
62.36 -2.30 857 -314 353 -25.63 -49.17 -273 -126 361 -17.11 -47.86 -68 63 -91
62.32 -1.77 808 -339 340 -25.42 -50.29 -342 244 -94 -17.19 -47.56 -59 367 -255
62.24 -1.17 578 -313 238 -24.94 -51.77 -178 806 -500 -17.13 -47.38 13 785 -309
62.13 -0.60 298 -214 108 -24.22 -53.51 233 1518 -761 -16.89 -47.25 282 1643 -541
62.06 -0.10 174 -160 52 -23.37 -55.50 986 3080 -1295 -16.44 -47.38 734 2728 -834
61.97 0.35 164 -146 41 -22.28 -58.18 2125 4933 -1832 -15.85 -47.84 822 2765 -1078
61.83 0.79 2 -113 -14 -20.84 -62.00 312 3625 38 -15.84 -48.67 393 668 -433
61.71 1.16 -305 47 -165 -19.91 -63.75 -2059 -68 2264 -16.06 -49.09 -413 -1724 995
61.62 1.37 -775 323 -391 -19.36 -64.90 -732 -277 1172 -16.00 -48.80 -685 -2008 991
