62.62 -3.08 144 2 71 -26.26 -43.41 64 111 -107 -15.57 -49.73 20 10 -23
62.63 -3.08 141 9 83 -26.25 -43.41 71 108 -113 -15.57 -49.72 20 7 -27
62.64 -3.08 147 3 96 -26.25 -43.40 79 104 -107 -15.58 -49.71 -6 -50 3
62.65 -3.09 189 -40 135 -26.26 -43.38 92 83 -70 -15.61 -49.67 7 -51 -6
62.63 -3.09 196 -45 134 -26.30 -43.30 153 118 -123 -15.66 -49.63 -15 -151 43
62.63 -3.09 196 -45 134 -26.30 -43.30 153 118 -123 -15.66 -49.63 -15 -151 43
62.61 -3.07 175 -27 85 -26.43 -43.13 69 -133 101 -15.90 -49.38 -115 -569 157
62.61 -3.06 180 -23 89 -26.49 -43.02 243 -298 232 -16.06 -49.24 -93 -687 58
62.60 -3.04 223 -55 132 -26.61 -43.15 55 -484 338 -16.44 -49.16 -240 -961 170
62.59 -3.00 241 -70 149 -26.59 -43.90 173 -834 674 -16.87 -48.96 -188 -1026 230
62.58 -2.94 378 -95 190 -26.65 -45.07 80 -1047 840 -17.28 -48.69 -114 -1047 351
62.59 -2.79 583 -108 200 -26.75 -46.61 -374 -778 339 -17.61 -48.28 -56 -693 266
62.59 -2.56 703 -156 224 -26.54 -48.51 -477 -270 -66 -17.84 -47.85 -90 132 -130
62.62 -2.22 867 -253 309 -26.11 -50.73 -150 661 -511 -17.81 -47.61 80 939 -383
62.63 -1.73 1097 -475 486 -25.39 -53.38 431 1884 -842 -17.56 -47.44 439 1881 -561
62.51 -1.04 1051 -489 410 -24.45 -56.20 1087 3530 -1120 -17.19 -47.46 854 3110 -856
62.33 -0.24 685 -431 250 -23.32 -59.18 1574 4982 -1286 -16.68 -47.74 948 3446 -1170
62.19 0.55 292 -297 69 -21.75 -62.75 1034 4980 -783 -16.41 -48.47 398 1494 -685
62.00 1.22 -166 -63 -174 -20.48 -64.71 -1605 1009 2245 -16.51 -48.99 -295 -1644 963
61.80 1.66 -760 206 -397 -19.90 -65.59 -925 -515 1484 -16.42 -48.71 -827 -2221 1024
