62.11 0.75 -2290 770 -859 -26.76 -43.58 68 115 -126 -15.89 -49.35 3 20 -32
62.23 -0.26 -2475 905 -846 -26.75 -43.58 71 110 -129 -15.89 -49.36 24 19 -25
62.81 -1.40 441 334 226 -26.76 -43.58 70 110 -124 -15.89 -49.34 19 3 -21
63.21 -1.94 2344 -674 1183 -26.76 -43.57 65 104 -119 -15.89 -49.33 10 -23 -9
62.81 -1.74 1583 -789 843 -26.76 -43.56 67 93 -113 -15.90 -49.31 -10 -39 -8
62.44 -1.36 474 -559 233 -26.76 -43.54 58 77 -108 -15.92 -49.27 5 -125 25
62.38 -1.17 90 -349 -68 -26.79 -43.47 11 -22 -14 -15.99 -49.20 56 -200 52
62.35 -1.09 293 -300 31 -26.84 -43.34 -8 -123 75 -16.09 -49.10 71 -581 270
62.29 -0.94 398 -360 278 -26.90 -43.03 -64 -520 506 -16.24 -48.86 -36 -1044 403
62.20 -0.58 512 -304 403 -27.11 -42.39 -81 -847 622 -16.52 -48.54 -82 -1521 516
62.03 -0.11 -86 -98 200 -27.40 -41.79 -100 -1223 793 -16.94 -48.04 -214 -1680 608
61.99 0.15 -562 113 -33 -27.61 -41.81 -288 -1514 850 -17.52 -47.37 2 -1336 358
62.03 0.16 -696 242 -187 -27.66 -42.52 -397 -1086 271 -18.15 -46.73 -83 -283 -199
62.05 -0.02 -804 342 -331 -27.35 -44.30 -157 -168 -379 -18.48 -46.30 -38 805 -653
62.12 -0.37 -754 410 -387 -26.88 -46.62 162 1117 -993 -18.38 -46.19 176 1540 -721
62.21 -0.89 -713 428 -372 -26.03 -49.26 1084 2734 -1395 -18.07 -46.15 353 2437 -893
62.31 -1.57 -565 377 -272 -25.02 -52.35 1965 4596 -1861 -17.49 -46.39 714 3264 -1054
62.39 -2.32 -163 208 -19 -23.92 -55.83 2140 5745 -2144 -16.77 -46.92 730 3361 -1323
62.48 -2.97 331 23 237 -22.24 -60.16 114 4135 -206 -16.62 -47.90 282 815 -659
62.54 -3.42 736 -135 412 -21.35 -61.61 -2289 -469 2545 -16.82 -48.48 -577 -2273 1286
