64.96 -0.94 65 -32 60 -26.41 -42.80 87 107 -109 -13.47 -49.72 13 28 -21
64.99 -0.96 178 -50 134 -26.35 -42.88 73 113 -118 -13.46 -49.73 32 -10 23
64.99 -0.96 178 -50 134 -26.35 -42.88 73 113 -118 -13.46 -49.73 32 -10 23
65.00 -0.92 238 -16 49 -26.31 -42.93 81 116 -126 -13.46 -49.67 22 -26 -23
65.00 -0.92 213 -41 72 -26.28 -42.96 73 115 -117 -13.46 -49.64 1 -61 3
64.98 -0.91 215 -65 109 -26.25 -43.00 62 110 -112 -13.44 -49.57 -9 -158 47
64.97 -0.88 254 -98 138 -26.21 -43.03 125 90 -107 -13.42 -49.42 -46 -488 290
64.97 -0.83 446 -118 189 -26.21 -43.04 97 53 -110 -13.28 -48.95 -189 -1116 688
65.00 -0.68 610 -157 229 -26.22 -43.00 25 -48 -51 -13.18 -48.35 -120 -738 141
65.04 -0.43 434 -145 146 -26.26 -42.86 -170 -319 119 -13.19 -48.03 -84 -454 78
65.05 -0.22 180 -87 63 -26.30 -42.57 -310 -628 242 -13.10 -47.61 -56 -296 120
65.06 -0.06 42 -40 25 -26.24 -42.23 -116 -485 132 -12.90 -47.06 -88 -160 15
65.07 0.07 50 -44 65 -26.23 -41.93 93 -59 -133 -12.71 -46.54 -104 169 -234
65.06 0.16 -72 -7 35 -26.23 -41.63 110 99 -114 -12.52 -46.12 -66 661 -480
65.00 0.14 -403 61 -47 -26.27 -41.23 -18 53 -43 -12.31 -45.82 350 1703 -1227
64.87 -0.19 -744 162 -155 -26.27 -40.77 -91 172 -99 -12.67 -46.30 1041 4305 -3568
64.61 -0.96 -800 158 -49 -26.27 -40.22 -161 407 -144 -13.82 -49.18 1887 6495 -5409
64.09 -2.04 -447 321 -215 -26.25 -39.51 -134 806 -297 -14.33 -53.17 -2129 917 -644
64.06 -2.64 1496 347 331 -26.19 -38.71 300 1263 -557 -13.56 -53.86 -1352 646 -898
64.30 -2.65 2357 -391 1027 -26.22 -38.07 967 1815 -742 -12.60 -55.58 -549 156 -358
