63.28 -3.03 145 -34 108 -26.34 -42.12 66 117 -104 -14.83 -49.85 -4 -16 -4
63.28 -3.03 168 -24 98 -26.33 -42.11 62 107 -118 -14.84 -49.85 7 -39 -7
63.29 -3.03 184 -14 95 -26.33 -42.11 61 94 -118 -14.85 -49.85 22 -62 -12
63.28 -3.02 151 -2 86 -26.31 -42.10 60 63 -122 -14.89 -49.86 20 -86 -7
63.29 -3.02 124 -8 93 -26.30 -42.08 19 39 -114 -14.95 -49.88 -17 -283 43
63.29 -3.02 163 -24 107 -26.28 -42.07 117 8 -157 -15.02 -49.99 231 -560 -137
63.29 -3.02 215 -55 118 -26.27 -42.18 -5 -244 -58 -15.22 -50.60 -35 -1191 333
63.28 -3.00 234 -50 113 -26.21 -42.21 -220 -836 393 -15.54 -51.31 98 -1121 102
63.27 -2.96 239 -48 102 -26.24 -41.84 -507 -1372 854 -15.94 -52.61 -26 -902 136
63.26 -2.91 285 -54 126 -26.35 -41.28 -374 -1273 692 -16.22 -54.12 -48 -286 144
63.27 -2.82 390 -71 161 -26.51 -40.68 -170 -808 305 -16.33 -55.66 30 508 55
63.29 -2.63 690 -145 253 -26.65 -39.93 -50 -183 -160 -16.35 -57.18 127 1006 93
63.31 -2.26 1053 -278 331 -26.61 -39.21 289 354 -466 -16.25 -58.60 88 1339 56
63.28 -1.68 1366 -392 445 -26.59 -38.63 446 652 -583 -16.05 -59.99 61 2015 -185
63.22 -0.86 1260 -399 352 -26.53 -38.16 547 765 -520 -15.80 -61.66 367 3036 -487
63.00 -0.00 665 -326 133 -26.53 -37.73 609 1003 -504 -15.63 -63.76 794 4105 -669
62.78 0.73 -18 -186 -86 -26.61 -37.37 971 1607 -690 -15.52 -66.40 593 3486 507
62.63 1.30 -385 -53 -200 -26.76 -37.21 1372 2448 -1119 -14.97 -68.46 -1308 -679 2262
62.52 1.73 -499 47 -245 -26.86 -37.47 1645 2933 -1828 -14.29 -68.97 -797 -1133 911
62.43 2.06 -473 125 -260 -26.70 -38.68 1218 920 -1414 -14.01 -69.37 -615 -1340 271
