63.38 -2.37 178 -19 102 -26.49 -40.57 -5 -26 -35 -14.16 -52.72 59 -351 2
63.38 -2.36 165 -22 90 -26.52 -40.46 -36 -159 15 -14.24 -52.86 16 -647 44
63.38 -2.36 200 -31 94 -26.51 -40.34 -62 -407 127 -14.44 -53.17 27 -923 38
63.38 -2.35 232 -53 122 -26.51 -40.13 -233 -819 415 -14.72 -53.94 128 -867 -158
63.37 -2.31 252 -53 140 -26.53 -39.78 -207 -1039 523 -15.12 -55.38 213 -727 -104
63.36 -2.27 283 -57 140 -26.60 -39.46 -253 -946 367 -15.50 -57.11 62 -426 149
63.36 -2.19 378 -77 177 -26.55 -39.17 -115 -631 179 -15.76 -58.72 45 253 160
63.37 -2.03 655 -116 214 -26.50 -38.81 -16 -211 -41 -15.88 -60.25 17 694 167
63.39 -1.72 943 -196 290 -26.47 -38.40 192 147 -235 -15.87 -61.74 11 760 329
63.39 -1.20 1174 -266 339 -26.49 -37.97 235 359 -420 -15.87 -62.94 9 809 418
63.34 -0.49 1171 -332 325 -26.50 -37.53 208 348 -358 -15.89 -63.89 -6 926 473
63.16 0.30 844 -348 204 -26.56 -37.00 223 417 -378 -15.86 -64.69 -9 1113 440
62.94 1.07 312 -262 34 -26.62 -36.48 249 617 -510 -15.75 -65.47 38 1381 417
62.75 1.74 -29 -161 -88 -26.63 -36.03 332 829 -626 -15.58 -66.20 72 1835 325
62.55 2.28 -180 -122 -112 -26.63 -35.67 546 1107 -756 -15.37 -67.01 494 3190 -160
62.36 2.73 -240 -81 -92 -26.59 -35.52 779 1512 -918 -15.29 -68.27 943 4304 -456
62.22 3.15 -280 -63 -60 -26.58 -35.54 1182 2083 -922 -14.98 -70.09 241 1718 619
62.13 3.51 -348 -40 -64 -26.67 -35.69 1575 2844 -1429 -14.67 -70.51 -927 -1166 864
62.02 3.76 -480 23 -114 -26.63 -36.31 1730 1735 -1282 -14.32 -70.87 -901 -1938 -364
61.96 3.88 -638 105 -173 -26.79 -37.44 -1171 -1888 615 -14.04 -71.07 -693 -1615 -519
