64.08 -2.71 154 -6 80 -26.92 -39.94 68 107 -127 -14.04 -51.13 45 -23 4
64.09 -2.72 185 -17 91 -26.91 -39.94 60 96 -119 -14.07 -51.11 17 -109 32
64.10 -2.71 188 -21 86 -26.90 -39.93 59 64 -123 -14.09 -51.09 58 -176 24
64.10 -2.71 159 -32 93 -26.88 -39.91 12 -25 -98 -14.19 -51.07 81 -237 -25
64.10 -2.71 159 -32 93 -26.88 -39.91 12 -25 -98 -14.19 -51.07 81 -237 -25
64.09 -2.70 175 -36 107 -26.81 -40.09 28 -304 125 -14.67 -51.10 284 -808 146
64.10 -2.69 183 -21 82 -26.82 -40.02 -361 -648 490 -14.94 -51.55 179 -1040 201
64.10 -2.69 187 -22 89 -26.77 -39.63 -252 -1009 751 -15.39 -52.38 256 -1044 213
64.08 -2.68 253 -83 152 -26.81 -39.17 -322 -956 560 -15.85 -53.72 391 -672 -50
64.08 -2.68 253 -83 152 -26.81 -39.17 -322 -956 560 -15.85 -53.72 391 -672 -50
64.05 -2.48 586 -135 200 -26.67 -38.47 148 -264 17 -16.59 -57.86 -152 590 107
64.04 -2.23 709 -133 188 -26.58 -38.25 233 151 -266 -16.51 -59.75 -84 1171 149
64.04 -1.85 825 -85 156 -26.51 -37.92 249 403 -419 -16.36 -61.31 -250 1235 370
64.09 -1.31 1193 -234 325 -26.47 -37.51 262 501 -430 -16.09 -62.54 -281 1414 402
64.00 -0.59 1159 -275 287 -26.48 -37.02 192 600 -467 -15.74 -63.60 -139 1916 299
63.79 0.23 740 -205 97 -26.48 -36.54 231 829 -583 -15.42 -64.69 287 2773 42
63.62 0.99 250 -125 -87 -26.48 -36.11 490 1325 -826 -15.22 -66.20 1052 4537 -719
63.41 1.59 -152 -55 -197 -26.46 -35.90 1233 2070 -1066 -15.31 -68.45 737 3602 -152
63.23 2.07 -391 45 -266 -26.59 -35.96 1639 2801 -1340 -15.11 -69.53 -929 105 1522
63.12 2.41 -502 8 -187 -26.72 -36.38 2072 1942 -1606 -14.74 -70.00 -708 -1005 224
