56.54 -6.09 -1241 1482 -1312 -26.53 -40.71 29 246 -15 -14.83 -52.43 19 90 100
55.93 -7.30 -1013 912 -795 -26.49 -40.81 -17 212 -24 -14.89 -52.60 -73 72 90
55.79 -8.58 542 -332 661 -26.43 -40.97 -77 205 -90 -14.92 -52.86 -16 15 120
55.88 -9.22 1873 -1376 1526 -26.29 -41.21 -19 176 -91 -14.93 -53.15 98 44 170
55.82 -9.16 1736 -1777 1326 -26.12 -41.46 30 262 -36 -14.99 -53.64 301 -3 118
55.63 -8.68 696 -1472 340 -25.94 -41.76 -28 248 1 -15.17 -54.38 212 174 271
55.68 -8.28 35 -1027 -498 -25.77 -42.02 -23 366 -11 -15.40 -54.80 31 358 393
55.97 -7.95 -82 -834 -720 -25.82 -41.80 -133 369 231 -15.51 -55.11 -93 288 334
56.52 -7.39 -88 -743 -678 -26.05 -41.05 -37 217 258 -15.51 -55.49 -71 218 278
57.06 -6.81 -217 -840 -364 -26.30 -40.43 4 227 39 -15.33 -56.06 83 83 242
57.57 -6.23 -101 -857 87 -26.50 -39.84 -70 152 -57 -15.10 -56.72 393 -128 523
57.57 -6.23 -101 -857 87 -26.50 -39.84 -70 152 -57 -15.10 -56.72 393 -128 523
58.45 -5.14 227 -511 265 -26.91 -38.06 160 331 450 -14.47 -56.82 590 -436 1403
58.99 -4.52 661 -300 276 -27.36 -36.56 265 803 234 -14.21 -55.78 85 -17 1151
59.59 -3.73 790 -54 122 -27.94 -34.78 32 1192 -628 -13.88 -54.19 -231 702 443
60.27 -2.91 745 75 69 -28.27 -33.14 183 1642 -1625 -13.24 -52.84 -248 1217 -472
60.90 -2.15 529 205 42 -27.88 -32.63 2063 2609 -3107 -12.71 -52.03 -287 1154 -1226
61.31 -1.52 113 323 30 -27.31 -33.77 1214 873 -1466 -12.47 -51.86 -594 -949 -726
61.54 -1.09 -320 468 -102 -26.94 -34.24 -224 -1669 611 -12.59 -51.49 -956 -2451 -321
61.62 -0.84 -769 581 -197 -26.65 -34.70 -267 -1909 22 -12.92 -50.87 -1101 -1994 -715
