62.34 -1.90 -114 204 98 -26.53 -40.51 72 117 -137 -15.40 -52.37 1 31 -31
62.34 -1.90 -114 204 98 -26.53 -40.51 72 117 -137 -15.40 -52.37 1 31 -31
60.52 -3.05 616 53 249 -27.94 -33.69 -245 -1634 -193 -15.40 -52.40 28 26 4
59.52 -3.53 364 356 -163 -27.57 -34.27 166 -1824 -426 -15.43 -52.41 44 36 14
58.53 -4.12 -217 782 -709 -27.28 -34.92 205 -1375 -392 -15.48 -52.43 51 31 40
57.63 -4.88 -859 1142 -1136 -27.14 -35.36 194 -1024 -251 -15.55 -52.46 92 24 81
56.81 -5.95 -1453 1315 -1594 -27.23 -35.52 280 -912 -178 -15.64 -52.54 193 43 113
56.15 -7.41 -1446 763 -1264 -27.56 -35.67 608 -1119 -114 -15.83 -52.69 170 8 158
56.09 -8.95 1290 -803 823 -27.96 -35.96 425 -1201 -55 -16.14 -52.90 107 97 199
56.28 -9.31 2742 -1664 1713 -28.46 -35.26 -644 -1482 247 -16.42 -53.08 94 175 228
56.17 -8.96 2311 -1645 1298 -28.51 -35.44 319 -355 -777 -16.67 -53.39 127 193 124
55.91 -8.36 1116 -1055 227 -28.90 -34.85 -1143 -952 210 -16.90 -54.13 -8 310 446
55.93 -8.00 406 -720 -386 -29.21 -33.74 -181 -258 -374 -16.94 -54.63 -110 423 558
56.22 -7.62 118 -571 -536 -29.37 -33.24 459 399 -922 -16.87 -55.09 -20 293 502
56.22 -7.62 118 -571 -536 -29.37 -33.24 459 399 -922 -16.87 -55.09 -20 293 502
57.18 -6.10 230 -954 79 -29.18 -34.38 1166 1228 -1145 -15.23 -49.89 547 1341 -365
57.51 -5.31 278 -847 371 -28.94 -35.68 1225 1472 -1003 -14.86 -50.89 888 1288 -138
57.86 -4.46 -81 -565 191 -28.67 -37.23 1134 1590 -682 -14.84 -51.67 837 968 224
58.14 -3.74 -110 -315 144 -28.62 -38.12 -1161 273 1485 -15.09 -52.13 124 176 685
58.50 -3.07 -9 -142 1 -28.72 -37.84 -196 411 731 -15.17 -52.51 -379 -594 1183
