62.83 0.20 192 -43 117 -25.94 -43.95 19 227 49 -17.02 -53.89 28 74 125
62.79 0.22 168 -43 90 -25.90 -44.23 -11 187 102 -17.07 -54.09 120 74 122
62.76 0.24 136 -14 58 -25.86 -44.54 22 184 113 -17.17 -54.31 195 57 160
62.74 0.26 135 24 48 -25.85 -44.86 66 235 98 -17.35 -54.54 172 99 178
62.74 0.28 168 70 72 -25.83 -45.22 9 267 78 -17.57 -54.78 82 94 186
62.72 0.30 164 96 109 -25.77 -45.62 -16 286 58 -17.77 -55.03 25 140 245
62.70 0.31 148 119 122 -25.64 -45.69 212 300 285 -17.86 -55.32 -4 189 263
62.67 0.32 104 135 107 -25.89 -45.12 -110 325 -3 -17.90 -55.66 -49 150 247
62.67 0.33 129 110 112 -26.19 -44.53 -543 90 -25 -17.70 -56.17 92 -49 302
62.66 0.32 175 53 155 -26.37 -43.57 -647 -263 360 -17.28 -56.88 198 -65 413
62.60 0.29 171 -9 214 -26.56 -42.08 -541 -463 484 -16.90 -57.34 287 -431 687
62.50 0.26 99 20 169 -26.86 -40.28 -499 -165 -171 -16.49 -57.34 102 -1132 1168
62.38 0.17 -10 -2 180 -27.05 -38.31 120 283 -722 -15.89 -56.50 -145 -1455 1223
62.18 -0.06 -123 -93 255 -27.31 -36.05 474 646 -1210 -15.20 -54.70 -316 -326 359
61.85 -0.37 -140 -81 261 -27.54 -33.90 899 1200 -2071 -14.54 -52.89 -624 707 -557
61.56 -0.73 -77 -101 293 -27.41 -33.29 2340 2223 -3285 -13.78 -51.53 -412 1827 -1372
61.24 -1.05 -11 -9 197 -26.87 -35.42 2162 2186 -3236 -13.03 -50.94 -340 1564 -1893
60.87 -1.39 163 162 33 -26.36 -37.11 -1929 -1489 1387 -12.67 -51.04 -819 -1926 -167
60.50 -1.81 268 235 -67 -25.83 -37.49 -865 -1666 676 -12.51 -50.31 -711 -2493 13
59.95 -2.42 325 259 -111 -25.30 -38.00 -343 -1678 359 -12.59 -49.35 -611 -1544 -475
