62.73 -0.24 111 -2 102 -26.74 -41.86 63 114 -85 -15.28 -52.04 -14 14 -3
62.76 -0.26 176 -19 102 -26.80 -41.93 73 67 40 -15.31 -51.90 30 -4 8
62.75 -0.29 215 -34 117 -26.86 -42.01 -111 -24 238 -15.34 -51.78 28 -126 132
62.73 -0.29 199 -33 107 -26.87 -42.07 151 -16 311 -15.36 -51.34 -132 -449 494
62.70 -0.29 152 -20 83 -27.04 -41.96 -156 33 220 -15.16 -50.72 -82 -344 303
62.69 -0.29 114 -4 73 -27.16 -41.80 -29 84 46 -15.05 -49.95 -140 -311 287
62.68 -0.31 101 -11 83 -27.27 -41.76 14 66 58 -14.89 -48.76 -219 -473 265
62.68 -0.33 150 -24 99 -27.42 -41.72 -117 -137 194 -14.80 -47.22 -339 -549 91
62.67 -0.35 209 -15 99 -27.56 -41.71 -326 -425 390 -14.82 -45.50 -356 -414 -271
62.62 -0.38 260 -32 128 -27.71 -41.78 -472 -512 292 -14.92 -43.85 -99 -192 -531
62.54 -0.42 271 -31 120 -27.76 -42.04 -342 -242 69 -14.96 -42.32 113 -108 -520
62.40 -0.49 158 -1 105 -27.70 -42.41 -66 14 -35 -14.92 -40.84 207 -123 -475
62.25 -0.56 197 25 86 -27.63 -42.68 107 75 -19 -14.89 -39.45 205 -3 -516
62.12 -0.67 188 -42 124 -27.61 -42.84 162 157 -50 -14.85 -38.09 271 335 -697
61.95 -0.79 181 -139 167 -27.68 -42.87 119 427 -211 -14.91 -36.72 300 845 -1038
61.75 -0.86 286 -222 260 -27.81 -42.75 164 848 -389 -14.94 -35.44 630 1653 -1833
61.57 -0.81 372 -219 300 -27.90 -42.45 359 1376 -552 -15.30 -34.95 1242 2981 -3776
61.36 -0.67 354 -107 185 -27.94 -42.12 948 1661 -528 -16.69 -36.63 1972 4246 -5770
61.01 -0.60 238 -37 63 -28.17 -41.91 1293 1854 -633 -16.87 -39.94 -1588 33 -421
60.72 -0.60 142 50 -51 -28.41 -41.85 1896 1529 -1150 -16.30 -39.83 -884 -1238 -432
