60.72 -1.70 -335 -53 51 -26.52 -43.19 77 110 -120 -14.93 -50.16 10 2 -12
60.08 -2.16 -756 243 -237 -26.54 -43.21 80 110 -125 -14.94 -50.14 27 6 1
59.36 -2.92 -1091 854 -587 -26.56 -43.23 85 114 -131 -14.94 -50.13 12 -6 5
58.73 -4.00 -705 1193 -665 -26.58 -43.23 71 101 -118 -14.94 -50.10 22 4 4
58.03 -5.37 -212 1018 -687 -26.59 -43.23 63 108 -105 -14.96 -50.08 37 32 5
57.57 -6.56 762 344 186 -26.61 -43.24 71 127 -95 -14.98 -50.05 46 40 15
57.84 -7.18 2687 -1133 1482 -26.63 -43.25 62 140 -91 -15.00 -50.03 43 8 30
57.47 -6.81 1996 -1103 945 -26.64 -43.27 63 124 -68 -15.02 -49.98 34 -80 103
56.99 -6.26 760 -617 8 -26.68 -43.28 57 97 -19 -15.04 -49.80 -136 -274 417
56.83 -5.82 -166 -202 -597 -26.73 -43.30 51 116 35 -14.86 -49.30 -141 -395 379
56.98 -5.62 -281 -94 -486 -26.83 -43.29 -76 -59 216 -14.73 -48.66 -172 -451 380
57.37 -5.36 158 -223 67 -26.87 -43.34 -97 -199 412 -14.55 -47.60 -168 -628 557
57.86 -4.80 521 -365 487 -27.13 -42.94 -467 -521 732 -14.42 -45.87 -264 -717 504
58.38 -4.03 565 -391 470 -27.49 -42.17 -487 -476 629 -14.32 -43.63 -311 -386 154
58.70 -3.31 -211 -142 117 -27.88 -41.29 -527 -137 212 -14.20 -40.93 -124 474 -639
59.13 -2.82 -627 205 -203 -28.29 -40.28 -519 460 -220 -14.18 -37.87 244 1523 -1792
59.60 -2.55 -650 358 -238 -28.57 -39.20 -66 1126 -574 -14.40 -35.40 1207 3193 -4136
60.06 -2.41 -296 340 -69 -28.62 -38.34 774 1645 -789 -15.42 -35.59 2315 4316 -5938
60.47 -2.29 96 234 92 -28.68 -38.00 1540 1915 -861 -16.54 -38.29 117 981 -1758
60.80 -2.12 233 152 139 -28.81 -38.03 2135 1171 -1228 -15.69 -38.94 -338 -1322 -738
