59.39 -2.36 -124 70 -64 -26.37 -42.94 113 34 181 -15.11 -49.30 -72 -75 104
58.78 -2.78 -671 291 -217 -26.43 -43.34 127 96 139 -15.26 -48.86 -139 -174 246
58.09 -3.45 -1060 812 -499 -26.54 -43.68 45 217 37 -15.19 -48.27 -95 -13 120
57.49 -4.45 -1029 1058 -671 -26.65 -43.93 -21 297 21 -15.10 -47.56 5 123 -2
56.90 -5.74 -887 1064 -963 -26.75 -44.09 -115 130 188 -14.98 -46.74 -37 -103 87
56.74 -7.00 450 325 131 -26.84 -44.25 110 27 223 -14.87 -45.71 -121 -387 95
57.13 -7.75 2281 -1137 1480 -26.89 -44.69 -122 -332 422 -14.87 -44.59 -124 -380 -113
56.95 -7.50 1827 -1072 977 -27.01 -45.09 -431 -662 540 -15.03 -43.46 -128 -367 -252
56.64 -6.97 755 -558 72 -27.08 -45.72 -516 -626 327 -15.18 -42.34 -102 -433 -185
56.69 -6.54 -4 -164 -444 -27.02 -46.39 -361 -416 154 -15.18 -41.22 59 -411 -182
56.98 -6.33 26 -75 -249 -26.94 -47.01 -96 -202 73 -15.08 -40.07 98 -421 -102
57.50 -6.05 497 -277 293 -26.95 -47.40 70 -76 21 -14.83 -38.87 158 -441 -45
58.04 -5.43 571 -291 483 -27.05 -47.61 179 139 -103 -14.65 -37.66 169 -234 -187
58.62 -4.71 351 -319 356 -27.26 -47.62 214 426 -208 -14.57 -36.47 205 260 -553
58.96 -4.11 -314 -59 3 -27.53 -47.40 191 784 -251 -14.56 -35.26 323 1066 -1149
59.40 -3.74 -425 161 -149 -27.93 -46.81 164 1246 -297 -14.67 -34.14 634 2177 -2274
59.86 -3.51 -331 212 -76 -28.31 -46.00 503 1912 -495 -15.17 -33.81 1463 3574 -4328
60.27 -3.33 -135 210 37 -28.56 -45.30 1292 2459 -594 -16.75 -35.77 1856 4125 -5250
60.61 -3.16 86 91 196 -28.83 -44.97 1801 2702 -983 -16.46 -38.21 -2138 -948 271
60.92 -2.94 246 -19 305 -28.55 -45.72 1633 750 -1086 -16.19 -37.78 -1250 -1218 -447
