62.05 -2.70 -218 87 -61 -27.24 -42.93 -3 75 -111 -16.14 -49.94 1 15 -13
62.05 -2.70 -218 87 -61 -27.24 -42.93 -3 75 -111 -16.14 -49.94 1 15 -13
61.63 -3.24 -261 446 -276 -27.26 -42.86 96 112 -112 -16.19 -49.92 92 -23 28
61.32 -3.78 -747 636 -553 -27.29 -42.82 95 88 -70 -16.22 -49.91 145 -63 51
60.83 -4.74 -1594 788 -939 -27.34 -42.75 57 43 -45 -16.30 -49.92 116 -145 114
60.45 -6.00 -989 687 -402 -27.43 -42.62 -69 -41 7 -16.37 -49.90 129 -351 299
61.13 -6.85 2455 -615 1284 -27.52 -42.34 -295 -235 210 -16.40 -49.85 173 -423 288
61.06 -6.72 2232 -823 1197 -27.68 -41.75 -238 -280 258 -16.71 -49.72 221 -478 371
60.76 -6.25 953 -463 350 -27.81 -41.20 -94 -203 167 -17.03 -49.54 240 -588 416
60.70 -5.93 236 -149 -220 -27.98 -40.56 -165 -337 278 -17.34 -49.36 -1 -658 434
60.73 -5.86 398 -179 -199 -28.21 -39.70 -132 -478 470 -17.63 -49.06 -42 -644 388
60.64 -5.70 602 -183 -76 -28.55 -38.54 -153 -419 436 -17.84 -48.65 22 -316 210
60.72 -5.24 883 -208 135 -29.01 -37.07 -195 19 -357 -17.98 -48.23 -33 208 -85
60.97 -4.49 1214 -382 483 -29.30 -35.76 166 602 -1160 -18.00 -47.84 -140 617 -348
61.10 -3.68 648 -523 434 -29.35 -34.83 1109 1087 -1534 -17.83 -47.50 -179 958 -562
61.03 -2.98 -478 -175 -11 -29.40 -34.76 2371 2427 -2858 -17.43 -47.25 -187 1521 -725
61.11 -2.57 -874 17 -160 -29.17 -37.00 3760 4177 -4467 -16.80 -47.13 -61 2397 -1034
61.16 -2.43 -1012 237 -317 -28.57 -40.84 805 1845 -1165 -15.77 -47.37 70 2929 -1458
61.25 -2.52 -809 316 -308 -28.31 -41.50 -636 -1264 961 -15.27 -48.21 -602 -30 -530
61.43 -2.73 -447 296 -178 -28.09 -41.87 -287 -1351 378 -15.01 -48.60 -963 -2817 1174
