68.39 -5.85 142 -27 88 -24.24 -41.52 92 81 -91 -10.71 -49.74 -5 44 -7
68.36 -5.88 261 -30 84 -24.33 -41.44 82 18 -114 -10.71 -49.76 47 40 25
68.33 -5.87 254 -27 53 -24.36 -41.39 66 -11 -60 -10.72 -49.78 21 14 7
68.31 -5.85 193 -34 52 -24.41 -41.28 1 -151 91 -10.72 -49.79 1 -8 -5
68.29 -5.85 156 -37 76 -24.51 -41.04 -194 -413 319 -10.72 -49.80 -11 -9 -11
68.29 -5.84 135 -35 82 -24.59 -40.53 -256 -482 329 -10.71 -49.79 -22 2 -21
68.29 -5.84 147 -46 94 -24.65 -39.91 -162 -328 149 -10.70 -49.79 -14 9 -14
68.26 -5.86 230 -88 132 -24.78 -39.22 -54 -91 -123 -10.69 -49.77 23 17 -5
68.21 -5.85 319 -97 142 -24.92 -38.56 71 22 -240 -10.69 -49.76 43 -11 39
68.14 -5.78 315 -83 108 -25.08 -37.93 85 24 -271 -10.70 -49.74 29 -43 32
68.14 -5.78 315 -83 108 -25.08 -37.93 85 24 -271 -10.70 -49.74 29 -43 32
68.02 -5.67 250 -57 74 -25.34 -36.94 242 216 -407 -10.74 -49.62 -6 -113 15
67.97 -5.62 215 -61 65 -25.41 -36.56 186 232 -343 -10.76 -49.53 28 -189 84
67.95 -5.56 300 -45 69 -25.47 -36.14 182 209 -271 -10.71 -49.36 35 -413 269
67.97 -5.47 458 -46 65 -25.56 -35.78 420 509 -571 -10.75 -49.01 -33 -541 304
67.99 -5.33 464 -110 126 -25.66 -35.79 1169 1497 -1454 -10.74 -48.59 -104 -617 342
67.98 -5.16 332 -133 130 -25.56 -37.34 3127 3926 -3963 -10.69 -48.03 -118 -462 236
67.98 -5.16 332 -133 130 -25.56 -37.34 3127 3926 -3963 -10.69 -48.03 -118 -462 236
67.96 -4.85 33 -121 127 -25.30 -42.67 -1136 -1300 1405 -10.80 -46.83 -15 12 -188
67.94 -4.75 88 -87 103 -25.42 -42.87 -854 -1423 813 -10.88 -46.37 -4 43 -213
