64.68 -1.00 153 -20 90 -25.76 -43.41 78 118 -104 -12.53 -52.65 9 16 -28
64.68 -1.01 168 -36 104 -25.76 -43.41 75 118 -117 -12.53 -52.64 16 -17 -14
64.68 -1.00 195 -32 100 -25.75 -43.41 88 116 -125 -12.52 -52.61 14 -82 35
64.67 -0.98 246 -35 111 -25.75 -43.42 87 110 -115 -12.49 -52.55 -9 -286 122
64.66 -0.92 349 -43 138 -25.75 -43.41 84 85 -106 -12.51 -52.30 -186 -699 415
64.66 -0.82 416 -79 176 -25.74 -43.41 83 31 -98 -12.42 -51.92 -97 -475 120
64.66 -0.66 395 -93 202 -25.75 -43.43 99 -104 -18 -12.41 -51.66 30 -190 -47
64.70 -0.48 323 -97 126 -25.81 -43.36 -112 -314 111 -12.45 -51.37 9 -61 -22
64.70 -0.48 323 -97 126 -25.81 -43.36 -112 -314 111 -12.45 -51.37 9 -61 -22
64.70 -0.48 323 -97 126 -25.81 -43.36 -112 -314 111 -12.45 -51.37 9 -61 -22
64.72 -0.11 136 1 45 -25.82 -42.70 51 126 -127 -12.23 -50.31 -9 -197 65
64.72 -0.11 136 1 45 -25.82 -42.70 51 126 -127 -12.23 -50.31 -9 -197 65
64.75 0.11 240 -39 108 -25.82 -42.28 82 27 -13 -12.02 -49.32 -70 -215 26
64.76 0.24 166 -62 102 -25.90 -41.87 -117 -167 103 -11.92 -48.73 -74 261 -291
64.73 0.34 -74 -59 65 -25.97 -41.31 -66 -146 28 -11.89 -48.33 169 1241 -1064
64.71 0.35 -241 23 3 -26.04 -40.70 -57 30 -161 -12.25 -48.64 493 2711 -2194
64.68 0.20 -457 127 -74 -26.10 -40.06 -42 267 -357 -13.14 -50.18 1207 4096 -3317
64.59 -0.20 -753 311 -249 -26.11 -39.44 84 592 -540 -13.96 -53.03 862 2146 -1600
64.47 -0.91 -858 480 -459 -26.10 -38.95 507 1077 -717 -13.73 -54.45 -1318 -1054 1092
64.65 -1.59 613 382 91 -26.11 -38.72 1038 1683 -896 -12.93 -55.33 -797 -876 417
