61.82 -1.44 -4 19 9 -27.83 -41.26 57 147 -117 -15.69 -50.04 33 35 -4
61.77 -1.36 -270 73 -44 -27.84 -41.27 75 129 -107 -15.73 -50.04 67 -3 10
61.70 -1.42 -604 222 -150 -27.86 -41.27 86 108 -100 -15.79 -50.04 53 -21 3
61.63 -1.75 -926 404 -286 -27.92 -41.24 -36 -4 -33 -15.86 -50.03 4 -86 46
61.53 -2.42 -1377 682 -571 -27.97 -41.20 69 13 -44 -15.94 -49.99 -13 -165 100
61.53 -2.42 -1377 682 -571 -27.97 -41.20 69 13 -44 -15.94 -49.99 -13 -165 100
61.08 -4.99 -1115 811 -463 -28.09 -40.83 -234 -512 450 -15.90 -49.76 -104 -591 276
61.91 -6.03 2544 -752 1471 -28.28 -40.25 -344 -614 464 -15.99 -49.52 -83 -632 274
61.76 -5.98 2123 -940 1288 -28.46 -39.63 -80 -447 283 -16.03 -49.16 -130 -599 283
61.29 -5.60 834 -639 448 -28.63 -39.01 40 -260 61 -15.97 -48.69 -75 -455 182
61.27 -5.32 401 -334 -53 -28.81 -38.29 -39 -281 118 -15.92 -48.15 -8 -258 27
61.39 -5.18 706 -353 42 -29.06 -37.28 -187 -358 150 -15.88 -47.58 82 -172 -66
61.34 -4.88 940 -388 203 -29.30 -36.11 -108 -204 -107 -15.86 -47.03 95 -75 -97
61.41 -4.30 950 -437 314 -29.48 -35.01 187 225 -582 -15.82 -46.49 70 193 -170
61.53 -3.50 947 -601 478 -29.59 -34.15 591 808 -1070 -15.64 -46.03 110 576 -284
61.40 -2.78 -448 -198 -28 -29.72 -33.65 1463 1693 -1782 -15.35 -45.63 50 1158 -498
61.40 -2.38 -808 67 -211 -29.84 -34.27 3209 3560 -3629 -14.79 -45.40 336 1994 -873
61.53 -2.22 -887 272 -287 -29.46 -37.92 4613 5291 -5699 -14.10 -45.48 617 2610 -1133
61.61 -2.26 -678 342 -276 -28.74 -41.81 -1335 786 163 -13.44 -45.82 189 2644 -1724
61.64 -2.42 -351 327 -192 -28.61 -42.26 -796 -729 -76 -13.65 -46.92 -633 -1241 386
