62.27 -2.78 151 -19 98 -28.00 -40.74 54 53 -55 -15.18 -49.58 51 -176 117
62.26 -2.77 168 -6 100 -28.06 -40.69 -87 -131 67 -15.22 -49.41 126 -253 84
62.26 -2.77 174 -17 112 -28.15 -40.56 -298 -392 248 -15.40 -49.25 62 -504 175
62.24 -2.77 174 -20 97 -28.23 -40.18 -141 -382 193 -15.62 -49.11 -9 -583 233
62.23 -2.77 154 -18 91 -28.37 -39.77 -97 -154 -8 -15.85 -48.90 -9 -402 203
62.22 -2.76 131 -23 82 -28.49 -39.33 -17 -5 -105 -16.00 -48.74 -17 -171 89
62.21 -2.78 169 -34 106 -28.61 -38.86 -9 34 -169 -16.07 -48.63 26 -44 21
62.18 -2.78 208 -47 126 -28.68 -38.32 -47 -95 -51 -16.12 -48.50 -20 -77 13
62.15 -2.75 204 -22 98 -28.80 -37.61 -127 -260 39 -16.21 -48.27 -38 -142 -1
62.15 -2.75 204 -22 98 -28.80 -37.61 -127 -260 39 -16.21 -48.27 -38 -142 -1
62.15 -2.71 187 -25 85 -29.09 -35.97 43 -109 -207 -16.44 -47.73 34 -106 -16
62.14 -2.69 305 -80 130 -29.23 -35.14 43 -57 -207 -16.54 -47.42 80 -2 -66
62.14 -2.63 421 -155 196 -29.37 -34.26 98 74 -317 -16.68 -47.12 131 159 -112
62.11 -2.49 422 -175 224 -29.48 -33.44 346 362 -588 -16.83 -46.84 165 348 -174
62.08 -2.29 301 -137 169 -29.58 -32.76 763 852 -997 -16.93 -46.57 73 688 -269
62.03 -2.11 153 -46 54 -29.71 -32.40 1433 1708 -1542 -16.85 -46.32 191 1259 -379
61.97 -1.99 116 -21 32 -29.78 -33.18 3161 3423 -3258 -16.53 -46.19 439 2047 -686
61.92 -1.89 177 -20 61 -29.38 -36.78 4570 4906 -5098 -15.90 -46.40 586 2542 -840
61.92 -1.76 272 -71 129 -28.77 -40.98 -640 887 50 -15.06 -46.84 341 2814 -1294
61.89 -1.59 277 -106 143 -28.56 -41.60 -503 -1084 372 -15.12 -47.87 -600 -643 -171
