65.02 -1.06 195 -36 97 -25.29 -43.69 78 92 -113 -12.72 -51.77 18 -175 71
65.01 -1.04 274 -45 119 -25.29 -43.67 89 83 -109 -12.73 -51.64 -12 -289 146
65.00 -0.97 312 -59 122 -25.31 -43.68 113 51 -112 -12.67 -51.38 -40 -394 123
64.98 -0.88 330 -43 104 -25.36 -43.65 -11 -117 44 -12.68 -51.14 -4 -267 19
65.00 -0.75 314 -68 139 -25.42 -43.47 -86 -252 139 -12.69 -50.89 -62 -214 38
65.01 -0.61 222 -52 97 -25.47 -43.18 -84 -225 92 -12.63 -50.57 -35 -224 113
65.02 -0.49 186 -77 117 -25.51 -42.89 46 -45 -127 -12.53 -50.14 -45 -255 106
65.02 -0.37 179 -34 76 -25.55 -42.65 25 35 -153 -12.44 -49.66 -71 -305 114
65.02 -0.26 260 -53 98 -25.57 -42.38 72 -7 -57 -12.37 -49.11 -36 -322 97
65.02 -0.13 258 -61 107 -25.62 -42.05 -6 -65 -62 -12.28 -48.51 -14 -242 -27
65.01 0.03 201 -61 95 -25.69 -41.68 -1 -69 -74 -12.24 -47.96 5 53 -287
65.00 0.18 162 -68 101 -25.75 -41.27 -35 -80 -61 -12.22 -47.58 -6 313 -425
64.99 0.30 78 -78 98 -25.80 -40.77 -68 -91 -58 -12.18 -47.33 7 589 -496
64.96 0.40 -88 -57 53 -25.87 -40.21 -67 30 -190 -12.16 -47.23 132 1047 -712
64.94 0.42 -257 14 -20 -25.90 -39.68 14 289 -408 -12.35 -47.32 480 2351 -1778
64.93 0.31 -368 156 -108 -25.88 -39.25 103 537 -512 -13.19 -48.46 1268 4322 -3499
64.90 0.00 -527 300 -209 -25.81 -38.91 366 822 -491 -14.28 -51.39 743 2658 -1291
64.81 -0.62 -750 368 -369 -25.81 -38.71 606 1284 -679 -14.02 -52.73 -1641 -1402 2142
64.57 -1.48 -691 615 -500 -25.86 -38.73 1001 1790 -809 -13.19 -52.91 -882 -1175 982
64.93 -2.18 1570 -98 683 -25.84 -39.19 1749 1361 -1122 -12.93 -53.35 -232 -902 472
