65.23 -0.83 200 -100 123 -25.39 -43.68 53 -3 -99 -13.02 -53.22 -44 -255 143
65.23 -0.70 229 -52 112 -25.35 -43.79 -97 -56 -29 -13.06 -53.46 5 -199 65
65.27 -0.53 370 -67 171 -25.30 -43.72 -94 -182 89 -13.14 -53.84 67 5 -39
65.27 -0.29 362 -85 154 -25.24 -43.60 -43 -191 86 -13.23 -54.38 96 92 -34
65.27 -0.29 362 -85 154 -25.24 -43.60 -43 -191 86 -13.23 -54.38 96 92 -34
65.27 0.19 184 -60 49 -25.11 -43.56 117 143 -197 -13.27 -55.84 -17 -163 127
65.28 0.41 322 -63 77 -25.05 -43.52 46 -5 -71 -13.28 -56.64 5 -139 115
65.25 0.64 432 -109 133 -24.97 -43.37 -119 -286 150 -13.34 -57.48 4 47 111
65.18 0.93 379 -132 128 -24.88 -43.09 -85 -329 175 -13.39 -58.29 16 281 75
65.11 1.23 192 -132 84 -24.80 -42.85 58 -20 -123 -13.40 -59.18 -17 265 158
65.06 1.52 -63 -36 -18 -24.72 -42.72 152 163 -193 -13.33 -60.03 12 175 163
65.08 1.74 -14 -54 37 -24.69 -42.62 103 206 -216 -13.27 -60.91 -14 60 198
65.11 1.97 208 -68 115 -24.62 -42.47 116 65 -50 -13.18 -61.75 -54 197 157
65.10 2.26 292 -39 84 -24.60 -42.24 73 -65 40 -13.00 -62.60 -193 749 67
65.08 2.59 173 -37 9 -24.58 -41.99 126 20 -34 -12.69 -63.48 1 1971 -238
65.04 2.82 -46 -63 -9 -24.54 -41.73 109 326 -228 -12.43 -64.85 617 4001 -845
64.95 2.90 -561 141 -200 -24.49 -41.36 92 934 -455 -12.44 -67.20 522 3734 161
64.92 2.68 -1183 495 -487 -24.39 -41.12 663 1816 -601 -11.84 -69.10 -1296 -116 1683
64.86 1.90 -1897 771 -802 -24.43 -40.92 1204 2947 -1141 -10.93 -69.75 -83 -675 677
65.06 0.70 -1129 876 -444 -24.33 -41.49 2213 2796 -1782 -10.76 -70.31 -396 -962 -37
