65.97 -1.35 177 -9 84 -24.50 -43.91 68 107 -115 -12.32 -52.59 -1 -40 21
65.96 -1.35 190 -32 106 -24.50 -43.91 66 88 -114 -12.34 -52.56 -7 -135 36
65.96 -1.33 219 -51 115 -24.49 -43.91 75 71 -123 -12.38 -52.52 20 -239 80
65.94 -1.30 296 -62 118 -24.48 -43.95 137 19 -155 -12.43 -52.46 68 -190 -4
65.94 -1.23 407 -104 146 -24.48 -44.02 81 -13 -132 -12.52 -52.62 139 -146 -90
65.92 -1.10 351 -71 83 -24.48 -44.12 85 28 -134 -12.69 -52.95 -6 -601 178
65.92 -0.96 335 -53 77 -24.45 -44.23 -42 -100 -81 -12.83 -53.28 46 -1328 444
65.94 -0.80 436 -115 168 -24.41 -44.25 -220 -418 26 -13.13 -53.63 -118 -1517 354
66.00 -0.52 872 -171 289 -24.32 -44.05 -541 -1231 671 -13.68 -54.06 -153 -1168 140
66.02 -0.00 1276 -291 422 -24.33 -43.18 -635 -1850 1147 -14.05 -54.79 66 -552 -8
65.97 0.73 1172 -377 397 -24.48 -42.03 -354 -1340 434 -14.32 -55.80 125 249 -196
65.88 1.61 684 -375 203 -24.52 -41.27 -105 -578 -66 -14.31 -57.21 -47 882 -211
65.79 2.41 180 -326 69 -24.41 -40.73 285 76 -421 -14.11 -58.68 -156 1359 -269
65.63 3.11 -49 -221 -62 -24.31 -40.30 294 395 -532 -13.75 -60.36 -344 2031 -425
65.43 3.64 -227 -121 -136 -24.21 -39.88 297 581 -525 -13.08 -62.37 -384 2737 -381
65.26 4.05 -352 -1 -188 -24.09 -39.50 253 621 -362 -12.07 -64.67 224 3530 -100
65.14 4.34 -534 51 -163 -24.00 -38.81 -92 791 -245 -11.20 -67.12 888 5247 -422
64.99 4.44 -1145 257 -302 -23.80 -37.75 -94 1495 -425 -10.69 -70.34 1438 5354 84
64.92 4.10 -1945 560 -605 -23.58 -36.40 564 2598 -1104 -10.18 -72.46 -1783 259 1613
64.98 3.17 -2556 807 -960 -23.46 -35.21 1589 3426 -2039 -9.05 -73.23 -633 -593 224
