67.77 -0.99 100 -19 91 -22.53 -44.12 64 148 -51 -12.65 -51.88 -26 -25 -42
67.77 -0.99 100 -19 91 -22.53 -44.12 64 148 -51 -12.65 -51.88 -26 -25 -42
67.80 -1.03 139 6 58 -22.52 -44.11 108 88 -54 -12.50 -51.93 5 28 10
67.81 -1.06 179 9 67 -22.53 -44.10 88 63 -77 -12.43 -51.97 -18 6 57
67.82 -1.08 170 -17 65 -22.54 -44.06 89 36 -83 -12.36 -52.05 85 3 16
67.82 -1.10 170 -34 64 -22.56 -44.01 -4 -20 -53 -12.35 -52.11 87 -4 -10
67.83 -1.13 192 -59 96 -22.58 -43.89 78 -58 -35 -12.36 -52.16 99 9 -50
67.83 -1.14 291 -55 93 -22.66 -43.80 114 -135 -29 -12.40 -52.18 35 -15 -33
67.83 -1.14 291 -55 93 -22.66 -43.80 114 -135 -29 -12.40 -52.18 35 -15 -33
67.81 -1.06 511 -31 96 -22.86 -43.33 -33 -710 309 -12.79 -55.90 -119 -746 46
67.75 -0.96 568 -77 134 -22.93 -42.92 -80 -671 77 -12.89 -57.52 -340 -1233 412
67.70 -0.76 684 -100 139 -22.96 -42.48 -119 -937 225 -12.87 -59.03 -314 -1319 340
67.68 -0.47 682 -202 230 -22.95 -41.97 -408 -1268 385 -12.93 -60.46 -340 -599 127
67.68 -0.08 676 -271 238 -22.82 -41.47 -357 -1058 200 -12.80 -61.69 -562 773 22
67.71 0.41 994 -388 327 -22.63 -41.03 -39 -95 -323 -12.28 -62.95 -55 2977 -387
67.63 1.16 951 -430 293 -22.53 -40.59 301 1227 -901 -11.68 -64.91 542 5464 -1001
67.57 2.06 684 -495 241 -22.41 -40.17 703 2425 -1253 -11.22 -67.68 1344 5699 -809
67.37 2.89 -135 -411 69 -22.31 -39.90 1547 3262 -1436 -10.80 -70.39 404 1297 2270
67.12 3.37 -1348 -9 -365 -22.39 -40.22 2109 3414 -1714 -10.19 -71.07 -65 -620 1275
67.03 3.24 -2152 455 -759 -22.17 -41.80 1577 687 -732 -10.03 -71.45 -45 -877 376
