69.01 -1.90 542 -76 177 -22.36 -44.79 95 202 -262 -12.11 -55.92 178 -6 103
68.96 -1.81 373 -43 55 -22.42 -44.49 78 159 -175 -12.16 -56.22 197 -53 189
68.90 -1.78 96 -17 -29 -22.47 -44.17 32 30 48 -12.26 -56.52 209 10 208
68.86 -1.81 -99 -25 -61 -22.58 -43.77 -86 -78 262 -12.32 -56.96 386 -76 315
68.83 -1.88 -78 -30 -35 -22.75 -43.22 -100 -22 271 -12.44 -57.46 85 100 318
68.80 -1.90 82 -30 21 -22.91 -42.69 -90 271 -111 -12.55 -57.87 -163 335 257
68.77 -1.85 283 54 87 -22.98 -42.39 78 593 -485 -12.47 -58.31 -183 255 288
68.70 -1.78 418 109 183 -22.93 -42.33 146 593 -384 -12.20 -58.87 85 -40 408
68.55 -1.76 315 136 166 -22.86 -42.23 3 279 60 -11.90 -59.37 379 -372 743
68.31 -1.83 141 66 167 -22.92 -41.76 69 121 474 -11.86 -59.38 557 -561 860
67.97 -1.93 -2 60 102 -23.20 -40.91 289 310 397 -11.99 -59.22 672 -1 453
67.61 -1.97 150 169 -40 -23.63 -40.07 400 610 25 -12.39 -59.14 319 510 78
67.24 -1.97 314 226 -97 -24.07 -39.34 203 414 -106 -12.74 -59.06 83 362 23
66.69 -2.15 263 103 51 -24.53 -38.35 52 82 -37 -12.88 -58.75 29 208 87
65.86 -2.56 209 -92 233 -25.08 -36.87 432 439 -568 -12.66 -58.07 -191 1003 -221
64.79 -3.05 152 -101 148 -25.60 -35.18 1367 1792 -2374 -12.04 -57.59 -217 2239 -1025
63.67 -3.45 146 58 -114 -25.71 -35.11 1076 1721 -2814 -11.48 -57.96 -658 503 -825
62.55 -3.82 225 160 -285 -25.56 -35.81 -1280 -1314 335 -11.15 -58.34 -1121 -1111 -594
61.34 -4.37 -85 277 -556 -25.36 -35.70 -746 -1848 232 -11.18 -58.49 -901 -1580 -110
59.93 -5.18 -624 589 -1017 -24.82 -36.11 -155 -1521 222 -10.94 -58.53 -334 -2065 319
