67.30 -0.70 164 -75 137 -23.28 -44.73 50 196 -43 -13.41 -54.44 4 -2 163
67.34 -0.71 275 -118 226 -23.30 -44.65 74 153 45 -13.35 -54.52 -3 39 171
67.29 -0.68 231 -90 175 -23.32 -44.53 188 238 82 -13.27 -54.69 14 156 197
67.23 -0.61 126 26 41 -23.40 -44.31 108 353 42 -13.17 -54.90 -31 208 286
67.22 -0.57 48 129 -46 -23.52 -44.13 -89 412 33 -13.04 -55.19 -65 170 428
67.26 -0.57 111 165 1 -23.62 -43.84 -196 445 70 -12.84 -55.60 -12 136 500
67.28 -0.58 276 122 126 -23.81 -43.34 -275 431 44 -12.63 -56.11 146 102 459
67.20 -0.60 265 82 203 -24.03 -42.70 -474 90 308 -12.52 -56.69 399 -124 373
67.05 -0.66 132 106 209 -24.33 -41.58 -661 -390 788 -12.47 -57.58 496 -568 703
66.85 -0.78 57 122 218 -24.76 -39.75 -524 -565 827 -12.66 -58.04 520 -666 681
66.57 -0.94 262 86 262 -25.28 -37.54 -448 -478 275 -13.04 -58.34 267 -319 479
66.11 -1.02 494 109 189 -25.71 -35.42 -270 -267 -311 -13.32 -58.43 -170 -376 443
65.46 -0.97 461 177 50 -25.97 -33.45 143 -317 -439 -13.47 -58.10 -425 -238 289
64.68 -0.97 293 60 108 -26.29 -31.54 328 -222 -521 -13.37 -57.37 -240 281 194
63.73 -1.10 31 -37 131 -26.68 -29.58 442 512 -1410 -12.88 -56.23 112 1069 -133
62.71 -1.39 -90 -12 62 -26.77 -27.98 2091 1754 -2800 -12.25 -55.24 526 1978 -880
61.67 -1.82 -3 -39 105 -26.35 -28.95 5053 3658 -4969 -11.73 -55.04 461 2627 -1417
60.78 -2.19 129 56 21 -25.70 -33.57 3560 1882 -2826 -11.28 -55.52 359 1931 -1678
59.93 -2.51 80 363 -322 -26.07 -35.21 607 -1811 964 -11.91 -56.42 -1375 -1740 -195
59.03 -2.90 -156 734 -851 -26.28 -35.61 -55 -1724 147 -12.15 -56.64 -1657 -2496 184
