64.96 0.65 290 -32 120 -24.72 -42.96 -93 228 57 -14.66 -52.10 148 236 -31
64.96 0.72 277 -45 114 -24.67 -42.95 35 222 79 -14.65 -52.62 41 108 195
64.95 0.81 196 10 63 -24.64 -43.04 45 264 26 -14.58 -53.11 102 147 178
64.96 0.89 151 66 53 -24.55 -43.14 105 300 103 -14.50 -53.77 -23 121 318
64.99 0.94 78 113 47 -24.45 -43.22 -24 392 36 -14.35 -54.47 -92 258 399
65.03 0.97 87 161 75 -24.35 -43.33 -170 493 -27 -14.12 -55.16 -129 325 483
65.10 1.01 153 171 86 -24.25 -43.44 -186 412 118 -13.87 -55.81 -107 239 459
65.14 1.04 214 167 87 -24.20 -43.37 -265 224 241 -13.61 -56.53 123 166 305
65.20 1.07 194 207 87 -24.25 -42.98 -364 -79 477 -13.46 -57.57 289 -194 594
65.23 1.04 108 209 148 -24.43 -42.19 -435 -57 543 -13.36 -58.39 257 -688 1170
65.27 0.99 14 272 148 -24.66 -41.12 -201 312 330 -13.18 -58.91 395 -715 1239
65.31 0.86 -4 270 148 -24.90 -39.96 -134 462 97 -13.26 -59.05 209 -580 1009
65.33 0.70 133 228 167 -25.15 -38.66 -420 51 181 -13.36 -58.87 -17 -408 599
65.31 0.61 218 259 111 -25.37 -37.06 -412 -15 -149 -13.46 -58.15 -330 256 321
65.19 0.54 259 217 157 -25.59 -35.33 314 627 -855 -13.22 -57.07 59 1331 -107
64.87 0.37 -161 214 158 -25.77 -33.71 1930 1626 -1766 -12.59 -56.04 755 2202 -724
64.41 -0.10 -580 123 267 -25.74 -33.48 4097 3019 -3584 -11.84 -55.53 957 2830 -1431
63.91 -0.70 -93 12 401 -25.66 -35.78 1306 1549 -2470 -11.39 -55.64 213 1877 -1889
63.23 -1.12 315 76 326 -25.69 -36.85 -754 -2166 791 -11.90 -56.35 -1866 -1986 -624
62.41 -1.49 454 282 -24 -25.41 -37.45 -554 -2179 13 -11.96 -56.31 -1676 -3106 -52
