63.49 -0.14 -1009 489 -493 -25.78 -40.80 111 85 -96 -15.05 -50.97 42 -17 -16
63.15 -1.07 -1756 715 -968 -25.78 -40.81 86 94 -100 -15.05 -50.98 30 -8 6
62.85 -2.43 -1613 1142 -1080 -25.77 -40.82 81 89 -78 -15.03 -50.98 44 -26 33
62.85 -2.43 -1613 1142 -1080 -25.77 -40.82 81 89 -78 -15.03 -50.98 44 -26 33
63.02 -3.88 1776 -540 1143 -25.73 -40.81 80 118 -30 -15.01 -50.97 91 -38 43
62.66 -3.77 654 -543 555 -25.72 -40.80 86 91 2 -15.04 -50.97 63 6 13
62.72 -3.65 456 -485 164 -25.74 -40.75 72 85 -49 -15.08 -50.98 69 -94 88
62.69 -3.52 491 -384 -76 -25.76 -40.67 39 -9 16 -15.05 -50.99 127 -435 310
62.78 -3.39 678 -323 -3 -25.76 -40.51 -219 -316 342 -14.98 -50.90 2 -722 473
62.92 -3.10 1027 -376 241 -25.84 -40.04 -221 -431 473 -14.97 -50.64 -15 -632 334
62.99 -2.62 844 -325 276 -25.87 -39.64 74 -188 81 -15.04 -50.36 -209 -421 150
63.12 -2.12 500 -276 357 -25.92 -39.29 -40 -58 -91 -14.89 -50.10 -220 -287 149
63.16 -1.63 -339 -267 244 -25.98 -38.72 -273 -312 278 -14.69 -49.68 -86 -429 238
63.15 -1.37 -812 42 -38 -26.08 -37.83 -323 -582 575 -14.55 -49.09 109 -564 238
63.26 -1.33 -671 106 33 -26.24 -36.76 -119 -432 329 -14.54 -48.32 26 -302 87
63.35 -1.33 -504 266 -67 -26.42 -35.85 743 917 -1191 -14.46 -47.54 -115 624 -246
63.49 -1.40 -139 308 -32 -26.53 -36.23 3336 3835 -3967 -14.10 -46.86 101 2028 -834
63.60 -1.48 245 198 53 -26.14 -39.95 4737 6195 -6394 -13.42 -46.56 489 3722 -1794
63.62 -1.52 323 53 82 -25.87 -43.22 -1779 133 492 -12.66 -47.16 275 2959 -2181
63.63 -1.50 277 4 30 -25.83 -43.64 -787 -894 80 -12.85 -48.45 -358 -1196 389
