64.09 -0.98 187 -5 82 -25.36 -42.88 97 122 -94 -14.06 -52.40 35 -29 32
64.08 -0.98 183 2 59 -25.37 -42.87 90 116 -84 -14.05 -52.39 28 -3 17
64.08 -0.98 164 6 49 -25.38 -42.84 89 113 -63 -14.02 -52.38 55 5 21
64.09 -0.98 166 -7 70 -25.42 -42.73 116 93 9 -14.01 -52.37 101 6 26
64.08 -0.98 163 -12 79 -25.49 -42.58 126 88 -34 -14.06 -52.34 68 -17 45
64.07 -0.99 166 -6 66 -25.59 -42.45 85 72 -63 -14.11 -52.32 -1 -19 16
64.06 -1.00 172 -5 56 -25.71 -42.14 -136 -168 213 -14.14 -52.31 -6 -43 54
64.06 -1.01 182 -4 53 -25.92 -41.48 162 -176 12 -14.13 -52.36 -32 -335 182
64.05 -1.02 173 1 48 -26.15 -40.84 20 -248 -78 -14.08 -52.28 -194 -625 332
64.04 -1.03 160 12 48 -26.34 -40.09 -125 -394 -7 -13.95 -52.14 -197 -708 308
64.02 -1.07 180 8 60 -26.49 -39.31 -157 -495 69 -13.77 -51.87 -158 -1009 496
63.98 -1.11 179 8 65 -26.65 -38.36 -271 -676 267 -13.57 -51.33 -120 -1263 570
63.96 -1.15 200 -23 81 -26.84 -37.23 -215 -527 123 -13.40 -50.60 -25 -907 281
63.92 -1.17 168 12 43 -27.05 -36.04 72 79 -405 -13.33 -49.82 58 104 -218
63.93 -1.17 402 -49 118 -27.22 -35.03 638 954 -1038 -13.27 -49.14 338 1118 -589
63.91 -1.11 329 -75 127 -27.33 -34.56 1964 2147 -1848 -13.15 -48.60 535 1923 -838
63.92 -0.99 395 -107 177 -27.34 -36.02 3639 4078 -4102 -12.87 -48.35 598 2720 -1107
63.96 -0.82 517 -114 184 -27.00 -40.22 1452 2384 -1959 -12.49 -48.46 396 3017 -1302
63.91 -0.61 478 -130 187 -27.14 -41.37 -1058 -1610 1661 -12.30 -49.01 -197 1341 -1172
63.91 -0.39 275 -117 135 -27.09 -41.81 -734 -1768 1037 -12.45 -49.84 -761 -1759 627
