67.45 -4.96 25 33 -17 -24.67 -42.73 101 79 -104 -11.65 -46.53 -46 -77 -33
67.43 -4.98 76 -27 76 -24.70 -42.73 114 81 -102 -11.56 -45.92 -61 -68 -21
67.43 -4.98 76 -27 76 -24.70 -42.73 114 81 -102 -11.56 -45.92 -61 -68 -21
67.29 -5.03 -145 -35 83 -24.74 -42.70 54 88 -109 -11.23 -44.63 2 481 -236
67.19 -5.13 -420 58 20 -24.77 -42.66 80 98 -88 -10.98 -43.97 170 1258 -546
66.96 -5.49 -914 315 -241 -24.79 -42.60 3 -62 25 -10.54 -43.59 516 2280 -1262
66.60 -6.14 -1354 548 -467 -24.84 -42.37 -326 -549 381 -10.01 -43.84 538 2812 -1803
66.22 -7.13 -1359 594 -583 -24.93 -41.82 -158 -507 196 -10.02 -44.91 -147 552 -1288
65.85 -8.16 780 367 91 -24.97 -41.42 13 -212 -52 -10.22 -46.08 -504 -2350 1339
66.10 -8.60 2279 -478 990 -25.07 -40.94 -23 -59 -23 -10.09 -45.81 -975 -2254 1400
65.89 -8.57 1302 -489 578 -25.17 -40.34 -40 -16 17 -9.82 -45.29 -362 -1254 407
65.72 -8.51 818 -531 416 -25.29 -39.63 -94 -41 -50 -9.77 -44.89 71 -670 -240
65.70 -8.32 577 -488 114 -25.40 -38.88 -35 -59 -91 -10.00 -44.57 261 -231 -542
65.58 -8.05 259 -298 -158 -25.58 -37.97 -51 -23 -142 -10.34 -44.49 138 -349 -351
65.70 -7.91 668 -309 62 -25.76 -36.98 29 236 -469 -10.71 -44.57 -105 -612 -43
65.91 -7.58 1012 -431 352 -25.88 -36.04 660 1023 -1128 -11.17 -44.69 -125 -643 288
66.05 -7.00 873 -398 411 -26.06 -35.60 2337 2880 -2821 -11.23 -44.57 -136 497 -250
66.13 -6.45 -414 -124 43 -25.81 -37.96 4441 4962 -4761 -11.48 -44.68 12 1086 -506
66.24 -6.18 -640 120 -114 -25.77 -41.69 -466 929 -53 -11.50 -45.00 169 1240 -494
66.36 -6.13 -648 193 -66 -25.73 -41.92 -353 -1219 957 -11.39 -45.53 201 1074 -379
