64.13 -1.97 212 -24 63 -26.13 -41.57 108 69 -18 -14.30 -51.26 113 -43 41
64.11 -1.96 207 -42 91 -26.19 -41.49 118 83 -80 -14.37 -51.21 61 -68 29
64.09 -1.94 192 -39 83 -26.24 -41.42 59 66 -77 -14.38 -51.20 100 -146 60
64.08 -1.92 144 -11 64 -26.22 -41.30 97 -7 81 -14.37 -51.23 80 -85 -2
64.08 -1.91 136 20 26 -26.33 -41.06 81 46 3 -14.45 -51.41 110 -162 113
64.09 -1.91 186 24 32 -26.44 -40.83 110 34 -12 -14.53 -51.69 -10 -263 211
64.09 -1.90 228 12 36 -26.57 -40.51 -23 -203 183 -14.58 -52.02 -51 -435 338
64.08 -1.90 226 -12 59 -26.75 -40.00 -19 -347 258 -14.66 -52.20 -94 -641 442
64.06 -1.91 205 -31 89 -26.96 -39.39 -37 -381 226 -14.68 -52.18 -95 -538 337
64.02 -1.90 130 -36 92 -27.20 -38.64 -95 -400 184 -14.67 -51.99 4 -336 182
64.02 -1.90 134 -12 70 -27.44 -37.77 -144 -407 117 -14.66 -51.63 31 -396 166
64.01 -1.92 157 -34 102 -27.66 -36.74 -313 -466 95 -14.64 -51.05 -35 -400 120
63.96 -1.94 117 -22 81 -27.88 -35.52 -366 -378 -129 -14.61 -50.31 -26 -258 -10
63.96 -1.94 260 -8 70 -27.99 -34.31 -57 -44 -547 -14.58 -49.50 18 -114 -112
63.92 -1.90 401 -29 105 -28.02 -33.37 551 600 -1131 -14.55 -48.64 -78 230 -278
63.91 -1.80 426 -21 75 -28.06 -32.82 1527 1918 -2272 -14.37 -47.81 -76 781 -356
63.91 -1.65 359 -65 77 -27.92 -33.85 3346 4161 -4519 -13.90 -46.94 208 1821 -700
63.90 -1.48 308 -83 76 -27.20 -38.05 4745 5262 -5320 -13.32 -46.31 437 3295 -1567
63.92 -1.32 272 -127 125 -27.05 -41.17 -1708 -537 1107 -12.64 -46.46 599 3581 -2047
63.90 -1.14 194 -112 113 -27.11 -41.46 -833 -1326 649 -12.75 -47.67 -154 436 -842
