69.20 -1.99 446 -201 94 -17.31 -64.22 -132 1703 479 -14.38 -51.45 77 2294 -589
69.17 -1.58 374 -180 122 -16.15 -66.88 -665 3533 979 -14.16 -51.57 268 2396 -409
69.12 -1.09 501 -136 104 -15.64 -67.37 178 2200 733 -13.67 -51.80 453 2210 -787
69.08 -0.52 740 -207 113 -15.35 -68.03 222 1074 254 -13.71 -52.37 88 492 -135
68.97 0.17 495 -203 9 -15.12 -68.71 213 575 -179 -13.72 -52.77 -457 -1155 614
68.84 0.82 94 -218 -61 -14.89 -69.11 352 230 -275 -13.57 -52.66 -499 -1806 809
68.70 1.26 -334 -126 -154 -14.88 -69.23 454 -177 -324 -13.32 -52.28 -137 -1611 369
68.47 1.37 -891 24 -203 -15.15 -69.05 481 -357 -244 -13.37 -51.82 151 -1426 107
68.18 1.04 -1230 118 25 -15.66 -68.47 114 -946 28 -13.62 -51.31 233 -1041 -102
67.80 0.37 -1154 -23 350 -16.28 -67.28 -1112 -2787 776 -13.95 -50.98 114 -665 -184
67.17 -0.35 -626 218 325 -17.10 -65.30 331 169 -270 -14.31 -50.76 -34 -429 -127
66.84 -0.81 738 -33 548 -17.95 -63.39 -498 -889 333 -14.47 -50.52 73 321 -91
66.42 -0.97 1023 -243 395 -19.12 -60.58 -429 -538 199 -14.77 -50.31 60 980 -336
66.01 -0.82 1093 -471 286 -20.24 -57.14 -484 207 -466 -14.96 -50.21 179 1315 -336
65.51 -0.46 1297 -720 241 -21.11 -53.14 39 901 -1187 -14.97 -50.30 149 1593 -338
64.93 0.11 1275 -679 8 -21.74 -49.40 807 1165 -1664 -14.71 -50.58 114 1602 -278
64.31 0.81 805 -498 -239 -22.34 -46.51 1024 976 -1927 -14.48 -50.72 37 828 49
63.83 1.47 285 -287 -368 -22.74 -44.59 1183 767 -1924 -14.10 -50.79 -142 195 145
63.59 2.03 162 -321 -107 -22.93 -43.69 1340 638 -1656 -13.75 -50.83 -103 -157 83
63.21 2.53 -531 -78 -219 -23.05 -43.55 1255 451 -1137 -13.49 -50.89 16 -185 -30
