64.85 0.16 508 -198 146 -17.90 -62.47 -757 1303 661 -13.85 -50.47 182 1910 -553
64.82 0.52 302 -135 74 -17.05 -64.40 -698 2001 1397 -13.55 -50.68 314 2691 -716
64.80 0.93 327 -73 44 -16.91 -64.89 -145 1020 883 -13.33 -51.11 485 1996 -606
64.78 1.41 529 -83 55 -16.85 -65.51 -66 539 349 -13.59 -51.63 -28 584 -103
64.73 1.96 476 -57 -21 -16.72 -65.98 -96 124 38 -13.68 -52.11 -407 -691 459
64.66 2.51 257 -125 -12 -16.61 -66.16 23 -132 -101 -13.68 -52.15 -574 -1300 620
64.56 2.94 -28 -202 12 -16.68 -65.98 209 -192 -261 -13.59 -51.88 -407 -1384 355
64.45 3.29 -433 -51 -137 -16.90 -65.51 216 -299 -296 -13.58 -51.51 -202 -1295 171
64.38 3.41 -907 248 -366 -17.29 -64.78 -2 -723 -87 -13.68 -51.05 -16 -890 -47
64.34 3.15 -1394 622 -577 -18.00 -63.38 -894 -1907 657 -13.86 -50.71 42 -432 -234
64.40 2.39 -1189 813 -583 -18.89 -61.13 232 -94 -214 -14.14 -50.51 -54 -148 -293
64.73 1.53 110 471 72 -19.51 -59.24 -617 -737 91 -14.42 -50.41 -9 74 -13
64.86 0.98 787 -154 653 -20.37 -56.60 -941 -493 -111 -14.58 -50.29 -132 927 -353
64.68 0.82 704 -481 661 -21.04 -53.61 -591 418 -876 -14.74 -50.30 -69 1156 -195
64.53 0.85 570 -595 457 -21.45 -50.45 366 1285 -1487 -14.73 -50.41 5 1241 -95
64.38 0.98 644 -604 268 -21.77 -47.82 1345 1965 -2033 -14.38 -50.61 149 1223 2
64.28 1.15 739 -580 203 -21.98 -46.31 1629 1647 -1900 -13.79 -50.89 329 1002 17
64.12 1.43 625 -482 154 -22.16 -45.54 1574 822 -1266 -13.26 -51.20 344 623 -65
63.94 1.76 336 -332 120 -22.43 -45.36 899 -224 -504 -12.99 -51.49 237 45 -37
63.81 2.10 171 -325 249 -22.81 -45.06 184 -933 82 -12.85 -51.78 102 -462 9
