64.49 4.46 -343 -75 -238 -23.25 -45.11 68 57 -96 -13.00 -53.20 29 -27 2
64.29 4.81 -833 90 -386 -23.23 -45.11 72 15 -89 -13.01 -53.18 -12 -82 19
64.15 4.87 -1339 312 -455 -23.24 -45.14 112 -22 -77 -13.01 -53.14 -4 -152 35
64.20 4.55 -2066 669 -661 -23.26 -45.11 1 -257 163 -13.00 -53.08 -9 -301 107
64.20 4.55 -2066 669 -661 -23.26 -45.11 1 -257 163 -13.00 -53.08 -9 -301 107
64.73 1.95 -1034 1115 -538 -23.48 -44.29 -240 -963 519 -13.12 -52.72 -95 -637 179
65.46 0.71 1856 -92 855 -23.60 -43.80 -113 -943 265 -13.22 -52.41 -60 -926 171
65.37 0.41 1905 -759 1068 -23.48 -43.88 89 -578 9 -13.46 -52.11 -87 -1091 192
65.09 0.55 1033 -874 673 -23.21 -44.49 249 -297 9 -13.74 -51.79 -98 -1004 178
64.94 0.74 721 -802 312 -23.00 -45.41 96 -463 342 -13.94 -51.37 89 -864 135
64.87 0.93 1090 -650 208 -22.76 -46.52 151 -301 319 -14.09 -50.84 68 -841 108
64.77 1.23 860 -598 195 -22.33 -48.24 251 333 20 -14.19 -50.35 171 -521 -89
64.63 1.68 762 -495 191 -21.76 -50.29 464 1308 -356 -14.28 -50.01 316 99 -305
64.30 2.18 -323 -289 62 -21.26 -52.03 741 2312 -636 -14.40 -49.82 410 781 -464
64.16 2.46 -754 -6 -22 -20.87 -53.60 1247 3804 -1374 -14.48 -49.74 318 1365 -486
64.17 2.51 -931 153 10 -20.12 -56.00 1872 5397 -2143 -14.43 -49.72 294 2028 -540
64.21 2.40 -1121 302 -82 -18.56 -60.27 1990 5982 -2045 -14.18 -49.91 558 3010 -685
64.29 2.08 -1164 419 -168 -17.71 -62.63 -2847 497 3466 -13.70 -50.52 1003 4167 -1089
64.51 1.59 -764 461 -165 -17.55 -63.68 -1355 127 1337 -13.49 -51.72 550 3719 -1670
64.79 1.02 -256 382 -107 -17.14 -64.94 -727 -471 333 -14.04 -53.44 329 -363 183
