65.78 -1.41 176 12 59 -23.87 -44.96 72 114 -40 -12.97 -53.06 44 -6 30
65.79 -1.42 199 -8 71 -23.90 -44.94 53 154 -22 -12.98 -52.99 26 -10 42
65.78 -1.42 193 -9 63 -23.92 -44.91 49 96 76 -12.98 -52.90 -20 -44 150
65.78 -1.42 193 -8 56 -23.96 -44.76 -74 -128 318 -12.85 -52.61 -16 -203 235
65.78 -1.42 189 -23 70 -24.09 -44.32 -424 -477 615 -12.75 -52.28 30 -117 127
65.77 -1.42 183 -23 72 -24.26 -43.65 -465 -465 481 -12.68 -51.88 15 -203 199
65.77 -1.42 170 -11 52 -24.43 -42.95 -276 -151 127 -12.66 -51.22 -7 -213 213
65.77 -1.42 175 -2 50 -24.62 -42.24 -42 132 -132 -12.75 -50.21 -65 165 18
65.77 -1.42 184 -3 51 -24.79 -41.56 195 140 -236 -12.75 -48.92 100 287 -151
65.76 -1.42 190 -10 63 -25.08 -40.84 268 23 -219 -12.65 -47.54 40 160 -228
65.74 -1.42 140 -8 60 -25.43 -40.03 226 66 -354 -12.56 -46.01 6 -102 -196
65.73 -1.45 92 2 49 -25.80 -39.14 203 161 -415 -12.45 -44.31 -105 -118 -338
65.73 -1.45 92 2 49 -25.80 -39.14 203 161 -415 -12.45 -44.31 -105 -118 -338
65.68 -1.58 139 13 70 -26.65 -37.21 335 719 -732 -12.36 -40.90 9 436 -874
65.63 -1.66 148 6 64 -27.05 -36.38 655 938 -766 -12.37 -39.40 65 981 -1366
65.56 -1.77 230 -80 180 -27.49 -35.76 982 1026 -876 -12.46 -38.31 470 1714 -2325
65.41 -1.86 216 -108 137 -27.79 -35.70 1248 663 -831 -13.14 -38.64 1027 2301 -3000
65.41 -1.86 216 -108 137 -27.79 -35.70 1248 663 -831 -13.14 -38.64 1027 2301 -3000
64.69 -2.25 368 -34 48 -27.77 -36.85 -519 -1023 79 -12.91 -40.37 25 -1344 257
64.14 -2.53 451 -9 1 -27.81 -36.84 -319 -741 -225 -13.02 -40.48 -247 -1182 207
