63.97 -5.14 288 -58 26 -25.55 -44.25 45 116 -8 -13.74 -51.24 41 -36 33
63.70 -5.26 79 -98 5 -25.58 -44.26 74 -93 166 -13.76 -51.12 -3 -112 165
63.31 -5.55 -78 -1 -69 -25.71 -44.09 -239 -504 527 -13.65 -50.77 44 -418 337
62.72 -6.01 -327 259 -229 -25.89 -43.46 -430 -763 678 -13.54 -50.16 88 -692 471
62.02 -6.70 -671 685 -509 -26.11 -42.68 -190 -368 314 -13.44 -49.11 -82 -991 624
61.39 -7.72 -714 858 -590 -26.31 -41.98 149 199 -179 -13.40 -47.47 -6 -829 378
60.67 -8.98 -490 1042 -720 -26.51 -41.42 283 485 -449 -13.50 -45.50 72 -199 -186
60.65 -9.90 1680 6 569 -26.69 -40.91 206 306 -340 -13.57 -43.67 129 218 -592
60.67 -10.08 1537 -711 854 -26.91 -40.34 38 29 -188 -13.53 -42.05 27 171 -603
60.40 -9.91 696 -557 338 -27.12 -39.64 65 -156 -153 -13.44 -40.49 -105 -4 -565
60.27 -9.66 480 -413 95 -27.31 -38.88 98 -289 -99 -13.29 -39.07 -130 -263 -462
60.40 -9.37 517 -215 -40 -27.53 -38.01 57 -158 -218 -13.08 -37.70 -119 -520 -303
60.63 -9.08 651 -214 62 -27.77 -37.13 112 219 -453 -12.93 -36.32 -68 -463 -327
60.89 -8.61 514 -266 166 -27.99 -36.28 154 603 -595 -12.85 -34.96 -49 -38 -586
61.16 -8.07 277 -224 157 -28.17 -35.42 356 1023 -721 -12.81 -33.65 42 609 -1087
61.58 -7.49 138 -241 196 -28.37 -34.75 957 1483 -891 -12.92 -32.53 346 1773 -2319
61.93 -6.99 -198 -78 18 -28.64 -34.47 1358 2031 -1232 -13.60 -32.58 1064 3428 -4456
62.39 -6.56 -86 20 -7 -28.90 -34.73 2014 1574 -1691 -14.86 -35.40 1930 4889 -6548
62.96 -6.09 50 130 -62 -28.55 -36.57 424 -654 -66 -15.88 -40.50 -665 1373 -1963
63.54 -5.61 -161 269 -161 -28.62 -37.37 -1813 -2042 862 -14.80 -41.18 -920 -296 -968
