71.87 -6.80 208 -13 39 -25.49 -43.80 98 117 -108 -12.35 -51.30 20 14 -17
71.87 -6.80 222 -2 27 -25.49 -43.81 108 112 -79 -12.34 -51.30 11 6 -11
71.88 -6.78 234 -8 19 -25.49 -43.82 114 103 -70 -12.32 -51.30 39 -12 6
71.89 -6.78 207 -30 35 -25.52 -43.80 114 102 -48 -12.31 -51.28 77 -41 12
71.89 -6.78 207 -30 35 -25.52 -43.80 114 102 -48 -12.31 -51.28 77 -41 12
71.90 -6.76 184 -37 65 -25.57 -43.78 66 86 78 -12.38 -51.19 38 -2 20
71.90 -6.76 198 -23 65 -25.58 -43.76 -71 -121 357 -12.38 -51.12 39 -27 85
71.90 -6.76 215 -15 56 -25.55 -43.75 -367 -562 816 -12.35 -50.98 32 -187 268
71.90 -6.76 209 -17 46 -25.60 -43.51 -459 -638 828 -12.14 -50.46 14 -635 514
71.91 -6.76 208 -24 57 -25.63 -43.33 -180 -307 430 -12.09 -49.74 2 -481 360
71.91 -6.75 189 -40 57 -25.76 -43.16 -80 -41 104 -12.07 -48.76 58 -269 237
71.92 -6.75 186 -48 48 -25.96 -42.97 -50 176 -107 -12.09 -47.33 -119 88 -79
71.92 -6.76 214 -62 57 -26.21 -42.82 4 546 -371 -12.05 -45.56 -111 268 -314
71.90 -6.78 275 -82 114 -26.41 -42.60 262 809 -406 -11.95 -43.43 -112 376 -503
71.85 -6.80 374 -135 212 -26.66 -42.27 542 979 -385 -11.72 -41.13 -37 511 -747
71.74 -6.72 421 -138 199 -26.98 -42.01 1090 1201 -494 -11.51 -38.89 304 1123 -1575
71.61 -6.61 334 -69 80 -27.32 -42.02 1466 1484 -745 -11.68 -37.45 961 2091 -3094
71.46 -6.52 256 -9 -18 -27.30 -42.84 1185 289 -748 -12.88 -38.17 1737 3025 -4464
71.30 -6.47 279 -1 -23 -27.31 -43.65 -764 -965 -323 -13.46 -40.05 -927 -753 341
71.12 -6.41 598 -79 76 -27.23 -43.75 -714 -805 -443 -13.33 -40.00 -564 -1383 213
