72.47 -7.10 204 -20 28 -25.00 -46.13 94 122 -96 -13.95 -51.52 24 10 2
72.47 -7.10 204 -20 28 -25.00 -46.13 94 122 -96 -13.95 -51.52 24 10 2
72.48 -7.09 206 -36 24 -24.98 -46.11 71 75 -73 -13.93 -51.52 26 18 -4
72.46 -7.11 216 -53 30 -24.98 -46.09 120 14 -38 -13.92 -51.52 41 1 7
72.44 -7.13 210 -39 39 -25.02 -46.06 108 28 -39 -13.91 -51.50 33 -90 75
72.42 -7.15 204 -23 42 -25.06 -45.99 106 36 -38 -13.90 -51.45 25 -116 37
72.41 -7.16 189 -11 51 -25.07 -45.93 45 -54 2 -13.89 -51.38 23 -104 25
72.41 -7.16 189 -11 51 -25.07 -45.93 45 -54 2 -13.89 -51.38 23 -104 25
72.43 -7.15 227 6 34 -25.09 -45.43 -139 -408 175 -13.82 -51.15 -60 -420 241
72.43 -7.15 226 1 31 -25.17 -45.01 -67 -122 -84 -13.68 -50.84 -33 -569 238
72.42 -7.15 215 -8 31 -25.22 -44.66 95 159 -247 -13.65 -50.46 -122 -514 191
72.42 -7.14 191 -20 45 -25.24 -44.37 116 151 -176 -13.62 -50.02 -132 -275 72
72.42 -7.14 194 -25 54 -25.24 -44.03 88 70 -43 -13.48 -49.65 -81 -114 -25
72.42 -7.13 211 -25 50 -25.23 -43.62 97 248 -68 -13.24 -49.31 -84 -157 27
72.43 -7.13 231 -25 46 -25.25 -43.24 232 968 -277 -12.97 -48.92 -133 32 -170
72.43 -7.13 285 -20 49 -25.29 -42.95 721 1721 -335 -12.83 -48.66 124 1349 -1243
72.41 -7.12 322 -34 56 -25.22 -43.01 1596 1532 -688 -13.19 -49.37 1342 4287 -3408
72.37 -7.09 270 -29 37 -24.89 -44.41 1062 -104 -252 -14.25 -52.07 1376 3936 -1848
72.35 -7.06 253 -37 39 -25.07 -45.25 -706 -1071 217 -14.54 -54.33 -1408 -422 649
72.38 -7.01 321 5 10 -25.08 -45.39 -1079 -1001 233 -14.24 -54.93 -772 -349 183
