72.29 -6.24 323 -116 27 -25.29 -45.59 83 114 -70 -13.62 -52.31 60 13 2
72.34 -6.05 221 -79 -16 -25.30 -45.59 82 91 -68 -13.62 -52.30 46 -11 22
72.33 -5.95 -69 85 -200 -25.32 -45.58 12 7 -41 -13.62 -52.28 48 -30 25
72.37 -6.10 -256 175 -209 -25.35 -45.53 14 -81 6 -13.61 -52.24 45 -86 53
72.40 -6.50 -6 195 -86 -25.39 -45.44 -123 -352 159 -13.60 -52.16 14 -238 150
72.04 -7.18 161 200 8 -25.45 -45.14 -311 -476 142 -13.49 -51.94 -95 -704 475
71.10 -8.13 -465 341 -142 -25.47 -44.69 -41 -260 3 -13.42 -51.48 -175 -611 231
69.82 -9.38 -1100 897 -619 -25.52 -44.30 42 -87 -124 -13.41 -50.99 -234 -705 260
69.70 -10.08 1319 532 -85 -25.54 -43.94 55 -44 -140 -13.31 -50.33 -233 -740 299
69.78 -10.28 2016 -579 739 -25.54 -43.57 -69 -119 -71 -13.10 -49.52 -189 -644 200
69.30 -10.27 791 -557 483 -25.57 -43.04 -89 -86 -3 -12.82 -48.62 -295 -680 183
69.16 -10.19 -142 -367 -6 -25.62 -42.45 134 275 -223 -12.56 -47.63 -246 -418 -117
68.93 -10.02 -693 -155 -292 -25.62 -42.01 299 698 -432 -12.30 -46.76 -45 100 -472
68.90 -9.99 -493 -33 -262 -25.56 -41.75 485 914 -404 -12.03 -46.09 9 441 -594
69.02 -9.99 130 -176 33 -25.54 -41.68 773 1417 -397 -11.73 -45.52 -25 936 -808
69.06 -9.82 403 -239 190 -25.52 -41.74 1181 2076 -458 -11.54 -45.22 805 2636 -2256
69.18 -9.45 319 -237 305 -25.58 -41.86 1802 1941 -966 -12.29 -46.49 1662 5227 -4458
69.28 -9.09 16 111 5 -25.18 -43.62 960 -342 -562 -13.54 -50.16 2158 6218 -5199
69.41 -8.88 -38 181 -50 -25.36 -44.65 -1657 -1719 418 -14.04 -54.14 -1340 962 1498
69.52 -8.81 -118 178 -55 -25.45 -44.96 -1016 -961 97 -13.13 -54.14 -887 -34 694
