71.73 -8.23 218 -43 34 -24.98 -44.59 97 122 -79 -13.89 -52.09 51 -12 -1
71.72 -8.24 215 -43 30 -24.98 -44.58 93 121 -77 -13.87 -52.07 50 -68 38
71.71 -8.23 201 -28 29 -24.97 -44.59 96 128 -82 -13.86 -52.00 45 -232 141
71.71 -8.22 201 -25 33 -24.97 -44.59 97 133 -85 -13.80 -51.79 -138 -902 544
71.71 -8.22 212 -22 40 -24.97 -44.59 89 134 -86 -13.65 -51.27 -247 -1032 386
71.70 -8.22 212 -27 46 -24.96 -44.60 80 147 -78 -13.61 -50.62 -350 -995 341
71.69 -8.23 213 -30 45 -24.95 -44.60 77 156 -76 -13.44 -49.85 -206 -828 204
71.68 -8.24 221 -37 35 -24.93 -44.61 87 137 -81 -13.17 -49.09 -91 -661 116
71.66 -8.25 232 -36 32 -24.91 -44.63 95 119 -88 -12.87 -48.29 -106 -605 106
71.65 -8.25 209 -28 42 -24.91 -44.63 115 118 -97 -12.64 -47.34 -161 -193 -210
71.65 -8.23 202 -31 40 -24.91 -44.63 106 120 -84 -12.44 -46.55 -67 414 -584
71.65 -8.22 216 -32 37 -24.91 -44.63 98 131 -82 -12.18 -45.98 206 891 -784
71.64 -8.21 253 -42 52 -24.90 -44.63 88 132 -85 -11.97 -45.62 299 1298 -1003
71.62 -8.21 335 -70 104 -24.89 -44.64 92 131 -91 -11.99 -45.58 360 2160 -1672
71.53 -8.20 525 -125 155 -24.89 -44.64 97 124 -95 -12.43 -46.46 913 4085 -3270
71.51 -8.05 750 -165 146 -24.88 -44.64 101 117 -91 -13.29 -49.30 1557 6022 -4696
71.53 -7.75 803 -265 178 -24.88 -44.64 108 111 -86 -14.18 -54.03 971 3225 -731
71.52 -7.37 627 -288 194 -24.89 -44.64 106 106 -84 -13.33 -55.24 -728 1013 91
71.52 -6.93 386 -202 46 -24.88 -44.63 101 102 -91 -12.35 -56.48 -268 282 -266
71.50 -6.52 266 -156 38 -24.88 -44.62 90 108 -87 -12.13 -57.37 -119 -52 24
