68.18 -5.53 242 -22 118 -21.42 -51.79 -37 -499 89 -12.88 -52.72 -41 -45 45
68.14 -5.56 224 -15 101 -21.43 -51.73 121 -122 -107 -12.87 -52.76 -69 52 -22
68.13 -5.60 131 -10 66 -21.45 -51.74 115 7 -88 -12.87 -52.83 -67 -11 5
68.12 -5.68 186 -51 120 -21.45 -51.66 -35 -293 151 -12.84 -52.88 -46 -74 28
68.10 -5.72 240 -61 121 -21.50 -51.34 -202 -740 384 -12.82 -52.91 3 -66 16
68.10 -5.72 240 -61 121 -21.50 -51.34 -202 -740 384 -12.82 -52.91 3 -66 16
68.08 -5.71 263 -51 114 -21.61 -50.69 -73 -423 -18 -12.83 -52.98 -47 -16 1
68.07 -5.70 148 -41 75 -21.58 -50.66 109 152 -294 -12.83 -52.98 -64 -163 77
68.06 -5.72 162 -53 97 -21.47 -50.73 219 340 -272 -12.82 -52.91 -114 -372 136
68.06 -5.72 292 -93 151 -21.40 -50.72 150 372 -262 -12.80 -52.79 -145 -564 150
68.04 -5.66 504 -181 236 -21.34 -50.76 206 525 -359 -12.84 -52.63 -54 -508 63
68.05 -5.45 686 -289 345 -21.23 -50.95 221 603 -319 -12.94 -52.47 -3 -326 21
68.04 -5.07 688 -281 280 -21.11 -51.08 300 618 -217 -13.02 -52.29 17 -154 -10
67.99 -4.67 413 -212 108 -21.03 -51.15 509 955 -321 -13.02 -52.13 36 -117 4
67.95 -4.35 201 -155 2 -20.98 -51.32 781 2213 -895 -13.02 -51.91 45 -311 90
67.90 -4.10 239 -176 76 -20.55 -52.32 1957 5098 -2311 -13.06 -51.57 -1 -552 183
67.84 -3.78 444 -208 148 -19.25 -55.50 2851 7092 -3475 -13.15 -51.11 -79 -457 105
67.75 -3.40 643 -328 270 -17.52 -60.39 758 4355 -807 -13.21 -50.69 -2 -154 -36
67.55 -2.94 628 -405 315 -17.15 -60.43 1132 3311 -351 -13.19 -50.34 60 50 -109
67.30 -2.45 356 -341 195 -17.23 -60.96 766 1320 -831 -13.13 -50.03 79 157 -130
