71.19 -8.38 201 -40 42 -25.09 -44.19 -63 -265 74 -13.10 -58.77 93 51 85
71.21 -8.36 222 -31 51 -25.08 -43.94 -71 -368 94 -13.19 -59.64 -21 -51 171
71.21 -8.34 306 -40 64 -25.03 -43.65 -11 -308 -12 -13.22 -60.42 -44 -168 233
71.23 -8.26 356 -59 72 -24.96 -43.41 47 -178 -120 -13.23 -61.07 -129 -453 338
71.26 -8.16 382 -88 64 -24.86 -43.21 -104 -265 16 -13.22 -61.58 -73 -473 273
71.30 -8.03 379 -78 31 -24.74 -42.96 -165 -314 65 -13.24 -62.06 -59 -400 244
71.35 -7.89 311 -122 76 -24.51 -42.74 -31 -215 6 -13.24 -62.43 -52 -417 274
71.37 -7.76 172 -77 40 -24.32 -42.56 34 44 -126 -13.23 -62.69 -31 -532 292
71.41 -7.66 81 -50 21 -24.22 -42.31 161 289 -211 -13.24 -62.84 -21 -501 192
71.41 -7.66 81 -50 21 -24.22 -42.31 161 289 -211 -13.24 -62.84 -21 -501 192
71.49 -7.54 119 16 18 -24.19 -41.64 232 266 -44 -13.26 -63.19 59 232 97
71.52 -7.49 255 -47 84 -24.23 -41.19 265 461 -102 -13.16 -63.29 107 202 192
71.54 -7.41 394 -109 104 -24.27 -40.76 365 1000 -371 -13.00 -63.26 146 282 138
71.54 -7.41 394 -109 104 -24.27 -40.76 365 1000 -371 -13.00 -63.26 146 282 138
71.59 -7.11 425 -122 51 -24.02 -40.83 1306 2504 -1020 -12.47 -63.29 -14 1803 -491
71.63 -6.92 499 -133 48 -24.10 -41.37 1278 2620 -1227 -12.08 -64.35 522 4148 -1496
71.73 -6.67 608 -150 55 -24.01 -42.61 1207 233 -942 -11.82 -66.98 1304 5087 -1693
71.84 -6.39 508 -191 97 -24.02 -44.11 -1469 -1728 611 -11.95 -70.40 614 4018 -808
71.91 -6.14 474 -203 116 -23.91 -44.18 -2159 -2092 1182 -11.67 -73.29 -1583 -298 1078
71.96 -5.90 501 -155 35 -23.66 -43.62 -408 -949 450 -10.85 -74.30 -292 -1036 555
