70.34 -5.73 278 -125 -20 -24.37 -41.33 -642 -1394 779 -12.73 -54.26 36 -148 -94
70.31 -5.31 126 -155 -20 -24.38 -39.95 -640 -1214 348 -12.88 -54.42 233 70 -437
70.26 -4.91 29 -145 -6 -24.09 -38.90 -97 -469 -363 -13.19 -55.04 138 -581 6
70.19 -4.54 -112 -81 -58 -23.81 -38.13 468 249 -756 -13.34 -55.63 -136 -1074 380
70.13 -4.32 -403 16 -103 -23.65 -37.49 494 474 -725 -13.41 -56.11 -143 -732 264
70.04 -4.28 -800 188 -118 -23.53 -36.92 525 390 -520 -13.50 -56.66 -38 -109 119
69.97 -4.52 -1139 362 -123 -23.40 -36.58 498 257 -382 -13.52 -57.20 19 342 110
69.79 -5.10 -1489 567 -270 -23.26 -36.43 364 168 -215 -13.42 -57.72 123 359 108
69.97 -5.84 32 350 117 -23.15 -36.28 240 208 -213 -13.31 -58.47 143 284 -27
70.38 -6.19 1576 -528 892 -23.05 -36.13 267 378 -331 -13.28 -59.60 145 440 -176
70.31 -6.01 1238 -636 640 -23.00 -36.05 287 551 -413 -13.27 -61.07 106 545 -46
70.14 -5.69 576 -541 145 -22.99 -36.05 296 869 -560 -13.18 -62.49 32 323 297
70.03 -5.37 310 -329 -299 -22.92 -36.17 546 1448 -723 -13.06 -63.57 -29 304 442
70.03 -5.22 531 -285 -305 -22.90 -36.38 934 1953 -692 -12.90 -64.46 -48 729 298
70.01 -5.16 612 -479 -10 -23.09 -36.73 955 2413 -1140 -12.75 -65.41 75 1743 -41
69.73 -5.04 26 -349 85 -23.06 -37.43 1103 1198 -900 -12.70 -66.71 573 3338 -648
69.54 -4.84 -224 -170 164 -23.12 -38.46 -662 -762 334 -12.81 -68.81 469 4231 -496
69.44 -4.71 -585 198 -50 -23.25 -38.64 -1572 -1325 682 -12.51 -71.10 -1094 704 2589
69.44 -4.80 -592 509 -223 -23.03 -38.50 -440 -710 179 -11.80 -71.82 -335 -416 1668
69.53 -5.09 -544 520 -169 -22.92 -38.54 379 -331 -206 -11.31 -72.44 -252 -834 795
