71.44 -8.76 206 -25 45 -23.94 -44.75 83 128 -81 -13.55 -53.65 37 -22 -23
71.43 -8.77 213 -22 42 -23.94 -44.76 79 131 -75 -13.62 -53.66 7 -33 -59
71.41 -8.80 221 -20 34 -23.93 -44.78 82 131 -78 -13.74 -53.73 -26 -179 -23
71.39 -8.84 223 -20 40 -23.93 -44.79 89 125 -80 -13.83 -53.83 -48 -590 188
71.36 -8.88 218 -23 41 -23.93 -44.80 84 122 -83 -13.99 -54.00 -85 -881 177
71.33 -8.93 222 -25 38 -23.93 -44.81 83 117 -84 -14.16 -54.41 -11 -688 -30
71.31 -8.97 222 -23 35 -23.93 -44.81 83 121 -88 -14.43 -55.27 -13 -314 -137
71.30 -9.00 218 -28 38 -23.93 -44.82 86 120 -93 -14.60 -56.47 -45 -78 -31
71.27 -9.04 220 -29 50 -23.93 -44.83 89 128 -94 -14.58 -57.86 8 -86 139
71.25 -9.08 241 -43 46 -23.93 -44.84 96 132 -88 -14.51 -59.26 37 68 152
71.21 -9.11 283 -48 52 -23.92 -44.86 88 127 -86 -14.43 -60.66 115 373 129
71.17 -9.09 282 -35 54 -23.92 -44.87 81 119 -76 -14.32 -61.97 28 741 145
71.14 -9.05 270 -24 52 -23.92 -44.89 86 123 -72 -14.07 -63.21 -117 1238 170
71.12 -9.01 264 -36 49 -23.93 -44.89 82 118 -69 -13.55 -64.40 -69 1968 123
71.10 -8.98 348 -100 85 -23.93 -44.89 80 119 -81 -12.95 -65.75 415 3093 -204
71.09 -8.91 490 -130 98 -23.94 -44.89 86 113 -83 -12.51 -67.70 943 4796 -960
71.09 -8.74 639 -167 103 -23.95 -44.91 91 104 -82 -12.19 -70.50 373 2160 379
71.17 -8.47 771 -186 64 -23.96 -44.90 70 111 -79 -11.62 -71.56 -419 -768 1460
71.35 -8.10 820 -237 68 -23.97 -44.90 102 110 -70 -11.04 -72.12 -235 -1112 412
71.45 -7.75 608 -253 48 -23.97 -44.87 60 62 -41 -10.80 -72.45 -216 -754 127
