65.65 -12.07 743 -241 549 -23.40 -45.42 -89 132 52 -13.20 -54.08 57 77 150
64.70 -12.17 509 -213 343 -23.29 -45.54 266 231 189 -13.27 -54.18 -150 111 163
63.63 -12.20 6 -30 -34 -23.34 -45.21 206 49 703 -13.19 -54.41 -174 58 130
62.56 -12.37 -327 157 -233 -23.65 -44.47 86 -78 647 -13.04 -54.70 31 42 172
61.56 -12.69 -98 11 -69 -24.15 -43.53 -95 136 72 -12.99 -54.99 340 62 232
60.61 -12.93 344 -135 -6 -24.59 -42.62 -18 347 -348 -13.17 -55.21 316 224 308
59.65 -13.02 441 -279 72 -24.91 -41.87 110 333 -418 -13.41 -55.48 34 211 313
58.56 -12.96 260 -145 -6 -25.17 -41.26 104 324 -425 -13.48 -55.92 -195 235 341
57.51 -12.91 189 267 -295 -25.35 -40.70 240 628 -609 -13.36 -56.53 -119 186 354
56.67 -12.86 278 619 -594 -25.47 -40.39 384 841 -724 -13.24 -57.16 19 -9 320
55.82 -12.78 79 683 -774 -25.63 -40.23 141 585 -454 -13.05 -58.06 258 12 199
54.94 -12.75 -245 675 -1110 -25.85 -39.77 -223 -204 132 -13.05 -59.02 100 198 301
54.06 -13.00 -39 33 -548 -26.29 -38.78 -482 -784 803 -13.04 -59.93 59 470 309
54.06 -13.00 -39 33 -548 -26.29 -38.78 -482 -784 803 -13.04 -59.93 59 470 309
53.30 -13.36 839 -1225 872 -27.16 -34.68 -9 255 -343 -12.87 -61.10 86 -1390 849
53.13 -13.19 1062 -1391 875 -27.36 -32.83 1329 1425 -1974 -12.89 -60.82 358 -2053 887
53.02 -12.81 378 -1066 204 -27.07 -32.97 3039 2493 -3113 -13.10 -59.90 404 -820 511
53.34 -12.49 -138 -754 -399 -26.65 -34.93 -308 401 -710 -13.14 -58.72 91 738 162
54.06 -12.11 -186 -544 -718 -26.33 -36.14 -1840 -1494 1026 -12.77 -57.62 279 1683 -408
55.20 -11.58 -38 -420 -899 -25.93 -36.32 -1114 -1612 428 -12.30 -56.95 355 2257 -917
