64.53 -8.91 3 526 -250 -23.75 -42.82 93 149 25 -13.37 -53.11 -11 15 39
64.24 -10.18 98 277 59 -23.71 -43.04 -5 183 -16 -13.29 -53.21 100 100 91
63.87 -11.67 176 -37 484 -23.63 -43.25 -11 263 30 -13.19 -53.36 184 92 101
63.05 -13.02 54 -127 639 -23.56 -43.48 -9 329 73 -13.13 -53.57 93 16 104
62.09 -14.27 -203 -65 583 -23.46 -43.69 46 310 372 -13.07 -53.85 -17 53 113
61.00 -15.41 -294 -95 560 -23.49 -43.22 18 63 584 -13.04 -54.09 -33 174 128
59.77 -16.58 -257 -212 520 -23.78 -42.75 -131 37 281 -12.95 -54.39 -23 199 171
58.42 -17.67 -262 -198 468 -24.03 -42.24 -228 71 112 -12.89 -54.75 16 193 259
57.16 -18.47 -176 -2 372 -24.27 -41.65 46 233 8 -12.77 -55.20 147 244 255
56.06 -19.02 -107 153 274 -24.57 -41.00 231 534 -355 -12.79 -55.94 134 29 355
54.92 -19.39 -271 346 -80 -24.91 -40.39 109 693 -543 -12.86 -56.79 224 21 414
53.84 -19.65 -273 772 -808 -25.25 -39.75 39 589 -467 -12.93 -57.73 270 73 452
53.07 -20.22 52 479 -747 -25.58 -39.05 -155 432 -427 -13.00 -58.74 283 118 520
52.71 -20.95 926 -416 97 -25.88 -38.18 -222 432 -413 -13.07 -59.63 116 -266 894
52.64 -21.36 1654 -1123 677 -26.14 -37.12 305 713 -471 -12.95 -60.06 116 -908 1131
52.56 -21.35 1913 -1487 872 -26.41 -35.93 948 1234 -1040 -12.95 -59.89 66 -1052 937
52.46 -20.80 1645 -1379 572 -26.37 -35.48 2304 1951 -2258 -13.20 -59.08 -98 -403 513
52.43 -19.87 874 -1053 -59 -26.35 -36.37 1620 988 -1653 -13.27 -57.96 68 441 165
52.47 -18.78 -203 -578 -817 -26.00 -36.98 -157 -1449 512 -12.86 -56.58 518 987 -132
52.95 -17.75 -574 -482 -1057 -25.67 -37.32 -195 -1495 47 -12.33 -55.14 624 1818 -973
