64.70 -5.71 167 2 39 -24.14 -43.43 42 166 -17 -13.96 -52.53 108 43 61
64.79 -5.70 309 8 31 -24.06 -43.61 63 170 84 -13.92 -52.66 126 74 51
64.84 -5.69 372 -26 67 -24.03 -43.78 59 231 119 -13.87 -52.81 133 37 80
64.85 -5.66 300 -38 56 -24.08 -43.13 -180 -330 1048 -13.83 -52.99 1 24 97
64.86 -5.63 145 -54 96 -24.47 -41.90 -157 3 357 -13.79 -53.19 38 47 144
64.90 -5.64 53 -59 116 -24.72 -41.20 134 488 -135 -13.81 -53.39 104 90 177
64.95 -5.67 40 -41 84 -25.05 -40.65 194 779 -389 -13.88 -53.62 145 211 337
64.95 -5.67 40 -41 84 -25.05 -40.65 194 779 -389 -13.88 -53.62 145 211 337
65.18 -5.70 204 51 14 -25.36 -40.13 486 430 -337 -13.96 -54.20 24 162 492
65.29 -5.74 278 38 75 -25.63 -39.91 44 232 -250 -13.94 -54.63 -66 292 570
65.35 -5.78 303 2 135 -25.83 -39.53 -228 -18 -54 -13.72 -55.24 140 74 578
65.38 -5.79 282 17 150 -26.01 -38.96 -408 -305 255 -12.98 -56.26 614 -769 850
65.40 -5.80 281 28 119 -26.24 -37.92 -599 -775 732 -13.11 -56.64 333 -1050 755
65.45 -5.79 290 49 56 -26.66 -36.17 -358 -733 624 -13.43 -56.77 70 -522 360
65.49 -5.74 221 48 13 -27.19 -34.01 366 274 -668 -13.87 -56.60 -248 -230 245
65.52 -5.69 149 78 -29 -27.58 -32.39 1721 1944 -2968 -14.03 -56.17 -224 -503 263
65.54 -5.66 118 71 2 -27.16 -33.42 4198 3637 -5002 -14.09 -55.25 -112 -384 172
65.57 -5.65 209 29 96 -26.78 -36.02 -722 -185 -529 -14.06 -53.91 44 488 -175
65.59 -5.66 295 28 188 -26.49 -36.44 -839 -1928 753 -13.72 -52.57 339 1635 -794
65.56 -5.63 367 71 189 -26.19 -36.85 -560 -1815 285 -13.23 -51.67 350 2643 -1468
