64.49 -3.91 221 -69 65 -25.70 -41.44 116 74 -67 -15.43 -49.11 78 -45 57
64.49 -3.86 207 -79 75 -25.73 -41.41 76 62 -71 -15.47 -49.06 101 -48 37
64.47 -3.83 292 -134 176 -25.77 -41.34 99 -58 62 -15.54 -49.02 86 -42 33
64.42 -3.74 371 -131 187 -25.84 -41.17 67 -98 38 -15.61 -49.01 63 -9 3
64.40 -3.58 361 -128 184 -25.86 -41.06 23 -23 -45 -15.66 -49.02 52 9 -8
64.41 -3.43 332 -118 168 -25.87 -40.95 67 10 -90 -15.71 -49.00 56 -80 38
64.37 -3.28 275 -86 109 -25.93 -40.74 -144 -160 61 -15.75 -48.97 69 -139 38
64.34 -3.19 261 -42 66 -26.04 -40.32 -179 -298 181 -15.84 -48.93 -14 -171 58
64.26 -3.11 328 -51 72 -26.11 -39.92 -135 -265 105 -15.82 -48.89 35 -158 47
64.17 -3.03 206 -35 59 -26.21 -39.51 -118 -226 119 -15.89 -48.88 -30 -125 36
63.95 -3.00 -199 57 5 -26.36 -39.02 -38 -153 104 -15.94 -48.86 -57 -354 212
63.60 -3.16 -963 287 -272 -26.55 -38.50 13 -105 68 -16.00 -48.84 -26 -456 246
63.60 -3.16 -963 287 -272 -26.55 -38.50 13 -105 68 -16.00 -48.84 -26 -456 246
62.76 -4.29 -1686 711 -736 -26.74 -37.44 24 254 -334 -16.23 -48.91 59 -241 174
62.55 -5.24 -58 550 -117 -26.79 -36.94 440 1144 -1123 -16.38 -48.95 152 -170 170
62.78 -5.63 2165 -388 1038 -26.64 -36.87 2150 2785 -2506 -16.54 -48.92 129 -60 103
62.57 -5.49 1155 -485 613 -26.22 -38.89 3718 4567 -4251 -16.66 -48.85 122 48 63
62.55 -5.32 488 -388 169 -25.97 -42.47 626 1812 -680 -16.68 -48.71 72 348 78
62.68 -5.19 641 -386 21 -25.99 -43.21 -1091 -1483 1624 -16.37 -48.48 9 1063 -81
62.73 -5.01 806 -230 -118 -25.81 -43.78 -673 -1429 864 -15.80 -48.24 322 2289 -748
