64.05 -4.83 212 -4 55 -26.10 -41.90 95 97 -91 -13.92 -48.51 501 3316 -1560
64.04 -4.82 192 -24 72 -26.15 -41.80 90 102 -79 -13.78 -49.68 -759 -2006 755
63.99 -4.85 93 -44 76 -26.18 -41.74 118 102 -81 -13.59 -49.34 -765 -1894 627
63.91 -4.91 58 -4 19 -26.23 -41.69 115 89 -84 -13.24 -48.97 -129 -968 -108
63.88 -4.99 175 -43 103 -26.28 -41.62 105 70 -39 -13.16 -48.69 427 -518 -461
63.82 -5.02 277 -47 120 -26.39 -41.48 52 65 -20 -13.31 -48.46 524 -299 -451
63.79 -4.98 434 -57 152 -26.48 -41.10 -236 -155 243 -13.53 -48.40 391 -594 -185
63.80 -4.86 400 -95 144 -26.61 -40.61 85 34 -34 -13.85 -48.28 20 -597 -14
63.78 -4.75 287 -95 103 -26.76 -40.20 -8 -149 82 -14.19 -48.06 -260 -366 -85
63.73 -4.66 235 -74 68 -26.94 -39.57 -218 -418 223 -14.15 -47.80 -8 566 -345
63.66 -4.58 208 -21 22 -27.09 -38.81 -107 -382 55 -14.17 -47.80 83 1116 -613
63.52 -4.58 62 17 2 -27.20 -38.05 -115 -278 -58 -14.17 -48.01 4 1127 -456
63.12 -4.75 -436 229 -208 -27.29 -37.19 -151 -247 -29 -14.06 -48.32 -7 861 -254
62.63 -5.09 -990 614 -561 -27.37 -36.17 -111 -224 -13 -13.84 -48.66 14 517 -43
62.06 -5.82 -1307 816 -836 -27.47 -35.12 376 343 -525 -13.67 -48.95 10 86 134
61.51 -6.63 687 412 164 -27.59 -34.52 1699 1709 -1737 -13.50 -49.17 216 -258 269
61.61 -6.94 1795 -532 1191 -27.58 -35.69 4007 4227 -4263 -13.47 -49.33 230 -213 123
61.23 -6.72 848 -483 532 -27.25 -39.97 2126 2885 -2376 -13.60 -49.45 305 -49 -34
61.16 -6.53 542 -481 180 -27.37 -41.13 -1233 -1355 1400 -13.78 -49.64 217 246 -197
61.11 -6.32 478 -423 -115 -27.25 -41.52 -833 -1413 782 -13.95 -49.93 176 397 -202
