64.22 -5.22 207 -3 62 -26.45 -41.10 107 107 -128 -15.20 -50.57 29 25 -1
64.23 -5.20 239 8 63 -26.46 -41.09 98 110 -126 -15.19 -50.58 27 37 -5
64.23 -5.19 220 20 52 -26.46 -41.08 90 123 -113 -15.18 -50.58 61 39 -9
64.23 -5.19 220 20 52 -26.46 -41.08 90 123 -113 -15.18 -50.58 61 39 -9
64.21 -5.21 175 -15 90 -26.42 -41.09 103 133 -56 -15.17 -50.58 21 1 -35
64.18 -5.22 233 -31 116 -26.40 -41.11 126 126 -47 -15.16 -50.57 13 8 -29
64.16 -5.18 329 -50 143 -26.40 -41.11 96 101 -37 -15.14 -50.57 31 7 -3
64.16 -5.09 465 -52 112 -26.41 -41.09 52 76 -43 -15.11 -50.55 66 8 18
64.19 -4.95 522 -124 167 -26.42 -41.05 -17 -31 30 -15.09 -50.54 61 17 12
64.21 -4.75 329 -147 135 -26.44 -40.85 -321 -391 417 -15.10 -50.52 53 8 5
64.23 -4.59 182 -194 185 -26.56 -40.13 -407 -738 694 -15.12 -50.49 52 -1 7
64.14 -4.48 -61 -154 142 -26.68 -39.38 -157 -618 419 -15.14 -50.45 2 -92 82
64.03 -4.45 -320 -39 28 -26.81 -38.57 -264 -534 266 -15.11 -50.34 -7 -269 199
63.78 -4.66 -559 112 -36 -26.96 -37.43 -318 -339 74 -14.92 -50.12 25 -544 343
63.27 -5.08 -868 484 -377 -27.12 -36.15 37 202 -515 -14.98 -49.76 -25 -571 244
62.77 -5.78 -991 694 -713 -27.26 -35.16 888 1162 -1443 -14.99 -49.43 -139 -824 412
62.17 -6.72 133 588 -181 -27.37 -34.96 2911 2837 -2802 -14.87 -48.95 -147 -789 466
62.23 -7.11 2105 -364 949 -27.34 -37.21 4601 4667 -4684 -14.71 -48.33 62 -362 171
61.83 -6.98 1003 -491 538 -27.31 -41.21 108 816 -304 -14.70 -47.71 77 155 -85
61.58 -6.81 438 -443 160 -27.37 -41.87 -653 -1288 1071 -14.55 -47.10 -27 682 -241
