64.41 -4.27 253 -45 111 -25.45 -43.10 80 183 15 -14.12 -51.01 68 -83 -10
64.50 -4.15 500 -96 174 -25.30 -43.54 57 195 -41 -14.17 -51.01 104 -44 -6
64.50 -4.15 500 -96 174 -25.30 -43.54 57 195 -41 -14.17 -51.01 104 -44 -6
64.67 -3.68 454 -79 43 -25.00 -44.53 152 41 5 -14.23 -51.01 25 51 -3
64.73 -3.47 373 -89 60 -24.81 -45.17 256 -5 69 -14.24 -51.03 2 61 -11
64.82 -3.24 452 -109 105 -24.63 -45.96 271 -24 169 -14.23 -51.06 -15 56 -36
64.90 -2.99 509 -149 161 -24.46 -46.81 157 23 179 -14.20 -51.10 4 -44 -9
64.97 -2.72 531 -204 205 -24.31 -47.62 -55 -210 317 -14.20 -51.12 49 -160 -4
65.03 -2.41 556 -292 293 -24.19 -48.02 -323 -619 557 -14.13 -51.23 242 -207 -24
65.09 -1.98 536 -282 284 -24.10 -48.22 -297 -640 375 -14.23 -51.30 76 -286 88
65.11 -1.52 409 -308 233 -23.94 -48.58 -69 -377 59 -14.30 -51.27 99 -315 142
65.08 -1.07 158 -246 97 -23.79 -49.15 63 -250 20 -14.37 -51.19 88 -442 173
65.02 -0.70 -160 -184 -10 -23.59 -49.90 17 -48 -48 -14.44 -51.06 41 -618 224
64.91 -0.49 -417 -207 84 -23.41 -50.61 60 341 -174 -14.61 -50.84 -6 -643 172
64.71 -0.47 -583 -222 258 -23.19 -51.31 280 1035 -472 -14.88 -50.66 -108 -698 212
64.25 -0.65 -874 -162 374 -22.86 -52.30 758 2103 -947 -15.01 -50.44 -42 -721 237
63.40 -1.14 -1331 -4 209 -22.19 -54.35 1428 3791 -1636 -15.17 -50.21 13 -473 127
62.53 -1.77 -335 186 375 -20.98 -57.72 1988 5185 -1892 -15.27 -50.07 43 -100 -7
62.13 -2.03 1682 -648 1095 -19.45 -61.33 -170 2220 559 -15.33 -49.92 84 494 -243
61.44 -1.61 1875 -1039 1009 -19.09 -62.22 -1073 -199 2078 -15.26 -49.86 187 1109 -407
