66.51 -4.91 84 -78 81 -20.33 -53.65 32 245 -111 -12.39 -51.11 -46 70 -20
66.52 -4.82 80 -90 103 -20.20 -54.02 108 257 -33 -12.41 -51.24 -14 136 -28
66.56 -4.73 85 -78 110 -20.12 -54.32 53 28 106 -12.42 -51.40 37 130 -8
66.59 -4.62 97 -62 95 -20.09 -54.44 -63 -280 200 -12.45 -51.52 55 39 38
66.62 -4.52 152 -39 88 -20.09 -54.45 -116 -342 114 -12.50 -51.63 47 -19 49
66.65 -4.43 233 -49 89 -20.09 -54.48 -72 -144 -81 -12.54 -51.78 27 41 15
66.65 -4.30 247 -51 79 -20.06 -54.53 -61 -145 -35 -12.60 -51.94 2 102 14
66.67 -4.17 214 -52 73 -20.10 -54.35 -107 -353 91 -12.63 -52.08 -2 89 23
66.69 -4.05 160 -64 72 -20.19 -54.04 -96 -534 175 -12.68 -52.17 -10 16 33
66.69 -4.05 160 -64 72 -20.19 -54.04 -96 -534 175 -12.68 -52.17 -10 16 33
67.25 -5.54 2229 -510 1167 -20.27 -53.63 133 -34 -125 -12.81 -52.36 -29 98 -49
67.04 -6.01 2559 -1010 1418 -20.24 -53.64 222 208 -143 -12.86 -52.50 9 131 -1
66.56 -5.94 1508 -946 971 -20.24 -53.75 261 505 -243 -12.86 -52.60 60 6 104
66.33 -5.72 849 -872 419 -20.21 -53.88 353 959 -399 -12.87 -52.63 30 -184 146
66.02 -5.43 110 -667 -156 -20.17 -54.05 589 1694 -772 -12.92 -52.59 -51 -338 151
65.80 -5.25 -389 -474 -321 -19.93 -54.59 1147 2888 -1276 -12.97 -52.50 -96 -321 100
65.80 -5.25 -389 -474 -321 -19.93 -54.59 1147 2888 -1276 -12.97 -52.50 -96 -321 100
65.72 -4.81 1000 -526 436 -17.88 -60.41 2201 6217 -2533 -13.06 -52.19 -33 -251 70
65.56 -4.17 873 -417 505 -17.12 -61.94 1165 2875 946 -13.10 -51.91 -31 -397 133
65.42 -3.47 165 -301 375 -17.15 -62.32 468 1281 -531 -13.15 -51.51 -28 -478 136
