62.11 0.03 -2073 614 -496 -20.39 -58.81 1757 4796 -1804 -12.48 -49.64 176 -403 61
62.30 -0.81 -605 441 22 -19.57 -60.81 -87 2042 862 -12.50 -49.86 -35 -767 111
62.60 -1.42 886 -354 871 -19.15 -61.54 -973 874 1714 -12.57 -50.04 -129 -707 51
62.51 -1.52 1268 -661 849 -18.80 -62.25 -732 272 718 -12.63 -50.21 -74 -412 -33
62.27 -1.32 974 -698 515 -18.42 -62.76 -171 109 45 -12.68 -50.44 16 -68 -141
62.09 -0.97 725 -424 45 -18.13 -63.10 -6 -133 -98 -12.73 -50.74 107 56 -94
62.01 -0.76 656 -158 -150 -18.10 -63.06 179 -313 -50 -12.73 -50.99 33 -302 307
61.93 -0.68 706 -198 88 -18.38 -62.71 180 -491 42 -12.58 -51.08 22 -480 298
61.84 -0.43 496 -257 227 -18.99 -61.90 -343 -1218 393 -12.50 -51.12 114 -329 172
61.60 -0.09 -349 -90 -11 -19.78 -60.36 -592 -1959 909 -12.49 -51.13 130 -211 86
61.54 0.07 -621 -49 49 -20.39 -58.77 -308 -1104 353 -12.50 -51.12 93 -132 56
61.56 0.09 -724 94 -24 -21.28 -56.56 -1038 -1388 358 -12.53 -51.12 74 -60 36
61.59 0.01 -1000 256 -196 -22.15 -53.45 -656 -271 -530 -12.55 -51.13 61 -27 27
61.68 -0.22 -1077 441 -375 -23.01 -49.52 97 1089 -1651 -12.57 -51.13 70 -8 23
61.85 -0.61 -709 509 -415 -23.58 -45.67 888 1725 -2152 -12.59 -51.14 77 4 22
62.00 -1.10 -109 388 -240 -24.05 -42.78 1798 2537 -2887 -12.61 -51.15 73 11 22
62.06 -1.57 670 102 73 -24.23 -41.60 2465 2599 -2986 -12.63 -51.16 77 6 18
61.99 -1.84 1067 -146 261 -24.23 -41.91 2242 1552 -2066 -12.66 -51.17 97 17 13
61.84 -1.95 847 -179 186 -24.37 -43.00 917 -38 -732 -12.71 -51.17 70 27 20
61.84 -1.95 847 -179 186 -24.37 -43.00 917 -38 -732 -12.71 -51.17 70 27 20
