62.50 -2.55 167 -12 65 -24.73 -43.18 99 109 -91 -13.25 -51.11 34 14 -6
62.54 -2.51 182 14 47 -24.72 -43.19 90 85 -54 -13.24 -51.13 47 16 4
62.57 -2.49 191 20 49 -24.71 -43.20 110 74 7 -13.24 -51.13 46 12 -4
62.59 -2.48 242 -12 93 -24.69 -43.24 93 95 -11 -13.24 -51.13 29 9 -12
62.62 -2.43 412 -99 171 -24.66 -43.32 166 23 16 -13.23 -51.13 27 -1 -9
62.63 -2.30 402 -117 137 -24.67 -43.60 72 -66 -2 -13.23 -51.13 27 4 -9
62.66 -2.15 344 -43 43 -24.56 -44.04 123 -67 101 -13.21 -51.13 37 21 -6
62.76 -2.00 610 -64 167 -24.39 -44.71 153 -117 223 -13.20 -51.13 53 15 3
62.92 -1.74 913 -199 331 -24.18 -45.65 99 -428 457 -13.22 -51.12 74 -20 17
63.04 -1.38 906 -268 302 -23.95 -46.74 -308 -1015 840 -13.24 -51.12 61 -179 22
63.09 -0.98 672 -263 257 -23.72 -47.47 -598 -1108 692 -13.33 -51.10 53 -236 16
63.21 -0.57 461 -270 227 -23.41 -48.32 -272 -652 357 -13.43 -51.04 75 -292 62
63.21 -0.13 306 -250 166 -23.16 -49.37 -6 -182 136 -13.52 -50.91 14 -644 254
63.12 0.32 227 -228 149 -22.91 -50.51 120 222 -61 -13.61 -50.69 45 -912 214
63.04 0.80 -30 -72 36 -22.61 -51.60 317 1162 -537 -13.79 -50.49 -102 -1105 279
62.88 1.11 -435 18 13 -22.05 -52.96 1371 2894 -1167 -14.03 -50.30 -97 -990 305
62.41 1.01 -1036 49 -57 -21.19 -55.14 2624 5268 -1956 -14.28 -49.89 -26 -607 151
61.73 0.46 -1816 337 -390 -19.89 -58.69 2678 6479 -2383 -14.39 -49.45 16 -394 51
61.23 -0.28 -669 415 56 -18.62 -62.00 -1919 1349 1859 -14.41 -49.06 134 -5 -125
61.12 -0.74 1051 -393 886 -18.60 -62.64 -1390 -255 1093 -14.28 -48.80 344 480 -258
