61.10 -1.39 -62 56 -53 -24.98 -44.52 107 270 159 -12.82 -51.57 71 -3 30
60.88 -1.63 1 68 -47 -25.12 -44.57 -61 256 120 -12.87 -51.52 108 -57 32
60.66 -1.86 372 2 97 -25.26 -44.53 -22 48 73 -12.97 -51.43 121 -40 45
60.37 -2.01 588 -160 300 -25.47 -44.30 -402 -600 450 -13.08 -51.34 94 -1 84
60.04 -2.04 506 -199 224 -25.75 -43.60 -419 -643 449 -13.13 -51.12 -28 -159 352
59.64 -2.12 277 -119 34 -26.05 -42.86 -100 27 -157 -13.04 -50.66 -104 82 185
59.13 -2.36 134 -45 -30 -26.31 -42.15 262 395 -344 -12.94 -50.21 -230 -136 254
58.55 -2.64 59 99 -114 -26.69 -41.34 333 348 -268 -12.63 -49.60 -159 -620 365
57.94 -3.00 -59 183 -161 -27.20 -40.38 208 262 -216 -12.45 -48.70 -27 -539 110
57.29 -3.49 -146 282 -239 -27.77 -39.24 100 414 -360 -12.46 -47.57 -33 -12 -173
56.59 -4.10 -238 587 -470 -28.42 -37.99 339 831 -660 -12.43 -46.05 32 519 -520
55.94 -4.84 -211 836 -604 -28.96 -36.99 974 1202 -913 -12.42 -44.38 76 668 -705
55.47 -5.83 155 753 -534 -29.36 -36.61 1504 1214 -1112 -12.35 -42.50 26 378 -513
55.22 -6.71 1030 -14 418 -29.39 -37.19 924 -382 -506 -12.25 -40.27 -114 310 -577
55.14 -7.06 1255 -670 751 -29.42 -37.71 -1009 -1589 124 -12.20 -37.86 -5 775 -1210
54.86 -6.91 706 -670 448 -29.41 -37.45 -481 -1108 -256 -12.43 -35.97 756 1933 -2999
54.77 -6.58 510 -455 167 -29.35 -37.30 285 -529 -408 -13.31 -36.21 1164 2514 -3669
54.88 -6.12 739 -240 144 -29.37 -37.24 177 -576 -5 -13.30 -37.71 -850 -1120 873
55.19 -5.59 1002 -293 328 -29.37 -36.99 -115 -836 159 -13.13 -37.66 -275 -1379 384
55.60 -4.89 756 -354 342 -29.32 -36.69 -82 -969 200 -13.19 -37.64 -297 -1297 204
