61.47 -1.22 169 -9 71 -26.06 -43.30 105 127 -97 -13.70 -49.39 91 41 19
61.47 -1.20 158 -7 67 -26.06 -43.30 105 129 -95 -13.76 -49.28 71 29 47
61.47 -1.21 151 -19 82 -26.06 -43.30 92 120 -95 -13.80 -49.14 -18 -97 234
61.46 -1.23 158 -23 96 -26.05 -43.30 96 131 -94 -13.69 -48.78 -47 -252 300
61.45 -1.23 159 -9 78 -26.05 -43.31 102 135 -84 -13.59 -48.30 -106 -297 315
61.45 -1.23 164 -3 65 -26.04 -43.32 97 124 -71 -13.37 -47.64 -130 -383 343
61.44 -1.24 159 10 50 -26.02 -43.36 109 127 -73 -13.11 -46.76 -106 -333 189
61.45 -1.24 153 1 59 -26.02 -43.37 96 135 -91 -12.90 -45.71 -49 -359 32
61.45 -1.24 144 -7 71 -26.02 -43.39 83 130 -93 -12.79 -44.41 -8 -310 -110
61.45 -1.25 140 -14 71 -26.00 -43.41 78 136 -99 -12.73 -42.97 27 -131 -359
61.45 -1.26 164 -21 82 -26.00 -43.44 84 129 -94 -12.66 -41.49 -22 -141 -384
61.44 -1.26 183 -16 79 -25.99 -43.48 91 133 -93 -12.54 -39.91 -60 -266 -288
61.43 -1.26 155 -10 56 -25.99 -43.51 98 156 -99 -12.40 -38.10 -137 -218 -329
61.42 -1.26 132 10 32 -25.99 -43.54 95 145 -91 -12.32 -36.06 -100 223 -676
61.42 -1.29 139 -10 60 -25.99 -43.54 91 121 -65 -12.25 -33.86 -68 997 -1500
61.41 -1.31 142 -11 83 -26.02 -43.54 96 108 -59 -12.42 -32.12 619 2424 -3525
61.39 -1.33 161 -35 95 -26.05 -43.52 92 127 -49 -13.33 -32.95 1862 3988 -6100
61.35 -1.36 148 -24 79 -26.10 -43.46 90 86 48 -14.93 -37.25 759 2107 -3889
61.29 -1.43 144 -20 73 -26.18 -43.38 119 110 31 -14.01 -38.78 -661 -1290 -304
61.22 -1.47 112 11 44 -26.26 -43.36 103 113 16 -13.74 -38.94 -1019 -1039 -492
