62.53 -2.10 213 -86 218 -26.85 -43.53 61 168 70 -14.21 -49.60 67 12 -12
62.38 -2.16 282 -149 330 -26.81 -43.77 54 195 146 -14.23 -49.56 50 56 -12
62.15 -2.26 327 -252 422 -26.77 -44.02 91 109 266 -14.22 -49.50 42 -28 55
61.80 -2.34 341 -218 333 -26.71 -44.38 77 -173 543 -14.19 -49.40 1 -114 146
61.45 -2.38 403 -73 120 -26.80 -44.50 -297 -543 876 -14.05 -49.13 23 -210 198
61.05 -2.49 427 -17 19 -27.03 -44.24 -414 -573 739 -13.98 -48.85 40 98 -48
60.53 -2.70 358 -21 -25 -27.33 -43.84 -283 -158 217 -13.91 -48.60 15 46 78
59.90 -2.92 202 69 -206 -27.73 -43.28 16 266 -218 -13.75 -48.16 143 -157 220
59.16 -3.19 -13 106 -240 -28.25 -42.51 -19 224 -337 -13.59 -47.32 113 -332 334
58.39 -3.56 -118 119 -196 -28.89 -41.47 -212 292 -580 -13.46 -45.87 155 -427 314
57.66 -3.98 -164 186 -196 -29.41 -40.28 82 743 -832 -13.47 -43.84 51 -262 45
56.93 -4.43 -280 449 -379 -29.62 -39.30 1035 1321 -986 -13.50 -41.33 -129 9 -317
56.21 -5.02 -343 771 -624 -29.77 -38.74 1730 1718 -1095 -13.41 -38.68 -296 -33 -443
55.67 -5.93 -174 770 -658 -29.90 -38.70 1895 923 -1071 -13.19 -35.86 -466 -50 -656
55.17 -6.95 144 795 -687 -29.83 -39.26 -865 -1530 141 -12.95 -32.94 -474 167 -1128
55.16 -7.87 1697 -337 643 -29.89 -38.79 -1278 -1505 -232 -12.75 -30.49 474 1266 -2909
54.97 -7.93 1165 -614 597 -29.86 -38.08 218 -528 -566 -13.46 -30.47 1796 3231 -5935
54.76 -7.76 447 -338 24 -29.92 -37.41 802 -83 -525 -14.93 -33.95 802 2331 -4276
54.75 -7.50 95 -13 -273 -30.16 -36.79 493 -207 -310 -14.30 -35.77 -918 -1914 246
54.98 -7.25 323 65 -109 -30.33 -36.27 185 -391 -300 -14.21 -35.92 -1086 -1646 -56
