66.81 -3.64 226 -35 101 -25.62 -43.40 109 113 -80 -13.11 -50.27 35 20 -19
66.79 -3.63 219 -18 72 -25.62 -43.40 108 108 -88 -13.10 -50.26 30 24 -7
66.80 -3.59 216 22 28 -25.61 -43.40 97 28 -92 -13.09 -50.26 19 17 3
66.81 -3.56 214 15 46 -25.61 -43.40 -32 -214 46 -13.09 -50.26 14 10 -3
66.82 -3.54 311 -58 152 -25.67 -43.35 54 -337 124 -13.11 -50.26 37 -3 4
66.79 -3.50 481 -178 294 -25.80 -43.08 -431 -800 533 -13.10 -50.26 69 -27 16
66.73 -3.40 624 -251 329 -25.90 -42.28 -526 -1213 802 -13.09 -50.24 99 -49 23
66.71 -3.22 685 -250 286 -26.03 -41.16 -230 -852 344 -13.07 -50.22 79 -150 74
66.80 -2.96 722 -220 245 -26.18 -40.13 148 -111 -190 -13.05 -50.16 36 -381 186
66.92 -2.62 663 -172 157 -26.32 -39.25 225 745 -623 -13.12 -50.00 -26 -689 401
66.95 -2.30 215 -164 60 -26.43 -38.54 410 1466 -1062 -13.04 -49.56 -77 -1355 876
66.83 -2.20 -406 -136 -24 -26.50 -38.21 777 1980 -1278 -12.95 -48.71 -172 -1505 703
66.51 -2.46 -739 6 -67 -26.51 -38.32 1417 2305 -1340 -12.96 -47.67 -246 -1301 416
66.04 -2.99 -766 214 -154 -26.41 -38.99 2278 1492 -1438 -12.91 -46.54 -170 -387 -229
65.44 -3.64 -930 445 -401 -26.09 -41.13 711 -436 -13 -12.79 -45.61 -183 796 -828
64.88 -4.38 -576 1052 -839 -26.03 -42.36 -1335 -1639 1157 -12.67 -45.08 189 2646 -2182
65.45 -4.82 1853 453 251 -25.95 -42.35 -1306 -1678 1418 -13.14 -46.04 1190 5385 -4504
65.77 -4.80 2084 -157 711 -26.04 -41.92 -117 -794 504 -14.25 -49.42 1835 6147 -5257
65.50 -4.45 1248 -238 324 -26.35 -41.71 339 113 -414 -14.35 -53.19 -1591 572 1389
65.35 -3.95 321 -265 -115 -26.65 -41.61 197 471 -637 -13.01 -53.52 -1024 -59 719
