66.15 -4.53 243 -6 85 -26.58 -42.39 95 163 -80 -14.42 -51.40 31 -273 42
66.22 -4.40 354 -33 125 -26.55 -42.41 95 125 -86 -14.37 -51.25 48 -396 168
66.23 -4.27 185 -35 52 -26.52 -42.43 133 92 -108 -14.35 -51.07 -80 -142 56
66.23 -4.19 4 -14 -33 -26.50 -42.45 105 80 -115 -14.33 -50.87 -60 -251 173
66.23 -4.19 4 -14 -33 -26.50 -42.45 105 80 -115 -14.33 -50.87 -60 -251 173
66.27 -4.20 148 -103 106 -26.49 -42.43 68 189 -58 -14.31 -50.32 57 -42 -28
66.28 -4.13 279 -127 163 -26.45 -42.45 57 193 -47 -14.33 -50.05 50 104 -132
66.28 -4.13 279 -127 163 -26.45 -42.45 57 193 -47 -14.33 -50.05 50 104 -132
66.39 -3.85 65 46 32 -26.83 -39.69 236 383 -211 -14.29 -49.60 -53 -95 -79
66.45 -3.80 38 88 8 -26.84 -39.57 141 453 -264 -14.28 -49.35 -80 -133 -93
66.46 -3.78 27 104 -7 -26.85 -39.41 198 687 -248 -14.25 -49.12 -16 -11 -96
66.46 -3.81 11 65 20 -26.93 -39.19 404 1037 -339 -14.19 -48.91 93 193 -124
66.43 -3.90 -54 19 88 -27.08 -38.96 880 1455 -493 -14.14 -48.75 156 291 -100
66.27 -4.13 -228 74 57 -27.11 -39.26 1661 775 -811 -14.06 -48.60 135 224 -48
65.98 -4.58 -383 147 -70 -27.00 -40.65 245 -612 -112 -13.96 -48.45 42 302 -129
65.46 -5.28 -702 307 -361 -27.00 -41.40 -1157 -1330 608 -13.87 -48.31 105 835 -481
65.27 -5.97 529 377 -282 -26.98 -41.26 -772 -1107 578 -14.11 -48.46 844 2841 -2147
65.73 -6.26 1888 -292 603 -27.04 -41.03 -13 -422 -73 -15.10 -50.06 1634 4498 -3516
65.59 -6.13 1301 -468 524 -27.19 -40.94 148 -53 -243 -15.46 -52.32 275 340 445
65.38 -5.88 481 -391 144 -27.36 -40.81 -42 -27 -191 -14.90 -52.87 -534 -723 491
