67.26 -5.73 385 -110 137 -26.38 -42.64 -80 -212 220 -13.95 -51.18 31 -42 -6
67.23 -5.66 439 -106 137 -26.42 -42.37 -65 -267 161 -13.96 -51.14 47 -22 -17
67.20 -5.53 424 -58 76 -26.44 -42.06 -128 -444 192 -13.97 -51.11 49 -95 30
67.21 -5.39 387 -8 17 -26.51 -41.60 -278 -615 252 -14.01 -51.04 55 -185 85
67.25 -5.24 360 -20 62 -26.64 -40.97 -188 -460 74 -14.09 -50.90 55 -296 155
67.31 -5.05 465 -62 124 -26.80 -40.35 -4 -98 -209 -14.03 -50.69 116 -396 238
67.41 -4.83 629 -209 272 -26.87 -39.79 196 183 -355 -14.09 -50.40 16 -391 187
67.45 -4.54 597 -313 311 -26.95 -39.27 239 407 -482 -14.06 -50.05 -108 -735 371
67.42 -4.20 329 -328 237 -26.99 -38.83 279 669 -598 -13.94 -49.44 -185 -1067 506
67.38 -3.89 45 -204 54 -26.97 -38.49 392 896 -624 -13.90 -48.57 -227 -962 349
67.28 -3.71 -133 -147 -3 -26.97 -38.28 626 1235 -726 -13.83 -47.61 -255 -727 179
67.16 -3.66 -328 -66 -79 -26.96 -38.38 983 1711 -837 -13.71 -46.56 -162 -481 -14
66.99 -3.73 -501 67 -154 -27.05 -38.54 1232 2265 -882 -13.55 -45.56 -64 60 -454
66.82 -3.96 -539 224 -201 -26.92 -39.48 2112 633 -1058 -13.41 -44.80 -71 684 -831
66.63 -4.39 -523 313 -212 -26.86 -41.31 -624 -1181 429 -13.19 -44.32 108 1277 -1177
66.23 -5.05 -1035 419 -420 -26.79 -41.78 -2069 -2016 1380 -13.21 -44.27 573 2612 -2254
65.71 -5.87 -804 939 -712 -26.68 -41.23 -831 -1339 1010 -13.98 -45.58 1539 4920 -4383
66.46 -6.36 2046 96 534 -26.80 -40.83 255 -193 -268 -15.39 -49.41 1825 6024 -5159
66.65 -6.23 2130 -480 899 -26.97 -40.78 495 315 -616 -15.80 -53.85 -1365 1017 1090
66.31 -5.78 1173 -428 424 -27.12 -40.79 95 209 -451 -14.60 -53.90 -1198 463 133
