66.95 -5.80 357 -44 52 -26.33 -42.41 -166 -702 363 -13.53 -52.25 37 -9 -34
66.97 -5.71 396 -73 72 -26.28 -42.24 -236 -1088 588 -13.55 -52.25 74 -27 -8
66.99 -5.60 396 -73 31 -26.31 -41.94 -324 -1098 450 -13.56 -52.26 60 -141 17
67.06 -5.46 520 -105 78 -26.32 -41.53 -132 -707 178 -13.59 -52.25 87 -214 41
67.19 -5.31 850 -82 37 -26.28 -41.29 79 -227 -80 -13.72 -52.31 96 -271 1
67.39 -5.28 1120 -161 41 -26.27 -41.06 187 133 -161 -13.78 -52.40 -52 -795 369
67.61 -5.32 1064 -280 64 -26.27 -40.73 297 537 -383 -13.76 -52.27 18 -1269 467
67.75 -5.37 663 -219 27 -26.16 -40.43 364 825 -529 -13.92 -52.06 -146 -1331 293
67.88 -5.40 229 -85 -63 -26.07 -40.08 232 1068 -614 -14.15 -51.89 -176 -1161 161
67.85 -5.42 -85 26 -86 -25.97 -39.70 285 1398 -739 -14.29 -51.80 -6 -691 -54
67.74 -5.45 -336 108 -73 -25.84 -39.30 419 1881 -884 -14.36 -51.91 138 7 -386
67.64 -5.53 -514 131 -32 -25.94 -38.79 821 2436 -1089 -14.43 -52.57 314 758 -671
67.54 -5.66 -626 42 135 -26.09 -38.65 1644 2081 -1583 -14.47 -53.82 308 1162 -550
67.33 -5.86 -751 73 206 -25.89 -40.00 -635 -693 -47 -14.43 -55.27 181 1662 -493
67.03 -6.26 -1145 143 178 -25.88 -40.31 -2037 -2311 1638 -14.34 -56.83 144 2305 -580
66.47 -6.98 -1826 431 -55 -25.50 -39.68 -904 -1727 1478 -14.27 -58.72 229 3815 -1235
66.18 -7.85 -1126 840 -272 -25.64 -39.05 -85 -524 -20 -14.37 -61.48 537 5457 -1849
66.87 -8.42 2010 -297 983 -25.68 -38.76 772 210 -624 -14.61 -64.98 23 3540 118
67.14 -8.18 2696 -781 1258 -25.92 -38.58 520 341 -629 -13.62 -66.90 -2020 -602 2565
66.92 -7.60 1797 -521 514 -26.22 -38.32 287 261 -455 -12.11 -67.73 -485 -776 986
