66.44 -7.78 309 -79 91 -26.81 -41.82 112 128 -95 -14.03 -52.42 48 -15 -16
66.46 -7.71 298 -77 81 -26.82 -41.81 103 134 -95 -14.04 -52.45 40 -39 -29
66.46 -7.71 298 -77 81 -26.82 -41.81 103 134 -95 -14.04 -52.45 40 -39 -29
66.53 -7.52 399 -77 90 -26.82 -41.82 102 141 -90 -14.08 -52.52 49 -119 31
66.64 -7.30 659 -158 135 -26.82 -41.83 99 135 -91 -14.09 -52.56 89 -144 38
66.78 -6.98 903 -226 173 -26.81 -41.84 90 118 -98 -14.17 -52.77 205 -106 -239
66.98 -6.48 1143 -357 253 -26.81 -41.84 97 119 -98 -14.34 -53.37 44 -717 146
67.08 -5.82 941 -388 196 -26.81 -41.83 105 125 -96 -14.46 -53.89 -24 -1005 186
67.18 -5.12 617 -330 74 -26.81 -41.83 107 126 -109 -14.62 -54.66 -13 -832 51
67.26 -4.46 345 -305 32 -26.80 -41.84 110 125 -112 -14.79 -55.65 13 -574 102
67.25 -3.86 134 -288 13 -26.80 -41.84 101 131 -111 -14.87 -56.61 -9 -447 240
67.21 -3.35 -193 -208 -48 -26.79 -41.85 93 137 -104 -14.90 -57.46 47 -27 140
67.14 -2.95 -608 -29 -143 -26.78 -41.85 99 140 -98 -14.96 -58.25 67 414 91
66.99 -2.79 -1000 212 -233 -26.77 -41.85 103 135 -98 -14.98 -58.97 -28 1164 -20
66.81 -3.03 -1274 419 -283 -26.77 -41.86 99 130 -101 -14.81 -59.79 167 2112 -218
66.50 -3.72 -1633 502 -346 -26.75 -41.86 100 116 -97 -14.68 -60.98 620 3736 -780
66.14 -4.68 -1736 727 -558 -26.74 -41.87 107 100 -96 -14.70 -62.97 1082 4864 -1271
66.49 -5.51 696 282 362 -26.72 -41.91 123 73 -112 -14.90 -65.72 41 3225 83
66.97 -5.69 2476 -694 1422 -26.70 -41.98 121 68 -118 -14.23 -67.34 -1774 -533 2220
66.74 -5.25 1938 -658 861 -26.69 -42.05 122 73 -109 -13.24 -67.99 -496 -852 803
