66.73 -0.92 243 -318 83 -23.56 -44.02 23 -116 -54 -12.85 -47.88 101 534 -282
66.64 -0.17 158 -283 67 -23.55 -44.00 68 -190 -18 -12.88 -47.53 139 897 -398
66.52 0.50 19 -229 36 -23.52 -44.07 137 -185 -68 -12.86 -47.28 195 1255 -482
66.37 1.07 -278 -143 -40 -23.35 -44.50 267 -178 -63 -12.78 -47.15 219 1877 -635
66.23 1.48 -591 -27 -143 -23.10 -45.29 7 -507 244 -12.53 -47.30 443 3005 -891
66.14 1.69 -916 66 -201 -22.84 -45.95 -185 -752 391 -11.94 -47.84 1031 4527 -1593
66.08 1.59 -1424 462 -463 -22.53 -46.67 -68 -652 347 -11.72 -49.20 693 4149 -2813
66.17 0.95 -2217 899 -781 -22.32 -47.49 -118 -403 289 -12.65 -51.58 587 -236 -351
66.35 -0.57 -3153 1263 -1230 -22.12 -48.37 -97 -8 73 -13.18 -52.40 -1611 -3674 2379
66.79 -2.63 -1016 1362 -797 -21.88 -49.25 -19 156 81 -12.72 -52.08 -1384 -3534 2184
67.77 -4.14 2369 -290 814 -21.69 -49.94 -12 289 74 -12.52 -51.43 -583 -2125 936
67.76 -4.82 3005 -1187 1550 -21.49 -50.66 9 750 -165 -12.70 -50.65 -255 -985 -162
67.34 -4.84 1861 -1204 1289 -21.32 -51.21 356 1295 -354 -13.00 -50.03 254 -17 -827
66.94 -4.63 739 -1104 614 -21.21 -51.80 693 1951 -704 -13.39 -49.68 364 267 -772
66.50 -4.27 -224 -721 -176 -21.02 -52.73 783 2630 -953 -13.59 -49.71 28 -398 -226
66.30 -4.08 -559 -362 -463 -20.41 -54.32 1696 4746 -2198 -13.74 -49.69 -264 -694 171
66.31 -4.09 279 -352 -71 -18.84 -58.19 2637 6616 -3007 -14.00 -49.48 -84 -245 522
66.30 -3.83 1016 -527 406 -18.02 -60.36 -2158 838 3066 -14.04 -49.10 -37 1105 -212
66.07 -3.27 887 -419 538 -18.33 -61.00 -785 430 621 -14.22 -48.99 125 1920 -506
65.80 -2.69 -196 -120 279 -18.15 -62.00 -398 -257 -100 -14.27 -49.21 -89 1964 -460
