66.34 -7.19 306 -71 74 -26.59 -42.28 -169 -809 452 -14.14 -52.40 51 -27 6
66.34 -7.13 309 -97 77 -26.55 -42.07 -161 -874 473 -14.13 -52.40 62 -73 14
66.35 -7.04 325 -99 76 -26.50 -41.93 -75 -566 205 -14.15 -52.38 32 -110 6
66.37 -6.93 371 -95 62 -26.33 -41.86 -77 -500 292 -14.19 -52.36 46 -103 -19
66.46 -6.74 665 -152 132 -26.23 -41.58 -123 -280 81 -14.22 -52.33 25 -300 60
66.58 -6.43 1033 -210 192 -26.14 -41.37 31 103 -223 -14.29 -52.35 -9 -675 173
66.71 -5.98 1189 -341 268 -26.10 -41.11 83 446 -401 -14.32 -52.32 73 -1101 218
66.75 -5.37 905 -362 168 -26.09 -40.66 148 954 -465 -14.55 -52.65 149 -998 25
66.77 -4.74 547 -348 103 -26.10 -40.00 369 1760 -750 -14.89 -53.41 84 -755 -32
66.74 -4.13 349 -334 81 -26.03 -39.38 1302 2600 -896 -15.16 -54.48 34 -416 -44
66.67 -3.57 98 -301 63 -26.25 -39.07 1536 3142 -1456 -15.31 -55.65 -2 -6 -47
66.59 -3.07 -204 -214 8 -26.31 -39.65 2077 1529 -1445 -15.42 -56.85 9 389 -71
66.41 -2.73 -600 -104 -33 -26.34 -41.07 -995 -1486 617 -15.46 -58.08 -83 854 -14
66.10 -2.71 -1011 156 -152 -26.40 -41.04 -2768 -2611 1783 -15.31 -59.18 -139 1678 33
65.67 -3.07 -1548 525 -408 -26.09 -40.22 -935 -1543 832 -14.97 -60.18 20 3158 -289
65.18 -3.88 -2089 825 -770 -25.88 -39.88 676 -279 -429 -14.60 -61.71 861 5193 -1207
64.90 -4.94 -1422 1178 -818 -25.99 -39.85 708 149 -687 -14.56 -64.45 1343 5995 -1257
65.69 -5.69 1963 5 853 -26.22 -39.79 281 16 -524 -14.00 -67.00 -1848 598 1128
65.95 -5.63 2603 -774 1427 -26.46 -39.56 -373 -173 -254 -13.09 -67.37 -851 -334 93
65.55 -5.09 1594 -672 603 -26.62 -39.07 -504 -202 -228 -12.70 -68.04 -230 -583 -253
