62.24 -6.61 -365 -240 -137 -25.84 -36.47 153 -211 -279 -12.40 -57.81 40 876 -966
62.51 -6.33 -193 -208 49 -25.80 -36.18 342 -262 -348 -12.69 -57.65 -1 954 -777
62.59 -6.12 -131 -145 186 -25.69 -36.25 652 -2 -1041 -12.97 -57.47 -45 991 -543
62.49 -5.97 -84 -74 226 -25.35 -37.20 -1137 -904 182 -13.27 -57.21 -152 950 -386
62.22 -5.87 -54 16 218 -24.96 -37.45 -580 -1019 -48 -13.55 -56.89 -234 544 -123
61.97 -5.71 118 122 178 -24.51 -37.66 -274 -795 -96 -13.72 -56.45 -142 39 142
61.79 -5.50 67 186 128 -24.15 -37.81 -23 -559 -78 -13.91 -55.81 2 -424 361
61.77 -5.20 57 302 18 -23.97 -37.86 -14 -564 91 -14.14 -55.16 36 -490 371
61.86 -4.89 64 330 33 -23.97 -37.83 64 -627 201 -14.34 -54.64 92 -260 240
62.01 -4.59 80 362 24 -24.11 -37.65 -39 -898 320 -14.54 -54.26 160 49 152
62.14 -4.36 -79 369 -59 -24.47 -37.07 -391 -1502 750 -14.72 -54.02 145 301 5
62.28 -4.20 -179 343 -120 -24.66 -37.64 821 -281 -871 -14.63 -53.82 55 -214 443
62.48 -4.00 18 309 -135 -24.83 -37.94 -43 -572 -143 -14.27 -53.48 194 -348 373
62.70 -3.76 405 278 -130 -25.14 -37.64 87 -182 -474 -14.15 -53.15 438 -284 241
62.94 -3.49 551 220 -75 -25.31 -37.46 531 240 -855 -14.33 -52.78 366 -155 231
63.11 -3.23 537 232 16 -25.44 -37.65 685 530 -1154 -14.57 -52.46 324 -68 272
63.29 -3.03 522 231 156 -25.54 -38.30 822 790 -1142 -14.83 -52.22 192 -31 295
63.42 -2.90 420 139 276 -25.71 -39.20 622 976 -1008 -15.07 -52.08 -31 -38 247
63.49 -2.79 54 91 256 -25.90 -39.94 -318 440 112 -15.25 -51.98 -174 54 158
63.64 -2.76 -337 58 188 -26.30 -39.69 -488 248 269 -15.30 -51.89 -216 115 128
