66.71 -2.93 109 74 161 -27.64 -40.41 165 102 -88 -15.56 -53.12 40 124 245
66.71 -2.87 125 61 166 -27.59 -40.51 160 83 -115 -15.48 -53.22 7 102 180
66.73 -2.84 105 -25 186 -27.55 -40.59 128 80 -160 -15.40 -53.35 9 37 82
66.74 -2.85 138 -87 188 -27.49 -40.68 111 83 -162 -15.36 -53.50 51 10 46
66.73 -2.88 199 -102 194 -27.40 -40.77 68 43 -143 -15.36 -53.63 107 63 76
66.70 -2.85 148 -4 85 -27.29 -40.93 195 -34 -217 -15.39 -53.76 165 111 141
66.72 -2.77 43 162 -77 -27.17 -41.24 131 -59 -195 -15.44 -53.91 174 186 220
66.78 -2.73 11 232 -51 -26.97 -41.60 31 37 -302 -15.47 -54.12 149 167 302
66.86 -2.78 88 205 100 -26.69 -41.92 -139 201 -308 -15.49 -54.43 89 142 353
66.81 -2.87 161 146 273 -26.33 -42.19 -122 278 -234 -15.61 -54.79 42 128 309
66.68 -2.95 312 75 357 -25.99 -42.41 -65 272 -136 -15.75 -55.25 -10 128 337
66.50 -2.96 328 104 332 -25.69 -42.57 28 233 -94 -15.86 -55.82 38 189 404
66.29 -2.94 427 228 316 -25.47 -42.66 48 238 -53 -15.65 -56.72 227 219 583
65.85 -2.94 108 321 131 -25.29 -42.73 61 289 34 -15.39 -57.77 -83 441 762
65.85 -2.94 108 321 131 -25.29 -42.73 61 289 34 -15.39 -57.77 -83 441 762
64.55 -3.57 -293 230 67 -24.70 -35.44 750 -17 -1458 -14.47 -59.71 -19 331 251
63.78 -3.91 297 -118 370 -24.21 -36.63 -1148 -1310 475 -14.35 -60.56 -83 203 -85
62.91 -3.99 789 -259 309 -23.68 -37.04 -217 -1187 159 -14.26 -61.32 -45 -59 -30
62.11 -3.86 626 -149 -143 -23.34 -37.42 106 -1049 95 -13.84 -61.95 229 49 95
61.29 -3.91 -79 1 -645 -23.23 -37.65 387 -870 -38 -13.39 -62.36 202 405 -67
