64.31 -2.82 193 -8 41 -27.10 -42.51 -16 201 62 -17.68 -51.75 70 8 -43
64.31 -2.80 225 -54 79 -27.08 -42.60 -63 174 183 -17.75 -51.77 55 13 -30
64.31 -2.78 213 -70 100 -27.23 -42.04 -742 -124 762 -17.82 -51.80 58 45 -8
64.30 -2.73 148 -19 38 -27.39 -41.05 -292 111 319 -17.89 -51.83 49 80 6
64.33 -2.69 102 22 16 -27.43 -40.39 55 392 -244 -17.95 -51.90 10 71 21
64.37 -2.69 139 17 79 -27.46 -39.88 -27 421 -420 -18.00 -51.97 -8 37 53
64.40 -2.68 196 33 141 -27.39 -39.38 236 562 -477 -18.06 -52.04 7 55 118
64.41 -2.64 236 70 172 -27.35 -38.75 659 773 -559 -18.14 -52.08 58 59 176
64.39 -2.58 232 110 172 -27.39 -38.19 526 831 -469 -18.25 -52.18 76 63 193
64.39 -2.52 258 121 156 -27.52 -37.44 233 645 -288 -18.33 -52.37 139 231 301
64.33 -2.48 84 133 151 -27.65 -36.63 -273 311 -287 -18.40 -52.65 71 206 369
64.15 -2.60 -190 187 154 -27.63 -35.90 -500 -38 -151 -18.50 -53.03 -248 162 379
64.04 -2.81 -107 110 312 -27.51 -35.14 -537 -222 -89 -18.43 -53.56 -220 277 163
63.89 -2.92 28 83 322 -27.26 -34.36 -486 -203 -220 -18.20 -54.53 -174 174 363
63.72 -2.87 292 103 254 -26.89 -33.43 330 256 -672 -17.69 -55.58 155 135 452
63.43 -2.78 300 180 40 -26.53 -32.96 1740 1194 -1786 -17.06 -56.61 247 104 707
63.03 -2.81 196 194 -49 -26.03 -34.22 2614 1421 -2238 -16.39 -57.35 145 132 688
62.42 -3.09 89 130 56 -26.17 -35.47 1631 301 -1191 -15.96 -57.81 -225 194 447
61.63 -3.45 283 -5 255 -26.06 -36.24 -78 -1457 708 -15.68 -58.17 -411 130 176
60.77 -3.63 269 83 123 -25.81 -36.77 -340 -1344 198 -15.37 -58.61 -398 -167 139
