63.45 -3.56 117 6 103 -28.79 -40.30 64 145 -121 -19.03 -49.33 12 58 -25
63.49 -3.57 164 1 104 -28.73 -40.35 68 129 -132 -19.00 -49.34 21 44 -32
63.52 -3.58 176 -12 85 -28.67 -40.41 58 120 -123 -18.98 -49.35 -3 47 -49
63.55 -3.59 162 -39 95 -28.59 -40.44 30 125 -101 -18.94 -49.36 -34 52 -42
63.57 -3.58 131 -40 104 -28.51 -40.43 89 84 29 -18.88 -49.37 -59 64 -31
63.59 -3.55 119 -9 97 -28.52 -40.32 51 53 107 -18.79 -49.39 -69 74 10
63.63 -3.54 138 11 102 -28.58 -40.24 22 -41 141 -18.69 -49.39 -15 53 21
63.66 -3.53 146 25 99 -28.79 -39.71 -721 -470 643 -18.61 -49.39 10 49 -2
63.66 -3.53 146 25 99 -28.79 -39.71 -721 -470 643 -18.61 -49.39 10 49 -2
63.68 -3.56 194 -44 128 -29.17 -37.98 248 111 -259 -18.47 -49.40 -8 22 -27
63.65 -3.59 166 -48 107 -29.44 -37.32 386 415 -750 -18.40 -49.40 -41 -24 16
63.62 -3.61 168 -37 89 -29.55 -36.85 447 310 -658 -18.31 -49.43 -30 -56 67
63.60 -3.63 149 -19 81 -29.71 -36.28 376 -22 -345 -18.21 -49.51 -33 -46 92
63.60 -3.66 201 26 64 -29.97 -35.51 227 -82 -326 -18.12 -49.65 137 -112 43
63.59 -3.67 240 51 79 -30.26 -34.86 549 461 -929 -18.06 -49.97 -9 -322 359
63.58 -3.69 334 12 106 -30.37 -35.10 1967 1805 -2257 -17.96 -50.12 -39 -210 214
63.48 -3.76 290 -108 225 -30.10 -37.68 2881 2918 -3239 -17.91 -50.38 -63 43 116
63.30 -3.82 276 -176 267 -29.86 -39.56 1741 1164 -679 -17.80 -50.71 98 211 57
63.09 -3.87 52 -173 204 -29.92 -40.36 -539 -833 999 -17.68 -51.09 212 108 82
62.82 -3.91 -65 -50 52 -29.78 -40.93 -440 -835 563 -17.64 -51.40 160 -206 184
