63.54 -3.87 322 -77 151 -29.64 -39.50 59 136 -143 -16.85 -48.40 -109 19 168
63.48 -3.83 98 -102 162 -29.60 -39.54 61 147 -164 -16.60 -47.95 -164 747 -182
63.34 -3.90 -197 57 33 -29.54 -39.58 50 154 -170 -16.19 -47.60 247 1727 -814
63.10 -4.17 -487 246 -132 -29.46 -39.64 52 160 -157 -15.79 -47.70 252 2132 -1323
62.85 -4.60 -984 436 -361 -29.39 -39.70 59 120 -137 -15.80 -48.28 -470 373 -600
62.47 -5.32 -1254 575 -499 -29.33 -39.73 84 98 -124 -15.91 -48.65 -738 -1034 336
62.47 -6.11 544 212 333 -29.28 -39.76 95 80 -136 -15.77 -48.62 -438 -839 188
62.69 -6.39 1547 -384 959 -29.26 -39.76 55 56 -127 -15.67 -48.54 -55 -465 -84
62.45 -6.28 970 -424 578 -29.21 -39.74 49 41 -76 -15.68 -48.46 217 -368 -161
62.31 -6.10 536 -352 169 -29.21 -39.66 19 18 13 -15.76 -48.36 125 -373 -142
62.25 -5.94 543 -271 -69 -29.20 -39.48 -143 -214 388 -15.79 -48.27 169 -290 -173
62.28 -5.72 607 -202 -125 -29.28 -38.90 -297 -497 603 -15.87 -48.24 111 -77 -245
62.41 -5.47 549 -162 -71 -29.37 -38.23 -85 -445 430 -16.00 -48.21 -76 181 -348
62.55 -5.14 395 -157 20 -29.53 -37.48 75 -226 107 -16.20 -48.26 -112 143 -62
62.68 -4.83 216 -203 117 -29.79 -36.69 151 179 -338 -15.91 -48.26 177 896 -403
62.81 -4.57 196 -216 273 -30.07 -36.04 803 1143 -1504 -15.78 -48.44 227 921 -290
62.74 -4.34 -826 89 -166 -30.22 -36.61 2557 3153 -3778 -15.56 -48.59 155 478 37
62.79 -4.38 -692 285 -252 -29.71 -39.76 1379 2140 -2078 -15.42 -48.68 30 20 176
62.92 -4.58 -323 270 -64 -29.57 -41.09 -1226 -644 1022 -15.34 -48.76 -66 -187 172
63.01 -4.73 126 171 91 -29.55 -41.56 -780 -1072 715 -15.33 -48.86 -59 -126 73
