63.61 -4.25 158 -18 79 -29.65 -39.35 79 145 -131 -17.22 -49.09 -2 46 -38
63.62 -4.26 198 -19 84 -29.65 -39.33 85 127 -149 -17.22 -49.12 -12 49 -34
63.61 -4.27 192 -21 95 -29.64 -39.33 67 118 -130 -17.21 -49.18 -32 34 -7
63.60 -4.28 126 -6 93 -29.60 -39.38 127 97 -107 -17.20 -49.25 -16 -3 49
63.60 -4.28 126 -6 93 -29.60 -39.38 127 97 -107 -17.20 -49.25 -16 -3 49
63.60 -4.28 126 -6 93 -29.60 -39.38 127 97 -107 -17.20 -49.25 -16 -3 49
63.62 -4.33 180 -16 120 -29.64 -39.43 89 150 -158 -17.16 -49.44 42 68 -17
63.60 -4.35 193 6 76 -29.62 -39.46 67 107 -104 -17.14 -49.59 1 39 8
63.59 -4.37 159 4 70 -29.62 -39.43 49 18 20 -17.11 -49.74 -11 54 10
63.58 -4.39 128 1 73 -29.68 -39.29 -226 -170 251 -17.09 -49.90 -26 23 5
63.58 -4.41 98 -6 92 -29.80 -38.61 -267 -384 475 -17.06 -50.05 -30 21 11
63.58 -4.45 136 -13 89 -29.90 -38.09 204 -36 -58 -17.04 -50.18 14 52 -4
63.58 -4.48 202 -46 99 -29.97 -37.76 249 -7 -100 -17.05 -50.27 7 89 -8
63.57 -4.50 215 -37 75 -30.13 -37.29 53 113 -242 -17.05 -50.33 -16 106 -10
63.56 -4.51 171 -32 56 -30.30 -36.76 386 679 -868 -17.03 -50.35 -37 85 -8
63.55 -4.53 114 -5 38 -30.52 -36.51 1794 1987 -2190 -17.00 -50.36 -5 23 -3
63.55 -4.56 101 5 59 -30.57 -38.14 1210 2079 -2242 -17.02 -50.34 33 7 -33
63.57 -4.60 174 -21 121 -30.59 -38.72 1785 1319 -980 -17.08 -50.29 101 -32 4
63.56 -4.62 255 -52 138 -30.56 -39.36 -891 -1217 1050 -17.16 -50.19 90 -227 149
63.54 -4.61 248 -60 98 -30.34 -39.60 -548 -1001 533 -17.14 -50.01 141 -341 200
