63.81 -3.97 160 -3 68 -29.51 -39.59 87 134 -142 -17.36 -49.41 -37 42 -35
63.82 -3.97 148 -20 87 -29.46 -39.63 89 120 -129 -17.31 -49.42 -44 53 -19
63.82 -3.97 148 -20 87 -29.46 -39.63 89 120 -129 -17.31 -49.42 -44 53 -19
63.86 -3.94 110 -31 127 -29.26 -39.95 101 77 -6 -17.20 -49.46 33 48 -20
63.88 -3.93 163 -32 133 -29.19 -40.12 73 84 40 -17.18 -49.46 9 42 -34
63.90 -3.92 210 -20 92 -29.10 -40.33 57 74 49 -17.15 -49.48 -19 50 -41
63.92 -3.90 206 -19 66 -28.99 -40.61 96 -24 122 -17.10 -49.50 -25 47 -31
63.94 -3.89 149 -15 74 -28.84 -41.09 129 -242 251 -17.04 -49.53 -12 47 -29
63.96 -3.88 105 -18 99 -28.61 -41.94 82 -632 586 -16.99 -49.55 1 38 -31
63.97 -3.87 111 -11 97 -28.40 -42.87 -469 -1120 901 -16.95 -49.57 22 23 -49
64.02 -3.87 139 -22 103 -28.10 -43.72 -462 -1365 969 -16.94 -49.58 25 -8 -26
64.04 -3.88 210 -59 139 -27.86 -44.84 -339 -1172 671 -16.95 -49.59 31 -25 -12
64.05 -3.85 252 -49 120 -27.60 -46.35 -60 -392 101 -16.94 -49.59 34 -27 5
64.05 -3.85 252 -49 120 -27.60 -46.35 -60 -392 101 -16.94 -49.59 34 -27 5
64.08 -3.77 248 -8 76 -26.52 -50.09 618 2136 -930 -16.94 -49.59 -40 -139 -14
64.09 -3.73 197 7 60 -25.57 -52.34 1882 4476 -1816 -16.99 -49.56 -38 -556 189
64.11 -3.68 276 -45 137 -24.18 -55.85 2967 6124 -1990 -17.07 -49.41 -40 -888 230
64.11 -3.60 484 -125 212 -22.46 -60.23 774 4561 -696 -17.39 -49.16 34 -1144 285
64.13 -3.39 754 -189 251 -21.57 -61.78 -1095 658 2209 -17.82 -48.83 25 -1495 408
64.23 -3.03 1122 -234 287 -21.35 -62.59 -874 120 768 -18.29 -48.37 -64 -1563 452
