60.65 -0.89 819 -128 199 -28.01 -42.51 72 131 -119 -17.34 -49.64 433 -200 50
60.80 -0.42 886 -97 161 -28.00 -42.51 73 117 -119 -17.41 -49.81 343 651 -177
60.93 0.13 775 -98 132 -27.98 -42.51 83 115 -122 -17.34 -50.02 265 1433 -257
60.95 0.73 547 30 -41 -27.97 -42.51 111 101 -110 -17.23 -50.31 283 1656 -243
60.88 1.20 136 58 -119 -27.99 -42.51 115 117 -111 -17.10 -50.59 -99 1315 -281
60.71 1.45 -517 231 -270 -28.01 -42.51 72 97 -124 -17.22 -50.71 -581 291 213
60.49 1.30 -814 256 -210 -27.99 -42.52 61 38 -109 -17.19 -50.68 -919 -260 368
60.25 0.96 -1034 149 -85 -27.97 -42.53 169 2 -38 -17.03 -50.52 -710 -447 294
60.15 0.57 -508 -89 382 -27.93 -42.77 162 -95 65 -16.86 -50.25 -334 -541 119
60.05 0.37 -181 -337 673 -27.79 -43.29 96 -229 161 -16.76 -49.94 -46 -498 -59
59.91 0.38 13 -450 587 -27.49 -44.39 271 -325 273 -16.81 -49.62 78 -382 -181
59.83 0.51 138 -460 318 -27.19 -45.84 134 -286 195 -17.01 -49.33 -1 -251 -187
59.83 0.51 138 -460 318 -27.19 -45.84 134 -286 195 -17.01 -49.33 -1 -251 -187
59.69 0.88 322 -444 -46 -25.82 -50.33 287 -339 732 -17.52 -48.82 -166 202 116
59.65 1.11 228 -383 -48 -25.25 -52.63 693 567 168 -17.49 -48.43 -106 941 -231
59.58 1.33 -25 -236 -14 -24.47 -55.60 1159 1857 -281 -17.52 -48.26 -25 1333 -458
59.50 1.44 -133 -133 172 -24.03 -57.80 -167 1623 92 -17.45 -48.30 -46 978 -216
59.32 1.52 -797 254 -242 -23.32 -59.79 1995 4066 -1315 -17.12 -48.33 -93 557 -7
59.32 1.29 -1061 361 -287 -22.66 -61.53 -493 1415 632 -16.59 -48.36 20 376 -99
59.46 0.89 -892 398 -217 -22.31 -62.44 -721 691 443 -16.17 -48.37 49 60 -69
