61.09 -2.74 198 -14 91 -27.54 -43.06 90 -58 115 -15.67 -49.26 -24 50 -21
61.10 -2.73 180 -16 93 -27.34 -43.87 162 23 149 -15.66 -49.27 5 40 -23
61.09 -2.72 125 -16 105 -27.09 -44.93 207 71 183 -15.66 -49.28 6 33 -15
61.09 -2.71 144 -23 112 -26.81 -46.12 130 198 174 -15.64 -49.29 13 -6 -15
61.10 -2.70 185 -19 101 -26.45 -47.50 66 348 -4 -15.63 -49.30 -4 -14 -29
61.10 -2.70 185 -19 101 -26.45 -47.50 66 348 -4 -15.63 -49.30 -4 -14 -29
61.12 -2.65 155 -19 87 -25.67 -50.17 110 513 -4 -15.62 -49.36 6 -61 -38
61.13 -2.63 161 -26 101 -25.35 -51.23 37 451 112 -15.66 -49.42 52 -107 -4
61.17 -2.58 210 -32 107 -25.16 -52.14 -139 213 59 -15.80 -49.44 97 -222 41
61.20 -2.51 283 -28 121 -24.90 -53.24 -98 -87 84 -16.01 -49.44 200 -115 -117
61.28 -2.40 388 -31 117 -24.70 -54.07 -292 -883 543 -16.21 -49.68 191 -5 -107
61.33 -2.26 490 -73 168 -24.85 -54.08 -718 -1616 825 -16.43 -49.80 31 -114 128
61.37 -2.06 547 -81 170 -25.07 -53.79 -363 -971 322 -16.56 -49.84 29 -106 113
61.38 -1.81 414 -9 39 -25.15 -53.76 286 559 -418 -16.64 -49.87 40 -76 120
61.46 -1.58 242 -16 -6 -24.95 -54.32 1261 2390 -1088 -16.71 -49.88 -18 29 65
61.49 -1.45 191 -52 60 -24.35 -56.12 2642 5055 -2117 -16.76 -49.87 -32 143 27
61.52 -1.28 200 -81 131 -23.04 -59.63 2043 5742 -2097 -16.77 -49.84 -54 -36 91
61.52 -1.08 53 -101 131 -21.93 -61.94 -2433 663 2280 -16.79 -49.72 -132 -605 312
61.51 -0.93 -20 -116 129 -21.63 -62.67 -1255 299 1042 -16.83 -49.36 -142 -1180 483
61.51 -0.79 -51 -101 95 -21.19 -63.59 -743 -227 306 -17.01 -48.80 -97 -1289 379
